[1979, [6, 5]]
[1979, [7, 4, 6, 5]]
[2009, [4, 7, 5, 6]]
[2010, [4, 6, 5, 7]]
[2010, [5, 6]]
[2525, [7, 5, 4]]
[2526, [6, 4, 5]]
[2526, [6, 5, 4]]
[2527, [7, 4, 5]]
[2528, [4, 7, 5]]
[2529, [4, 6, 5]]
[2530, [5, 7, 4]]
[2533, [4, 5, 7]]
[2554, [5, 6, 4]]
[2556, [5, 4, 7]]
[2557, [4, 5, 6]]
[2557, [5, 4, 6]]
[3299, [6, 5, 7, 4]]
[3299, [7, 4]]
[3323, [7, 5, 6, 4]]
[3330, [4, 7]]
[3330, [5, 7, 4, 6]]
[3330, [6, 7, 4, 5]]
[3330, [6, 7, 5, 4]]
[3338, [7, 5]]
[3344, [6, 4]]
[3344, [6, 4, 7, 5]]
[3345, [7, 6, 4, 5]]
[3345, [7, 6, 5, 4]]
[3347, [7, 6, 4]]
[3347, [7, 6, 5]]
[3348, [5, 7]]
[3353, [6, 7, 4]]
[3353, [6, 7, 5]]
[3354, [4, 6]]
[3354, [5, 6, 4, 7]]
[3414, [6, 4, 7]]
[3414, [6, 5, 7]]
[3416, [6, 4, 5, 7]]
[3416, [6, 5, 4, 7]]
[3420, [7, 4, 6]]
[3420, [7, 5, 6]]
[3422, [7, 4, 5, 6]]
[3422, [7, 5, 4, 6]]
[3437, [6, 7]]
[3437, [7]]
[3443, [6]]
[3443, [7, 6]]
[3446, [4, 7, 6]]
[3446, [4, 7, 6, 5]]
[3446, [5, 7, 6]]
[3446, [5, 7, 6, 4]]
[3448, [4, 5, 7, 6]]
[3448, [5, 4, 7, 6]]
[3452, [4, 6, 7]]
[3452, [4, 6, 7, 5]]
[3452, [5, 6, 7]]
[3452, [5, 6, 7, 4]]
[3454, [4, 5, 6, 7]]
[3454, [5, 4, 6, 7]]
[3644, [5]]
[3647, [4, 5]]
[3650, [4]]
[3650, [5, 4]]
