210462
212480
221764
234115
225612
213147
226463
201529
245487
199771
222837
226696
228573
231467
217584
219381
204388
221255
205510
223324
208157
213803
213191
223099
216168
228013
225713
220336
208289
210197
220351
227974
230133
219713
215111
213089
225127
226746
219733
224168
230352
228245
210075
217143
239680
224033
225211
233626
233845
216008
237356
210003
213229
218267
221133
210116
217932
215549
209228
203755
228591
224817
225231
220239
222254
223463
220009
227177
230567
228857
227703
224574
230363
230065
217051
228490
222902
232763
217148
218251
218699
203802
213609
208712
220734
212840
205528
232757
209575
216162
209857
218793
220474
238046
213834
231344
214741
222745
229037
236902
228078
229166
234257
214496
208464
213848
200442
229633
211436
202589
213409
211188
222800
215322
227791
230049
227916
220386
214333
220424
209947
213897
195263
230307
210981
222705
223542
207050
230152
223383
213403
208516
228012
206608
212330
214221
224921
210631
219308
214909
221618
220242
216726
208262
210939
212791
217298
212558
231629
220761
219732
210091
237355
221391
207867
207565
204520
226477
219052
211145
215117
223413
211626
216896
241040
207728
215737
212080
237767
228519
207455
223533
219565
209195
213426
229037
216059
221849
215245
227598
228390
199743
198316
239953
214233
228159
222734
211749
238761
209726
221052
237789
210849
223464
218015
216344
228688
205862
213714
227151
232660
219848
224992
214359
218368
220882
213371
210750
216633
235751
226514
214085
233867
224329
234360
219656
224539
202545
216827
211476
215071
216175
227698
236351
221932
222440
210794
219435
218444
208147
222611
222114
223612
218047
213063
204975
224946
218099
229944
218656
208565
207250
204030
219834
208547
215360
217046
216868
199788
224966
222988
225371
215303
216756
229017
221909
219237
217062
226693
218855
222986
205488
219996
207991
223164
212995
231135
223966
204699
229532
211406
221191
213835
219530
225152
225788
215179
225226
223066
224816
218358
214064
203440
223132
218482
215741
218281
210402
217951
205387
217078
211250
228418
266911
268007
219219
217855
218622
218790
211111
215252
213560
229899
212853
201464
216435
222239
224288
217116
213776
217262
193821
212305
210718
218175
218614
234807
207166
206256
226134
217977
218786
235326
219661
232851
209181
219549
227909
224278
229430
205723
215793
211302
216578
213457
217936
220194
208537
218706
216641
212496
206890
226580
215905
210698
216836
210790
206914
200362
220347
215689
219315
214734
211468
212082
218909
216130
221944
215754
214142
221812
211445
220706
202705
192049
216195
230487
210478
214035
230747
208141
210287
213345
213706
217624
223703
199591
224155
197705
199509
214724
225597
233255
213202
220418
232070
212951
205188
213250
235029
210887
215821
211792
216623
210643
207986
225330
215613
213867
218313
230143
224586
205107
214927
213268
206757
215914
206641
204030
197870
217854
207651
216414
209915
202825
228728
200422
226294
220252
215342
219137
216787
217973
223348
201071
211232
208895
212533
223107
211492
211873
217447
222247
212662
208653
219720
231593
230514
207371
221581
221515
211448
201470
211724
227236
210115
212720
224987
218295
219336
217732
205302
205927
219911
213628
204278
211072
218478
215442
225251
219056
205365
215035
212315
206288
203177
223212
232056
213983
213727
219330
219915
220704
208116
204611
212763
213297
201537
213350
224727
216283
216159
214625
225109
215105
210412
225899
216011
208410
208874
220870
206145
214949
210561
219783
217469
219182
212931
232484
225523
210014
226920
219540
220640
203913
221019
216773
205585
203162
211199
218690
214949
217976
208044
204257
222720
210788
226555
216003
218320
220992
207038
221739
219920
214830
206311
213342
217807
224901
209466
222427
212413
210750
221871
208559
219437
223977
213376
217378
206984
222217
214510
202131
212899
216465
222315
199380
217863
218335
201588
217317
232423
230739
213259
229839
200823
210546
206821
201732
198576
226962
209059
213511
213651
222601
203949
212076
208053
218678
226973
224867
209645
224265
208179
216109
211637
210650
218936
204814
218288
205791
204514
214926
214919
223537
215455
217556
200686
217073
201577
219510
214425
211038
200340
215534
224192
220464
218105
206693
205997
216157
204303
215057
225002
208273
222291
211668
223399
214764
218218
191225
210404
204958
212520
228771
214630
215027
212013
232359
220602
211092
224842
204772
208609
206257
213430
210176
195856
215234
223008
204184
219471
220509
199080
218105
221169
204605
218099
216518
220283
210391
215933
218210
209703
218244
217117
233723
208842
200945
213645
207530
221008
211919
207547
213432
225662
209086
205852
200138
212851
210783
199637
225272
194894
210018
216585
203492
192504
211277
213158
231201
204800
216185
222815
206127
205353
213083
206314
223444
211257
208591
212295
222280
221515
217955
216086
197405
201462
217497
232370
223791
216352
208219
207272
218419
201472
216631
207438
212877
199668
221503
211333
211678
221347
213528
224760
204224
214495
213076
217403
200556
217138
211265
216888
200603
211229
206992
214971
214120
200745
208777
218329
213233
209783
207193
208217
217338
211881
225026
203862
226877
213130
212658
212498
212127
199369
217751
206182
213632
225958
206031
231202
201021
212605
218842
208448
211932
221303
195049
215458
200052
213982
203033
208145
216189
224656
217118
202584
214845
208026
213492
214943
226944
207234
206293
207057
206685
214932
210576
207369
211230
208302
198535
209081
220367
199290
211195
204313
199665
213527
211840
213286
209502
195088
210977
207489
199826
216741
224585
206445
222108
212225
218103
198691
214497
219748
205761
215106
206893
208684
209499
213291
212148
210336
211073
214760
218049
210799
209809
203864
220469
214489
214649
221812
205837
204870
207720
218223
212503
199831
206907
220808
200286
218782
189124
209017
217067
199347
207271
210599
206147
210499
201377
188872
220980
223142
195932
208583
219088
206455
204243
197212
218692
212535
207190
226984
206683
207796
224211
209074
215189
216288
208412
207955
219998
194299
206803
219756
204072
203750
203749
211685
211035
219601
214874
204238
217036
200500
201006
209552
201470
209533
207819
211237
209461
210240
212242
206552
195965
205243
217734
213972
215020
217269
209267
223759
206348
214361
204779
212267
221500
206284
203969
213385
201204
206543
197041
201114
200633
200436
212442
198966
209285
207012
193476
203171
207085
217865
207975
205554
208826
210386
219269
217261
212399
215961
200425
210053
212186
193529
210237
201730
202437
210160
200071
210887
223646
205490
207269
228937
215306
194914
210814
221061
207495
202423
202807
214578
206378
201076
218762
203061
209441
219434
202582
206642
196460
218338
199753
194419
201695
211601
205824
222804
221399
204594
219936
196195
211331
199931
207380
209450
212698
209922
203929
202611
201269
217308
213159
208261
218601
217039
220042
212080
201608
195833
210542
212245
211787
201340
205559
222171
212930
211402
216672
213406
201893
209064
221025
193635
212122
219549
196859
207734
198806
205252
210215
204037
209153
200698
214783
209011
211445
212648
199026
210589
195048
215195
213301
225369
207538
190886
222746
203372
203095
211317
201335
218773
204964
228215
208663
206067
204508
217483
215488
218865
210800
204294
203887
206035
200376
194905
209413
200254
202338
218221
204913
204916
208242
192304
204728
195509
229221
206004
213459
208302
196845
215846
200551
211107
203177
201804
217277
198272
222866
209052
207390
204324
204279
208358
207884
206363
192025
214898
204840
208885
204922
202450
215469
187392
224668
206966
216393
208133
226946
226612
203127
211055
206043
217709
210290
211113
211768
222121
202411
190955
199685
215910
219329
212417
211205
198821
218402
195349
211605
200463
209576
189525
205146
216167
206947
213609
201043
195911
207189
196755
210211
206854
196489
203941
211177
214696
212691
200808
212555
198536
200547
211610
200331
223587
213960
203165
209032
203546
216540
200541
196448
199918
217845
196764
214119
190847
219176
201893
202328
212721
201433
208103
189168
210640
189573
206484
201814
199576
196416
195057
212050
201065
185027
202266
205837
218636
203664
204312
218601
201985
206026
213645
229122
213269
213293
231793
227964
227457
210278
232687
214977
202603
230022
209637
207961
214886
225602
201050
212512
200565
214382
215045
204867
201701
198517
211844
202545
215345
229436
211348
212446
206911
213496
206352
205088
208837
207253
213624
206606
205923
195884
192701
216626
221711
202580
224911
204495
216151
209262
219994
211631
199468
220138
190245
220755
206627
202647
207435
196097
221617
202388
205449
197150
215781
208575
203986
208607
195222
208588
208670
193923
218417
215058
195337
200269
204716
212579
203454
214220
209616
201220
204250
214753
194740
210583
204240
200951
208084
217816
212505
195100
218417
205334
194430
213426
208587
200621
199793
215493
212780
201686
205072
189931
222570
210304
202469
206685
207265
205542
198265
210919
209395
214504
207879
200125
216315
212231
205188
205190
222037
189615
198336
206067
205762
212198
202594
191874
198173
201426
201838
207961
197559
200970
197088
194302
207375
192538
205414
187282
226195
202147
198675
200179
197394
207749
199793
221953
208144
203039
219515
196525
197371
209125
205537
213098
220042
203685
194038
206524
203577
210876
214909
206820
197645
216244
215781
207617
202394
206121
214036
210427
203525
196141
198957
230456
210187
214205
212171
201608
199474
206107
205140
211191
211997
200415
211473
204056
203999
211244
209856
197202
198399
215408
217028
200574
216665
191821
208754
220124
198527
193101
212763
208061
209315
201362
205480
224350
207383
223813
203626
206870
189444
207531
201427
209748
216660
215455
212412
197166
205822
211464
215465
196371
204367
205539
207072
201870
202824
196572
199298
203986
211788
205184
215150
223442
194710
195939
215545
204451
210940
196585
207522
192824
197670
204909
204127
201985
201885
205106
201055
204722
206687
196413
209197
201921
197692
189929
206311
212154
205791
222875
195994
196707
201263
210363
199763
175301
190407
200755
215965
214287
192434
201081
206317
200108
201634
195981
214643
207402
193984
218175
215938
188314
198731
222918
198891
216246
200547
204387
222421
200923
199017
208120
196459
208183
212751
187623
212932
211486
196201
222967
200033
190244
193574
193500
204241
215381
208640
211657
208436
192751
214030
202301
221846
196071
205062
202017
207244
211806
193042
205313
220927
191361
214557
212881
203535
202230
199911
213199
208874
219927
196229
205235
202062
227422
204306
196965
234241
207133
210050
211069
200202
194955
219395
199818
204340
222780
194623
210899
191301
207983
191531
207097
196303
195721
208558
210179
189056
208958
201343
219144
206551
220427
205852
202217
204304
198128
212147
213152
205611
204274
211367
195680
213631
196802
204890
203646
199358
197247
206437
208611
214123
206972
215552
216767
187946
199300
200884
204251
199289
212095
203854
202928
209767
204586
210803
194650
205561
202996
206664
195794
193095
217142
213807
189496
202242
202072
202961
210105
204627
210519
202473
204484
209403
198042
208145
208630
208196
205884
206128
209209
207029
197275
205370
202503
202191
202191
210939
202863
205479
202555
193787
197845
205385
200048
206638
199926
227257
209678
203987
206141
204722
207711
205994
193607
209228
199013
204218
209245
194541
210090
199313
205225
205006
194291
219370
218705
216823
206534
190531
188734
206338
207329
208486
200345
207389
206999
211877
198362
221350
202276
198685
215729
198335
211374
192853
208195
199310
208694
204938
200628
214051
212795
203722
204432
200748
210220
207618
206276
216010
195665
222098
208452
229902
215128
223402
207258
199661
199640
193324
195718
212962
214856
217326
214900
219719
207219
212797
197380
211576
191981
213581
208562
209582
190419
200350
212840
217905
196730
200630
207126
209840
214036
200322
209962
211111
222536
212217
205055
216702
212862
207584
213705
201154
210034
202895
214717
207413
199207
210891
217784
197301
211324
199846
207493
203618
201980
195916
201838
205219
210673
203159
193756
198901
208684
211839
209719
212621
203692
206806
218043
200161
208513
219050
205256
225194
203411
194937
222974
203090
212119
218370
210241
206489
204175
195252
200928
205247
204116
210740
230064
205299
211152
209901
207182
209397
191797
201992
191695
198563
197492
206934
215977
200576
211954
216207
200628
204070
199005
201271
193460
209071
192215
198337
213691
210248
213810
206155
193526
196941
208133
208384
205135
211762
201396
196351
206119
196677
204548
205014
189505
199641
211323
205570
193000
188057
197499
211102
194020
196152
198864
193976
221488
195364
193118
193270
204459
200569
193791
191856
205390
195134
201272
203970
203183
206252
201907
196999
201438
200217
189550
196342
205453
193610
205439
198426
208225
203703
197180
204956
193053
200400
207792
224965
215437
215655
192465
204413
205250
201639
195152
198150
208029
206758
202609
192630
194927
206616
194016
203978
202012
198230
200766
190928
198689
201154
212500
180302
201778
204052
191488
206367
185752
199208
192122
191591
214036
202438
210766
186770
198391
187581
196350
212715
201077
214142
200730
198910
199098
200290
199164
191418
207682
195390
196636
207024
196492
202954
206691
209115
191892
200398
207086
202288
202799
202796
203570
203436
197667
202785
200300
198673
208151
194822
206292
217216
212630
197213
200840
208984
197643
204673
205582
205004
196340
232138
202462
195908
199133
193702
191835
191969
195818
190367
206827
204399
210077
204334
204150
204010
211487
209501
197300
191500
205926
187022
203113
193182
198532
211193
219114
195345
190319
200197
190003
203596
200426
192670
192102
210525
215426
197182
221160
191057
215954
202508
195550
206464
201423
193959
202712
177046
190696
207064
207389
193612
203283
192397
205496
195880
199988
193941
203132
193181
202466
200164
198799
202860
207524
183456
196065
200105
184611
214095
211349
204625
207431
199972
194929
219068
198521
195229
196080
197384
201117
207315
211550
202421
200387
190924
192132
208865
199342
202314
199026
207660
206782
194203
193442
211372
186233
198326
187098
197331
194891
199374
192421
189137
194973
187340
192638
198584
186973
203427
192634
201387
198002
214995
199443
198758
199959
205951
193766
213728
210223
208438
207608
188817
195454
205448
197863
199565
208191
204005
200284
202306
194793
195893
200065
183830
194243
205516
203786
192148
192549
209829
202756
181605
211924
216549
196468
199457
192239
204290
190139
205180
198574
194884
201338
189628
203096
208528
201743
198523
186903
198460
207429
189512
191044
195596
187705
199598
204266
206142
201409
204515
205788
196123
192463
203331
200161
203290
182124
202416
184365
203695
211319
203466
217201
205056
204637
214329
196248
198962
217536
197121
200819
211281
202657
193302
186713
227024
186318
199126
193405
194963
192403
184111
198310
203874
190484
187160
207715
205277
205638
198314
195158
199351
199249
187776
206444
203864
213158
205348
204589
214427
184249
189727
200320
201608
198447
200662
202432
184401
204850
218907
196420
204922
198424
193727
197251
199523
208111
192766
206345
186156
202965
196378
199958
203193
208451
198704
198136
202474
191765
199609
196805
184269
192661
195668
186577
202726
191131
190979
194071
208575
209974
191765
199513
197419
199930
202975
201947
198996
192849
194316
198538
198109
205733
216618
201630
194924
208812
199525
184222
190414
195708
197283
212122
192593
203686
208071
193589
194965
201745
200111
189369
198329
196014
207633
204525
196216
186267
184253
195957
198997
201641
195651
196591
196041
200053
202819
194838
187177
203975
195288
201820
203045
211477
208002
206022
207146
205600
193290
203902
202393
208394
198068
225731
207430
184031
199323
195640
185266
200983
205568
194711
197901
192966
192974
221265
195132
210012
196431
197554
197335
205121
188436
212328
199985
202372
201611
202466
194642
204219
196515
198608
197382
192859
199852
207484
199738
206109
201186
193255
205373
204527
207520
201054
202308
195759
194638
205231
195323
190802
203947
199227
192658
195147
192127
185884
194203
183627
177799
185694
188712
211021
194380
202132
197045
193270
193345
196194
184361
188029
185565
189403
199231
188703
200332
185259
196840
198317
202737
197922
196299
187475
184214
194764
186885
189502
192276
205226
181699
184607
195196
187978
182306
194328
190075
183814
201021
206322
204086
193932
190037
191547
207175
193261
201768
196133
193460
192585
193554
196666
210383
195501
197467
186511
196929
203537
190998
184862
190084
205696
189649
191197
198620
207918
193708
185201
199267
213454
195547
201087
192690
200217
215524
200327
181995
200767
190607
198193
197368
190122
196023
191519
190364
202096
181158
193625
196247
190376
205359
194229
209922
200140
190607
202605
200370
191667
188312
198186
201009
182667
196585
207757
195435
193698
191353
189847
196306
195841
193090
183145
194782
205784
198702
188277
188946
197125
195494
195880
200407
191530
182877
198275
193324
197424
190510
196121
188480
212077
188996
195707
203688
188423
191713
185458
203274
191973
193030
196465
211615
197598
195519
190426
196981
201032
208098
208029
195491
202561
184110
204071
193753
196792
201413
184745
206634
191608
186063
195372
194210
195383
200301
205329
198924
203208
190492
202408
195640
191055
201801
193888
183320
181122
201123
184959
193815
189420
191761
204097
194402
210783
200036
203351
200374
190070
197576
187281
185347
206444
199477
187579
193912
178198
201802
214289
197874
200954
206886
197910
200069
204691
185713
189214
183119
195631
197796
192258
175746
190719
187201
186957
192560
193761
194021
186281
192789
190033
175801
183090
192509
207508
190189
189501
191583
179725
187267
199362
185722
197815
203552
199659
181995
188196
192945
184619
186573
191813
197842
191579
211965
201596
205620
194922
201261
191002
189232
195448
188971
200673
190489
174132
193098
192425
180905
180152
194521
191311
180528
194060
198154
189305
192158
200326
197282
192303
196708
193630
186178
196996
190068
196912
197815
196264
197159
186454
196901
192234
187632
191998
188085
185594
190383
191202
189548
183944
190513
198727
180029
209201
198602
188237
194433
180091
200487
195266
197858
192298
202480
197678
177928
178786
204185
199927
195376
189546
185283
185105
199625
212855
192644
190318
202592
202542
192041
195675
201145
187681
189169
190095
194585
195490
192325
191934
207269
200064
185716
187804
190845
207238
193145
197786
197726
193722
196168
194493
193478
202530
187566
188107
199964
197954
185943
195046
193719
194425
194889
188895
186866
188595
198109
198855
189493
190383
191431
199001
181956
197037
194518
186704
195962
192993
197827
204736
183966
194143
191347
186786
190783
190138
186154
186378
196708
185263
194120
196984
191835
185106
184002
185241
190662
181520
198877
200958
195373
190049
177025
189891
191884
205267
188548
189353
199272
176505
191293
188037
196790
195198
190300
198635
194185
196948
191384
190785
193501
195771
186583
181101
191771
188324
191972
177470
194471
195627
200285
191694
200451
186052
187972
188811
188203
186873
204911
197581
195938
184270
189058
209010
215855
195424
190505
201405
193211
185151
188649
193057
194630
197895
186072
187571
184668
182653
196040
197457
188516
194389
198203
189027
188085
184601
191497
198478
189540
189852
202284
189485
199389
199756
183786
176120
179274
193986
193512
187997
194283
186862
205161
184631
191633
186714
190093
178632
201908
196537
192166
182759
186545
198309
187550
178915
175085
195383
189791
193631
176264
186874
181191
190354
192213
188909
189250
190631
196826
193487
190506
183449
186871
185540
193692
185102
194883
185182
183901
202883
191117
190597
181635
194742
192153
185116
208500
190631
177876
176777
192980
183321
194352
186316
209056
191286
189526
181874
188388
174853
183385
196217
187425
188222
186182
187039
201310
197820
186347
200827
192067
192159
191144
188116
201472
195976
197929
192875
189455
184756
203404
191412
181362
195720
189598
189119
192159
186968
204066
201468
189658
190157
194049
184828
187228
201957
193355
195507
183673
178304
189959
192896
186830
195887
179612
195725
182536
207479
194615
202373
195325
183309
190615
181249
187396
184611
202949
199330
199807
192178
196076
186898
194737
187955
184662
188189
188204
201553
199835
198627
190514
184398
185487
192872
192147
194729
188235
183185
193051
202139
198552
197716
192960
188141
187078
180687
201400
192424
172248
188518
178444
209675
187742
190250
197562
179582
191163
178464
182463
195239
187537
193355
177899
185276
190664
204380
186673
190847
184423
200960
204246
197426
190930
195579
188380
183805
190005
193268
188539
194663
196461
183404
192478
181459
186375
173874
173004
194603
193981
199724
195197
189226
197634
187277
193783
183727
195128
192716
193037
192587
178285
175332
176004
178461
190824
198275
183209
199230
185589
191548
181067
173681
194454
188450
184435
189574
191310
192518
180957
193478
181556
195180
185255
189694
190680
182423
185197
188387
177333
196258
187366
181780
186726
186541
192639
182291
181857
197537
191715
189497
182196
176639
199937
176645
182607
182575
191927
191212
179108
178022
171644
187149
192659
195185
189958
188574
194337
179118
186450
191298
178170
182677
198334
180842
191581
175562
173298
185344
180613
184564
198684
190088
182433
185886
202949
181018
185416
183299
187526
193977
188329
184405
187604
197524
185203
190056
191818
191397
185729
191479
184047
176869
201876
192109
178448
184126
194897
206699
177547
187730
180207
194735
187279
176277
169035
186490
187289
208393
194487
185076
181676
175111
189148
198527
180518
180568
186818
193210
188721
202240
185935
179367
205726
187646
190695
193896
189883
202264
189667
188243
186506
190971
191960
195546
183495
200163
174338
193320
190790
181796
185837
177052
192669
185239
198663
189444
188109
179412
191728
181097
181543
182792
189378
187650
184909
185099
197878
189527
190913
187461
198409
187481
191211
188958
192946
186729
189662
176584
199925
188943
185819
190638
178218
194362
190769
192988
184203
188036
215262
197569
198949
196600
208891
184539
202109
183184
186851
177242
186047
178608
183136
202146
189534
185357
194571
191284
192072
184210
193141
186449
187954
187372
180944
177201
187327
194931
182708
193438
192467
199351
184804
179441
213944
172299
190347
193442
188587
180936
185273
174393
189821
194824
197688
183122
179430
184067
185029
187614
188099
186338
186019
196422
172949
172369
188350
192690
191448
196288
181974
195763
191019
200666
172029
179474
182878
188173
187313
183550
192712
176398
191774
185888
185536
194475
187758
178918
201833
184607
201630
185867
182021
192991
180824
179727
189363
192655
197916
187135
191182
190331
185480
186391
176541
183542
187367
177584
184782
196327
182717
187357
188457
186775
213427
186481
191305
181689
189527
189398
180031
182291
173895
183276
202636
181213
185527
190558
187342
176463
183370
184797
182896
188447
190397
184465
188189
182758
192040
198786
186977
187640
188067
182672
185910
184388
191810
176537
196991
190987
175857
186031
184200
185602
191411
182101
177782
175675
196970
182117
176000
187279
187133
194804
184937
181884
188374
190942
183193
188921
181998
180935
182458
178296
192703
182241
181361
195653
194731
193212
177631
186918
193651
183949
183619
190792
193958
183029
184123
180060
184905
188073
189834
180425
181190
192124
209893
185733
194102
194209
184043
186359
176676
185437
188898
192380
180147
181769
193254
196443
172030
177383
188829
181904
186729
186526
184189
192314
189980
185978
181878
184342
186603
185863
179964
188052
173591
177426
188528
191526
179066
196684
183282
189185
186637
187340
184580
172160
186999
188271
194720
178878
193248
186957
185248
175491
179812
184327
191018
191318
195565
183558
174774
188654
187343
188343
180559
195875
173777
184296
191590
184242
181107
188767
188798
188538
181889
181920
189555
197478
194115
187313
188615
180655
187517
185837
193803
192741
164288
172474
185260
187261
173123
184425
174685
192285
184673
168824
182785
184009
179938
177962
176918
196679
183346
205767
172268
193379
199131
181986
169551
186558
173863
186941
184380
187208
193736
178984
183654
183581
196362
178287
190279
195751
201749
188878
180300
195978
183313
176111
189648
187368
186108
185682
177000
180158
198010
181223
191160
174888
187232
189142
187206
189668
183467
193347
193914
176921
189004
185375
181034
192727
198409
185491
184549
201533
185356
179754
190815
181036
170472
184303
191103
192171
182002
188397
179535
183783
182008
193759
182830
185150
179953
189562
185208
196699
195570
189499
194186
182490
185165
174483
180517
179696
183324
186364
191610
187271
184172
180730
169641
192002
193266
189794
170551
187380
177148
184163
194083
188506
182867
195861
179182
192472
176347
186899
184763
184903
181053
190844
185985
190484
178320
180628
176094
179449
190918
186508
201306
183024
183825
171645
173688
189780
188076
185142
194373
170061
178443
182578
177515
186870
177664
175497
183530
183985
175619
174897
173116
191114
186360
183093
197165
188007
172725
184052
185812
197371
193672
161496
180966
195250
174316
180984
194254
181089
169671
185215
185403
178317
182381
175412
189351
186261
170878
198987
177613
184029
188379
188116
177173
188021
181709
180614
190083
180612
183855
182298
185829
190763
183322
176847
181089
184303
186712
186776
175479
192521
183666
180751
179007
181453
177879
184514
184451
178739
184371
178802
181027
185394
187839
188081
190756
187114
193065
190078
189859
181676
179201
190978
185011
178604
194785
184372
191962
187739
182405
177553
179816
177724
191072
183676
196546
173807
184409
183089
177894
170329
177599
175059
187839
169255
178749
175825
187751
181292
175883
201315
184647
178388
178802
184613
186339
183175
188345
185848
193636
170381
170047
178526
180771
176517
180104
171685
183948
172997
183746
183434
191746
174895
175320
182693
167875
193431
174946
186608
188636
193130
189389
181084
182128
185681
189591
183839
193493
175382
184663
183761
202876
206600
212136
208848
206492
206574
213532
201298
204658
213323
199835
209008
211102
216603
203768
204168
211475
199644
213943
214897
216438
208429
213038
209471
208115
206222
213387
213452
200151
214402
203217
215818
204450
200706
206659
220885
206409
207221
211988
220205
213190
203459
206337
218201
222121
206791
216578
215222
212661
221887
210842
202530
218364
214270
210747
207631
198838
216158
221873
209146
204981
211526
218235
207677
209244
201148
195413
223055
203622
212739
215107
199439
213016
206935
202966
210883
211106
201594
212264
209943
205905
212252
204592
216208
206282
199422
191411
206872
213375
213848
205326
220940
210927
218636
202449
209993
211223
211514
219578
214923
207124
220308
229662
211952
199062
199080
204050
216001
215741
209607
206778
203985
214190
206425
204604
214785
210979
213102
213219
206323
210993
205523
218430
206807
212095
219374
196286
210880
209058
204740
211648
211607
212110
219696
202935
216104
209151
211314
209089
211171
206274
211091
217662
205299
211838
208641
211875
199424
208345
218452
210096
201677
207572
208056
208710
208338
211296
203753
221172
211282
205445
209015
213759
197819
211751
209648
204942
216531
212271
220355
207751
220752
213987
213391
204574
200257
206251
198317
214819
219213
198884
215430
221718
214083
206384
210467
201694
218138
207720
227147
213384
210532
205983
211355
203350
215811
214537
209332
209450
208823
218450
209872
208186
205143
206120
204928
207877
208016
212212
205749
226325
210324
207809
211877
209124
209492
204874
210999
209862
212120
206440
204908
206078
208207
205637
206914
208700
212380
196212
216802
199297
217596
216566
203711
204811
205977
214631
207958
204133
205461
216348
215090
221083
206770
205057
204160
206983
218717
206799
203406
222242
207951
214032
209236
203811
211356
205227
216208
212748
222331
205880
214985
210300
216669
214889
218860
208001
208482
209951
209359
207495
218297
212117
205643
223172
209226
199105
217079
210403
215250
212807
216305
208588
206068
201370
217652
201244
191261
213000
211310
217755
213217
214053
214128
205254
207184
204369
215658
209639
225537
210237
210987
211670
213321
216508
201817
217619
211783
216098
213648
207190
204876
216037
204223
198461
210034
206404
202943
205016
201840
202603
206057
208637
220056
206659
205047
213566
206340
210553
211855
206206
205847
211422
227744
204534
202199
205416
203886
198391
217584
201106
215743
211375
208513
204372
204187
198669
208430
210037
213475
219131
212429
215528
214632
223258
219093
215508
212185
209615
202125
204036
212569
208552
204405
208771
201474
208012
213250
210096
200435
209569
206837
222498
210447
210260
211619
211809
215281
210512
209404
202588
207604
207676
217033
213086
209762
202950
217731
200305
211379
216015
213880
217370
203578
207927
205135
212408
201305
210516
217750
206319
210078
212219
203494
208789
205313
210626
213192
206066
195911
196094
204535
202703
203238
203862
215185
204059
210338
209608
207112
198710
211878
211044
208394
209484
193975
219696
203198
200334
200292
208662
192468
218006
200011
210869
216891
224554
209505
204404
210685
211712
205166
211059
213223
200979
207417
212805
220421
211961
202434
196765
202851
211697
216260
220429
213420
211172
207827
202449
210960
206062
214342
207645
209212
214432
217571
212019
203162
224092
208995
211175
213646
200123
199000
207909
209032
205479
217273
213856
207327
203006
205733
215866
202556
216512
207011
203274
197451
206965
215131
214014
212311
196201
212392
200454
211011
216717
210071
200148
208242
212869
214119
210823
204322
212694
201743
205661
209617
206957
212716
204375
206277
207503
213054
212610
209850
207253
205741
212378
213664
207774
214329
210665
202907
218779
209356
207516
217903
218981
208400
210486
210166
203147
201280
201379
211439
207302
208408
216309
226867
208068
208818
213431
203255
196494
216265
202434
215389
209481
211550
203852
214166
212267
206835
199178
202902
212941
204816
201623
210877
209388
215097
218823
215547
208284
207724
205312
202138
212803
206580
206508
203089
201657
208281
206237
213010
213470
218862
209741
205967
217790
202849
209188
216440
215006
205806
205675
198804
215417
219595
207265
207677
209287
194241
207748
206629
220100
209960
212831
207436
214797
216345
201094
211452
207013
201502
211119
206938
207855
218076
207785
206044
203697
220535
206482
219417
207802
207055
206236
216447
208321
202152
215600
206596
207392
215441
217582
206160
217990
212237
208671
207178
205792
203601
201914
210121
206839
211949
209277
212404
206507
209881
213117
210300
200037
218729
211305
209854
203696
204995
212148
209644
201566
211723
210355
211007
204024
205218
217239
210962
211001
205301
207523
198178
224826
220802
204378
225859
210806
205226
215137
203441
211146
215202
224716
229834
220005
212759
214919
201588
213214
207335
204290
203379
214153
214332
206092
207269
208238
209003
213376
211628
212451
219408
210556
208637
207472
217395
207632
216426
225479
208251
205942
211793
210611
207825
211827
204082
212696
198210
213188
211583
221339
212744
207748
204294
212560
216647
221858
212961
211876
209567
204437
202859
206951
202243
210508
208079
212939
212276
212750
210000
216483
219271
209741
205278
208372
206756
212114
209768
201593
206866
205590
216103
211212
208286
211734
208208
209498
202269
214791
214867
209616
206304
210647
212812
205627
212089
208713
224336
214913
221943
205393
212354
222691
200680
215388
206318
211058
204062
202727
208878
202147
210222
201736
202546
218731
217943
214636
199824
204828
208402
205925
199109
218779
205654
208974
219528
209955
214529
210932
214660
216294
211887
204679
215949
209377
213868
206342
209451
208839
210442
211803
200751
201635
213554
206143
210774
217012
207674
206509
213432
205046
215811
212260
206307
220742
214356
210819
212468
207528
212282
207140
213032
209508
207788
204773
200530
214068
213470
232198
211159
200039
214605
202487
204504
202666
208124
212839
221355
225796
206491
205185
204995
212482
201101
202973
215829
214365
212832
210335
209764
216671
205190
220976
208818
211609
219228
215559
201834
207022
218618
214655
216240
213537
211830
205378
209855
205574
215925
206572
216669
205459
206588
219624
197912
207717
206215
212421
217684
220852
210363
211507
204312
216766
207794
215872
218797
217728
218248
202834
211127
211178
200785
205651
216839
207559
208645
212840
217299
210056
215662
214944
197700
209391
212743
216675
204895
206950
207808
217524
202517
199271
206262
217065
218635
222678
214755
209760
206790
212190
211378
210914
218114
202669
212861
218246
208675
212601
202443
205509
216052
205902
205129
214699
209866
209494
215473
213757
215358
211936
207618
214432
211809
216285
212136
216848
210293
208252
212336
201261
202474
218345
215782
204909
219609
211445
211922
206901
218294
207970
206801
200680
210283
207124
216240
211395
210572
197689
219527
217941
212242
217656
205141
216117
207645
213937
210712
211684
207073
215682
207492
206556
216896
212441
216845
217742
210341
207839
207541
208595
205191
208233
217032
205122
207373
207018
213052
205364
206777
212195
219650
210757
206538
215930
207967
217444
213761
213958
218475
212400
196407
206334
213118
209636
221475
205563
214857
215076
205788
215741
202212
205237
218445
210440
208375
210415
206507
213511
210617
211892
211826
211559
203924
209728
202826
217724
215938
223497
212718
219184
197310
209877
213558
207242
209300
208023
213363
201496
210729
205619
208745
205816
206293
225508
223990
216454
214458
204669
209929
206142
206649
222460
204951
204330
214138
212408
207774
219577
218255
204580
207431
209715
213142
206127
213658
218813
214376
220077
213314
205575
215592
205996
211283
213367
211971
201173
205557
213073
209459
220168
207406
204838
202648
216985
207670
205954
210617
220537
216623
213313
210168
212108
213389
202921
206037
214079
211200
208490
205146
212781
212840
209636
211106
221322
211163
210023
215411
213739
206730
209596
207888
207959
208426
205383
216283
211730
212670
214634
206649
211857
216051
208732
209655
210950
210858
208230
220352
215385
205493
213987
207592
202311
214133
212568
208205
215968
209891
216526
207989
213959
212871
206488
205478
207106
204377
198974
217489
211478
207492
216335
213361
207853
208748
205554
207596
212320
210700
218326
208913
210096
210218
212101
225455
214428
205051
212805
211668
217044
224128
216592
210678
208814
201626
212658
210797
201997
217859
206814
219118
211788
221539
223242
202231
215971
213709
202101
207775
208225
206669
210668
210834
202700
207899
206272
216130
219423
198489
203598
215363
210212
210830
214956
220100
217236
204984
204643
218631
219691
208730
212904
219113
206965
203987
207607
213614
207581
206216
201769
206458
220857
216914
216115
210580
214483
212408
215977
221326
210495
217021
217875
215321
208077
216755
207336
210276
215504
198148
212601
206216
213031
222186
209157
219622
215886
219307
216274
203526
206870
212886
213091
210722
211891
213238
211835
216379
199868
223761
208204
210744
207791
206670
214253
211106
214235
209141
212822
207406
206523
201210
214071
221437
201940
211286
211825
209242
216573
209855
214656
218216
209987
210796
209133
220765
211142
201013
202462
207109
210338
219906
212357
216722
229610
217995
203738
218153
219896
206863
205351
218172
212160
209588
205495
210595
213085
205582
205846
215871
220806
216086
211142
205092
205791
213923
209918
211529
215976
215073
206283
209666
215087
215542
212973
209122
205557
212625
215228
211398
210352
212890
216800
218696
215120
201455
205924
210291
208529
204364
213778
209298
208964
218403
213656
205920
218781
200027
215621
224824
209739
216554
211087
206738
216688
220855
213447
209685
201922
220038
170966
163669
160365
161600
158166
179084
168867
165379
165153
168245
156296
162031
167760
155807
161232
163118
165449
157763
156074
162740
157586
162570
167544
169083
155748
163184
161925
155458
162350
163429
159347
165559
165005
157411
158478
155056
160467
153445
165622
161296
158377
161079
162150
165808
167069
164579
168503
162833
162692
161436
156170
166634
155358
167044
162846
159910
159961
156729
163509
154253
172824
162196
162358
164211
163623
165591
157214
158371
159805
159409
165822
159425
167238
165904
154385
168980
155237
162138
165993
165676
160802
164568
157415
160499
157707
173154
161540
150457
168800
161219
169253
157710
174567
162351
162732
158860
168403
158704
165636
157122
162035
166578
152272
157469
169389
167607
165194
163566
156534
168376
163221
164020
159745
155428
171077
159937
172295
165298
161596
158865
166521
162429
161690
161005
159567
156695
165330
160411
163503
162104
169005
166501
157222
161897
155513
165824
160156
163586
155612
164504
170269
161798
176467
163196
162557
165460
157504
161264
161662
163770
156503
161268
156218
164060
166573
162644
153475
153088
156264
160082
157769
151743
162147
157535
156961
157600
151978
161540
158506
158803
162071
165207
162404
165447
160782
156544
160373
163668
158132
158228
160158
158127
161203
155761
163948
163601
160078
154022
160697
163477
155864
157740
160473
170227
163135
150618
159077
160433
158303
161971
155984
156406
165880
156794
160554
163820
157671
150882
156609
162018
161870
162634
166012
166634
156905
165311
169124
174257
161953
163659
164687
158117
159044
163782
162984
161342
156148
158701
162761
160802
160298
155765
166329
155507
162181
162206
156048
156492
160481
160542
166441
161965
164436
160918
159781
155330
166410
163550
161037
161345
153597
164385
163464
157154
163018
166679
163409
163491
160834
169464
157418
166459
171038
163324
155801
156776
159521
166530
163979
161639
166601
167287
154573
159387
157355
164453
158932
165410
162211
157954
162507
164060
163642
168443
158725
157821
166895
155295
160800
164301
160100
165047
169015
163090
163779
166855
159081
161727
161962
160998
165681
165463
153407
165052
157732
159608
159193
159047
163929
165085
155820
162746
150142
158081
158288
153789
163829
159728
160510
164731
159985
167175
153646
156268
156718
151680
156092
154326
165747
157433
158789
154761
159466
158350
160986
153719
161638
159837
160203
161777
162231
161387
160024
161408
169844
153877
161056
165003
163124
163481
160206
157812
160817
156919
163603
165006
159976
165697
156170
155511
164805
163693
163606
160634
161352
160586
159344
157346
160543
155758
166571
168242
171206
169348
160570
160726
164556
162536
163187
159601
159385
162932
174496
164849
166399
162018
151386
156246
171688
155597
159696
166648
160985
163573
176079
168661
162813
163202
165224
161010
158297
159962
156915
156176
158938
157455
158301
162158
157442
157666
163355
165090
151793
164789
156568
157617
154405
151753
166524
157271
166073
167383
162815
155506
163474
158534
166141
168988
162919
161414
152734
161199
161136
160813
162176
157664
160872
154525
158449
159044
153838
157427
160394
158055
155999
161110
161125
152894
157445
161468
161471
156629
159704
160404
161574
158549
157503
158111
159924
156764
169320
164969
160666
160915
159811
153932
160127
161556
170712
160007
161606
158374
154308
162996
169675
163197
164951
165701
160065
165044
163849
156813
169842
160590
160490
166720
156899
155158
161326
160751
167285
161148
159710
159283
157811
153905
159383
164933
156241
159022
159624
165587
162420
162723
158917
158935
157628
165614
162369
157232
162806
155508
157867
165381
160816
160139
159882
159947
158559
160927
159362
161074
169482
158768
163298
164539
158516
165858
157035
155367
153504
159687
167525
160169
158875
162399
158849
158483
157165
157775
153707
163884
162909
158922
158645
161686
156569
161129
162519
161479
161020
159105
156815
161532
168097
162662
161922
159539
155624
159961
159915
159799
161142
158476
163441
157948
158978
159366
156519
157931
162128
162196
154275
159858
154080
159022
164550
160678
153082
160793
166012
162579
160917
158691
158246
170732
163250
163684
161001
160706
159658
157600
164698
158792
153029
162518
159085
156496
157458
156395
163422
162356
160728
154687
158989
172850
167156
161527
159032
171993
158373
158686
160323
154256
155388
158686
161380
154615
156176
159691
154598
156692
158147
162364
155753
159151
166601
158407
161412
157562
151671
155242
157775
157075
161061
164456
160344
156232
165500
169134
160970
162477
169535
158537
152473
158503
168176
160184
156664
159828
157572
167455
169222
166104
168298
153660
160776
160157
156363
161108
163695
158700
154115
160285
160909
159453
159013
166817
163386
163993
152925
161054
160310
160883
164232
162318
151046
157107
156448
156744
154120
159961
158493
162457
155589
153686
160937
154486
162063
160552
168036
159761
155211
157755
158382
151477
163571
165966
164690
162307
157027
154947
164512
167599
164719
160111
161077
161696
160269
160987
164245
160273
165559
161351
160090
163187
162696
159530
157019
161834
159478
159336
155559
167570
165016
160013
155859
164205
163647
157408
159350
159065
161825
155357
161964
156292
167337
157537
163080
166130
155863
168230
164550
161371
156868
162465
160858
160236
161488
161616
154058
161064
169456
162236
152658
153324
162001
160354
158123
158689
161215
159456
159850
163031
155123
163409
159157
161222
159424
163692
159469
160833
156786
167057
158633
159008
154298
156034
154003
156262
156705
162738
157902
164829
159618
167143
162059
162936
155942
155584
154613
157679
155946
160127
161463
157551
164298
154333
159000
160676
171018
162566
156141
158319
163198
163081
163010
159242
153981
153886
166717
155783
151577
159922
164467
161316
165191
155887
155562
156013
157419
158050
159653
158574
167280
158913
163901
162440
158123
157385
164486
159766
158592
160534
159120
155577
164238
164573
164281
163530
155188
156764
160415
158108
157479
164235
158954
162036
156810
160031
161015
156955
165398
156310
160234
165249
163978
160222
158521
168874
154858
160526
157800
161448
166921
163651
158959
155929
154370
156026
164015
160059
159303
157563
157198
160438
161250
155191
158706
162645
158433
157808
155049
156870
162463
159676
163681
155971
165358
160098
160136
165406
157435
156777
161988
159855
156181
159506
155257
156584
161330
159060
157686
162799
163206
160268
164099
157911
168330
159206
161298
160931
163699
153845
162234
158036
159014
160919
159396
157661
162021
165164
160054
165760
160673
168635
162196
152913
160846
159892
157741
159661
166223
160223
163234
163428
156688
154023
163318
155842
157946
157038
154356
157135
159129
158140
167938
163804
155686
161675
158084
163719
159564
160176
160733
161314
159905
158609
160395
161421
165729
166107
161366
161016
155194
159495
160545
159840
163621
162235
157571
164868
165834
164262
159901
160964
159580
164684
160280
163452
163173
162411
159447
161145
157054
159197
159741
160613
165352
164203
158039
163793
153150
161526
155443
154867
160857
161476
163837
159842
158626
163871
153574
166266
170404
162996
160382
157261
155376
152470
158113
157550
156007
155895
157784
154063
161200
157439
156811
161011
161989
154230
154851
154355
160757
157887
164605
160703
165902
162997
168695
158450
155626
159612
155881
155339
159423
168370
162748
153821
159302
158011
161100
162034
155917
159422
160809
160377
158416
166496
155270
158856
160717
160402
161019
157316
165462
157929
162524
163187
163259
157646
162954
155721
153524
153380
153385
160168
158058
157933
161147
166642
158231
158334
161607
160240
156253
160810
162596
163956
160797
161126
155199
160283
157924
156547
162165
166041
159692
155621
167966
165540
153647
159217
172879
163568
163416
161229
154793
161342
159126
156379
161195
156218
156659
163747
158371
160284
164144
158850
155250
159036
160388
157779
159125
155539
159438
159328
162348
158157
169649
167576
163329
155907
159392
158933
162074
165693
154109
159677
155612
154861
158709
163587
164894
165779
162968
167059
158005
162862
161671
160467
159945
156310
163450
160138
161239
155613
160321
159004
166252
163751
161428
160927
159138
157600
166490
161025
160797
157476
157804
162597
161702
161101
167440
159842
156734
157351
161490
160567
162667
160886
164725
157887
161730
159268
156596
160417
156782
161737
161256
160050
166208
162875
167880
162805
155925
164481
163609
159848
163002
156077
158075
161782
160629
163410
163499
161810
169222
154800
153164
166189
157670
159712
162904
160526
161094
160383
160200
158559
158491
164803
164884
158519
162907
162462
160749
159495
157180
164501
162936
154947
159311
159353
160160
163906
159135
159763
159808
161325
164038
162524
158053
162192
159052
164565
154436
157613
156247
162018
160436
156792
161167
165269
159075
162295
161465
159742
168098
165643
164763
165218
157473
167685
163977
168056
159389
159097
159593
164754
160839
157693
160499
156248
161196
159863
167278
164148
161053
161853
164291
161346
158062
158523
163947
161722
163294
160216
159890
162093
158557
161989
158981
158826
161767
159407
158009
159803
156943
160200
163372
162016
155252
160949
159498
162631
156267
162302
156319
156487
158311
160781
154454
155661
159587
158894
162033
162954
159218
154417
159320
161065
159927
157335
161175
164363
161055
168798
158324
164459
168317
154809
163713
161761
156639
156755
163291
160695
155244
161570
161414
157292
157171
162183
163785
159583
168818
156961
159151
163331
161259
156687
159407
156591
160234
160866
158099
161918
164359
158128
157648
157478
162280
161769
162168
162902
160204
157624
156200
159408
158569
161252
158377
157898
163471
158272
158253
159766
162286
156570
159451
163142
161720
159665
158639
159193
160068
159443
156457
162021
161977
161261
158339
162622
162861
156746
161356
155419
159583
158782
163060
162224
161813
161832
161187
170439
160362
159929
157609
163525
155593
166618
162015
168559
157186
163982
167243
169524
159490
158797
166135
158037
157719
158807
163695
159080
162373
158680
161611
158130
160501
164819
159664
160000
158753
157847
163016
162814
169590
164213
163984
161037
160380
162845
159180
161295
171901
162216
157990
160541
164448
162473
161938
164931
154517
158646
163890
155579
162878
161871
161074
156965
163448
162731
157116
160938
162187
160231
160450
162356
163471
160696
162438
160369
164610
169097
162284
161398
155581
167898
166620
168612
161172
162600
159549
165400
164393
159095
155659
163264
161529
162018
157951
158449
156866
162143
165403
163222
159846
158846
170812
163022
165199
160356
157389
157576
160417
161813
158555
164177
163701
157259
160195
156596
160532
158820
154948
155873
160872
165166
159092
161893
161773
161999
157597
159088
161073
163563
161769
159713
160457
163782
163577
162186
159854
161495
160411
160923
159912
159929
163301
162049
161428
165879
166123
162153
163034
159894
159709
158293
159146
161150
162631
167605
161791
167355
164426
161434
162487
157635
160411
164854
164074
161508
163991
164620
162091
161745
161983
165672
157020
166373
155835
161580
159020
161983
163470
159777
163868
161562
161818
163755
158833
168198
163648
166751
160492
154898
163914
159469
161087
165861
163838
160401
165128
164326
157270
160303
159043
161466
159395
160863
157829
157757
161451
162312
158405
162190
161443
159885
159641
159264
163847
165575
160192
156138
164172
158884
159909
159307
161834
163096
163600
161624
161305
167020
164215
159012
156687
161278
165921
161960
159103
157470
159015
160477
162973
165283
162027
160270
158504
167800
163652
159074
166961
162626
160383
160417
164947
159893
156350
158800
166099
160868
160765
157839
158678
164669
162971
161111
159297
159104
166814
160838
163144
160411
161520
160366
163702
162603
160806
160121
162184
168262
159471
166002
158855
170158
161348
164519
164474
161316
160558
159935
163563
165974
159717
162009
158074
159974
164151
162073
158138
160228
159776
161661
166903
162801
160076
164210
164733
160045
156478
164995
161105
164209
163985
163629
166136
158317
164511
161635
161035
163857
162278
158621
160107
163466
161891
164957
162703
165328
166116
165570
161831
161939
171245
164819
158620
165107
162959
160758
161344
164171
163047
156525
163801
161111
162950
160595
157742
162045
161619
164793
162981
159223
160408
163675
159991
160843
161388
161633
163493
162622
159332
160001
162627
163037
164743
161297
158511
169148
158339
161126
162804
160383
158676
166265
159886
161190
167759
158299
167296
161295
161745
159074
162468
159364
166791
163763
159564
168877
165195
163458
165496
160601
161163
163219
162199
160158
159329
163754
159758
167150
162639
168666
169408
164000
164468
163365
162223
165495
159905
161928
161038
160093
165966
162486
166887
157794
164070
158784
163853
161790
164704
161609
162696
161094
162115
162101
161540
162075
162308
159993
161133
164620
161065
160884
159876
160688
166565
161391
163142
166265
164665
163523
160315
166406
163283
163454
169678
161722
161487
163750
163999
160868
158192
164611
161225
161564
157414
163029
159940
169952
163318
159940
159163
164769
164490
162553
160180
161689
159580
164769
164667
166908
167345
162549
165830
160677
161589
164582
163996
163269
161739
166032
159321
166373
170833
168171
172751
159586
162910
163659
164866
165344
160504
165378
165514
159486
158674
164410
168114
161917
164320
167293
162614
160519
164809
159256
165997
160574
164150
163494
160836
161055
163336
162026
161717
170598
163127
167742
165833
161591
168346
165891
166117
164167
159654
166626
166598
164568
169314
160660
162045
165374
161524
163129
163262
167572
162093
159329
163115
167207
161069
163111
162918
164289
166619
162846
164399
161284
164354
159861
166771
160453
163330
160416
157859
162174
158825
168600
166611
164263
157249
163522
158856
165734
169699
162259
162647
160578
167197
162810
166719
160097
165778
161355
166523
166383
164938
162845
161358
165076
161262
162726
162693
162314
166448
163693
164966
164349
162013
171418
160361
162272
163961
163591
164148
166014
163693
165797
160731
161610
163969
166481
160367
166432
165020
167135
160955
166044
161037
161507
163190
163865
164222
160421
166332
162970
161147
161918
163783
162368
161283
160074
159772
164931
166534
162884
160667
163689
166789
163114
161855
162011
164263
160894
163498
166488
164625
161234
162466
163163
164691
161060
166142
160699
165380
162154
161956
165135
164578
165327
160687
160580
165180
162974
166738
162298
163092
166985
163440
160265
164461
163542
168715
165177
162992
162383
164074
163249
162070
164078
165000
160154
160648
163777
163346
164382
168930
166304
161950
167627
160552
164203
160688
161427
159590
166823
163236
168467
166385
163594
168458
161514
163218
161866
165067
160556
161665
160964
163022
164521
163944
162534
166462
163876
162673
163596
166920
164218
168265
160708
165271
164169
163564
165036
164440
162085
164524
165432
162967
161924
165173
164128
165259
164064
163687
161037
166736
164354
167126
162552
165717
161824
159899
163638
164751
160280
164822
163835
163371
164178
164223
163643
165979
162660
159431
164647
160799
165472
160669
162292
161763
165850
164711
161990
163658
164366
164431
162288
160768
160658
164282
164306
165393
168507
162544
164556
164673
160745
167550
162410
163617
163038
165698
165105
164236
165026
163677
166300
165177
163479
163322
169127
163028
162478
164078
167842
164227
166766
167553
167956
168530
166175
167653
163705
166766
160309
160234
162488
168851
161407
166999
161187
165925
162005
166333
161983
164951
164202
164828
165774
166125
164020
165698
165431
164459
163204
167490
162153
166418
163928
163209
164698
164634
164486
170197
165987
162677
165085
168290
163162
169475
161646
164422
164140
164790
166346
165388
163837
162328
165809
163381
165999
160928
171623
163237
163009
162067
163804
165948
165948
167793
168622
162367
169764
162671
169522
164018
166826
164045
166374
168042
166746
162665
164177
163325
165091
165020
163655
166633
166460
165555
162716
166281
165624
167051
165791
164772
165082
167992
168308
160056
162949
163909
164736
168904
167538
161155
161484
165292
167573
164705
165294
163977
167537
167374
162361
165211
162927
167029
164218
165344
163586
161082
163542
163619
167052
162571
163618
164028
166937
167853
163495
161465
164487
167703
164252
160736
166702
164054
167177
165703
164170
167924
160959
162344
167145
162679
161713
163279
165723
166307
164303
165056
165170
166445
164676
165000
166545
162337
170095
164685
162593
165442
163386
165655
165805
163576
161089
164046
1531397
166192
167679
164569
164685
166298
162778
162952
162166
166213
167596
161929
166529
163575
169918
166901
167960
164456
165108
165169
163461
165715
163158
170398
161696
161922
174026
165487
163916
172435
169061
164960
164408
165570
169762
164228
166823
169336
164515
169664
166305
164828
165618
162987
165185
164992
167528
164065
167886
164067
163196
166924
161555
170539
167185
172927
161840
164976
165649
163359
169869
166818
165539
164153
165437
163616
171393
163565
168209
166997
165908
166542
166826
165600
165327
163712
165224
165463
165111
169782
165738
166144
162691
168981
163784
163465
169016
170974
167653
166373
165009
170655
167234
165698
165259
170204
162057
165953
168226
166901
167450
166448
161966
167011
168858
164269
171181
164337
169803
166607
164667
168109
166118
164426
164401
168261
164059
165320
163846
166766
164245
163745
165073
163950
166175
167589
171064
167485
165096
166887
163734
167480
166380
168763
166478
166943
166994
166248
165848
163140
164181
168149
164089
170041
167651
163089
165238
169157
169920
169871
168171
165029
167917
166540
167405
168500
166114
167822
164952
165545
172363
165499
166776
165877
165854
163792
168247
165850
165166
163746
165738
167252
164147
165285
165985
162204
168114
165216
171123
167357
163025
167022
164145
167495
165815
164329
165930
165049
164662
166103
167925
164731
172343
166276
167225
165113
165636
169364
167752
166789
165597
166495
166280
164639
167220
168924
164210
164431
168197
166978
164325
167227
165086
165657
169249
168180
168774
164732
167107
174587
166794
165628
164713
167055
167928
169149
168058
166374
167052
170836
167880
168920
164188
173543
168484
165773
165609
164881
168392
167739
162750
163218
162931
167300
167185
165153
168223
165697
165044
167720
168987
163913
166376
168137
166140
166957
167897
165497
167935
164700
165158
168134
167378
164269
162871
166712
168445
166465
166922
166509
166251
169031
166543
165814
168317
163157
166703
164361
164553
165576
170321
167481
172494
167701
165247
170124
167143
165324
167287
163866
167039
167478
166267
165296
168421
168451
169988
166405
166272
166230
165658
168214
166177
170374
167904
169577
164671
165247
164512
170937
167835
168888
168438
166436
167661
165709
168384
169136
166042
166714
166175
164276
165099
170329
168028
163712
166873
164863
167845
170871
165391
167473
167344
167256
169343
167631
164033
166399
163235
166644
167209
172206
166292
166026
167000
166558
166955
166567
166057
166860
167232
167664
166951
165836
165219
167444
166135
168826
170818
168929
165804
164791
167597
168866
171509
167123
166996
167755
168049
170344
166049
167041
166589
168898
167561
168527
166042
165239
173447
168803
167325
172711
166719
168309
167821
169484
164847
167505
169125
168549
164182
170660
165602
168546
172180
165775
169971
165943
168777
166779
165578
166588
168828
164775
165317
165781
166613
167876
171233
169019
167331
169326
170236
170084
166229
169757
168410
167197
168957
166066
166839
169258
167137
169085
168099
168396
167526
168812
169586
168349
165174
165736
167878
168288
166884
167896
170022
165438
172096
167362
169911
171798
168550
168850
173443
169240
167462
165498
166272
167939
167135
167208
167355
170842
170329
166685
164979
168322
165535
171365
170583
170275
170246
169401
165018
168317
173284
168671
170066
169015
169076
166584
166988
165859
168033
169090
173050
167704
166784
170013
169332
166489
165352
169440
165874
165805
167545
168530
166846
167217
169118
167391
170532
167485
168280
166553
168829
166775
166528
168829
166718
169460
171355
169813
168119
169333
167542
170211
167182
170991
169522
167507
170987
167652
172981
165877
169050
169934
173674
167827
167100
170736
169361
165870
170139
167144
166202
166986
171922
166207
169636
170667
168430
171326
166583
168014
165565
169396
168015
168826
168225
167715
169126
167551
168295
166900
170213
168220
167984
169092
171255
170025
167144
170852
168899
169887
175825
167851
171948
168176
168594
168954
166899
168538
169678
169010
166359
168770
172681
170831
168691
166999
170212
167817
169860
170292
169727
166635
168790
167400
171006
169164
166382
170551
167802
168004
168985
172782
173267
170449
169699
170014
172265
169061
172520
169105
169991
170591
166772
169405
176927
168187
166795
168929
170654
169689
168621
168030
169849
170415
172312
169469
171270
167678
165136
170559
169095
167306
169326
167865
168400
171353
168162
169129
167915
168346
166759
167912
169556
169744
171535
170189
166696
169072
172361
169973
173278
172402
170078
170681
169684
169042
169235
168362
169345
166921
173496
170189
171465
171854
170069
171508
170337
171306
169662
167938
170409
171291
167987
168489
171624
168751
171927
168883
168317
174165
167371
166741
170124
170467
171022
169883
174118
171692
168365
168547
171412
167273
171415
171473
167599
172159
170855
171382
171307
169297
169981
172381
172163
168055
167976
172205
170681
169952
168014
169032
171807
167431
169551
169360
170614
173811
170572
169563
169158
173809
174140
171565
170217
173968
169630
170542
168965
171515
171669
169248
167814
171349
168953
170253
173487
173151
169020
170932
170707
170415
168576
170000
171721
170436
169061
168624
171922
166155
171518
169467
170881
169058
171271
168901
172415
173118
169030
174297
171412
169776
168613
168992
169515
172053
170023
169214
170066
169146
168971
170540
170408
167834
172360
170213
170771
170524
168002
170531
172197
169506
167339
168442
170470
170263
169469
171025
172348
172944
171297
173612
170917
172274
171879
172184
171198
170704
170653
172247
171028
170322
171032
170375
169711
170950
170419
169977
170225
173210
170964
170363
170640
171465
169561
171989
169115
170059
169801
172763
169057
167678
172433
169204
169124
169770
172773
169520
172285
170639
170574
169838
170569
171282
171499
168098
172229
166794
168690
171303
170110
174051
171402
171625
170705
171800
172678
170433
169805
171308
171510
170773
173424
175358
170957
170399
172240
172008
170319
171337
169424
171964
169775
170296
172749
171948
171777
171639
174469
173526
171700
170236
169576
172627
171365
172718
172064
171743
171137
173042
169667
174125
171858
173906
171690
170379
172837
168970
169256
170711
172038
170720
174087
172641
170722
173439
173086
171827
170012
170841
172063
171286
169461
173983
171192
173304
170738
172854
170466
174435
171203
170045
171862
175046
173558
170091
169881
170549
171912
171446
171721
169701
171764
171872
174331
175513
172521
172888
174146
174453
171333
172569
170739
170437
171016
171702
171020
172274
171987
169818
170664
170005
173841
171931
170363
173378
171459
172850
172431
173288
173638
172155
175343
170094
170674
172909
169858
173191
172635
173663
170488
175811
172212
171857
170683
172443
172443
175299
171931
168412
172696
172888
170569
169010
172718
172436
170844
171677
174199
173184
172801
172400
173318
173908
171961
174758
171873
170543
172734
170334
171866
173212
174245
172672
173545
171298
171808
176267
170716
172458
171523
170497
171562
171301
169150
173151
173405
173204
173929
171062
175879
173539
177497
170083
173482
173584
172978
172031
171232
170989
172836
171368
173194
170567
173976
171049
173102
174161
176090
168995
172063
173848
170793
170680
172763
174376
174907
170936
173468
173492
171727
173521
172652
171000
173793
174195
171381
171474
173309
175213
172340
174036
171566
171628
174968
173096
172281
171450
173268
170545
169290
171707
172303
170687
171489
172942
171888
172077
172750
177370
176372
175518
172516
168102
176652
170057
171841
172205
171701
170733
170987
171725
173476
172873
172820
176285
170663
173768
174992
174571
172336
172018
173283
170463
174527
174773
172673
173054
174374
171726
172313
174719
172003
174308
172791
173801
172141
171169
172637
173719
172010
173918
175054
174629
173184
172567
172335
173217
172757
172484
173719
172540
173398
172287
172029
173668
172031
175197
173447
177161
173045
173769
171916
173475
173713
174681
174121
171620
174781
172632
171684
171436
173117
174033
174283
172048
173329
172543
176069
174947
173445
177583
176076
175452
172817
173590
175542
172931
173018
175216
175183
175805
177938
172027
173911
174512
172585
174983
173242
174353
176765
173540
178255
174313
173934
174046
176466
176405
172034
173396
173978
173323
172735
172896
173285
174639
172790
171791
173440
172478
172278
173909
173291
173843
173389
175349
174340
175748
175426
175133
172265
173208
176506
172537
172756
174122
172849
174757
175310
177692
174121
174517
172060
173347
175396
173524
176574
173570
173253
173229
173102
178543
173677
174544
173785
174544
175248
173442
174363
179755
175015
174441
175105
173025
177124
173802
175580
175347
174985
175344
172538
173288
173328
174357
177766
175127
174985
174371
174269
173397
173989
176313
173445
176221
177890
172524
173726
176069
174890
174226
174346
174525
174088
172635
177283
174343
173419
172963
175409
172740
177164
173765
175847
174049
176472
171946
175286
178051
173854
176789
176808
174201
174459
175983
172786
173636
174538
176237
174756
173698
174018
175537
173433
174905
175159
173411
176805
176603
174427
175641
175796
174364
174486
174235
174958
175078
174628
175842
174015
174114
177875
174823
175202
176096
173916
174392
178901
174555
174514
175462
176343
174160
175839
174962
174482
175583
175947
174974
175953
175831
175437
176183
172381
173322
174924
178409
175965
177989
174740
175930
174228
174755
173024
174612
174554
179320
173452
176107
174772
173257
173397
177126
174905
174748
175446
174147
174936
175179
176834
175480
173245
174925
176301
176153
175233
174183
175080
176659
175917
174319
173591
175698
174706
175735
173656
175117
175566
174535
174268
174436
176140
175492
174871
176102
174283
177959
174055
177949
177373
175463
175886
177213
175496
174507
174791
177750
178579
176370
178079
176179
174396
175399
174985
175583
176950
178015
176037
176520
174511
175408
177039
177049
175473
175952
176093
174870
174031
176495
176489
176419
175976
180013
177239
174963
174159
178539
175276
176057
175580
175972
182170
176502
176571
177242
174998
177512
175727
174884
175591
174582
175512
172878
175963
173735
176619
178317
176105
174435
177024
177041
174173
178521
175028
176133
176232
176569
177163
175240
175055
176816
178819
177105
177405
178090
177841
177341
175979
175759
177031
176008
174319
177060
177013
177561
174818
175762
176299
176961
177749
177563
177005
175486
176540
176373
177391
177175
177101
175774
177348
179061
176674
179440
176784
179035
175969
176504
178028
176991
178891
176589
178175
175208
175661
176045
177181
177028
176465
176177
177022
179387
175321
175248
176330
176365
175608
177431
178482
177517
176800
177876
175860
178805
177771
179380
176181
177213
177301
178635
176647
178576
176610
178493
177423
178398
181255
178131
176596
177984
176358
178747
177168
177257
179326
177441
178113
178988
175293
175965
178282
176612
178686
177908
178331
177283
178394
177163
176816
175720
179237
176501
179630
177322
178900
176038
179467
176974
178897
176550
178679
178039
176767
178436
176971
178386
176547
177332
175082
178292
177595
177449
179156
179624
177403
178643
179357
180580
178240
178523
177425
176955
179304
179780
179321
177609
179353
177860
179174
178249
176596
177567
178472
176446
177172
179610
177274
177296
176816
179481
177351
179469
177679
179034
177320
177248
176615
178354
179872
177499
178831
177491
176862
177245
176417
178888
177293
179148
176931
177646
176501
178323
177810
176963
177613
177005
177343
180033
177242
178717
179350
180002
178853
176875
178767
178563
178721
178686
177850
177735
178194
176935
154700
179291
178053
179293
178442
177943
176837
180123
179106
177770
178816
178948
179368
180124
178886
177410
179593
179821
178973
177369
178507
179523
176870
178543
180388
178436
178250
179787
178885
182444
178400
176789
179304
180825
179677
177933
177962
178797
178422
178243
178815
177896
181489
178600
178358
177840
177387
179614
179764
180799
177549
178283
178376
181375
178391
178018
179334
176988
178603
179652
178095
179167
178048
180306
177271
179729
179933
180742
177496
178084
177533
178007
180652
179881
179620
180018
179016
179389
179298
178345
179915
177149
179358
180314
178877
178841
178661
179527
178212
179598
178478
179879
181782
179350
178333
178901
177927
178111
179061
179108
179890
179379
180885
178434
177985
178302
179068
178422
181949
180495
178505
180780
177891
178898
178943
177771
178504
178705
179349
178569
180697
178591
179467
179273
179204
179860
180045
179105
180494
180488
178224
180984
182995
178058
179947
178786
180191
179759
180791
181943
179480
180129
179174
179751
178188
177645
179832
180453
180591
180665
179749
178806
177458
179120
179818
180368
181356
179772
179279
180307
179790
179747
180864
181010
182487
180771
180061
179444
180287
181899
180659
180702
178146
179149
179757
181526
179944
181651
180645
181074
180143
180147
181080
179402
179062
179459
180182
179695
181796
179903
179997
178971
177780
179886
181044
182430
180197
180709
181560
179960
179142
179293
178597
180201
180871
181299
179930
180737
179937
180680
180993
180804
180094
179797
179904
180029
181279
180295
180770
180506
181747
179343
180113
181517
180665
180023
179622
178691
179940
179672
180018
180101
180285
179655
180152
179351
178349
179455
180263
180222
179551
182047
178479
179836
180208
180167
180138
179976
180136
180549
181349
179882
180236
180176
179151
182110
181016
181412
179401
180285
180045
183082
179171
179663
181400
179753
180930
180187
181139
180408
181241
181880
181228
180015
181042
180869
180178
180206
182346
182251
181928
181815
180793
181239
181246
179918
179852
181413
179775
180938
182369
180832
180568
180374
181593
180203
180848
182027
181384
182138
179585
181143
181528
184000
181380
180930
181914
184190
180836
180848
180664
181163
182698
179313
180530
180325
180787
180197
181353
181248
180569
182418
180237
181546
180922
180363
184211
180901
180783
179474
180551
182078
182465
180629
182009
180756
181152
180435
182087
180760
180888
179946
179128
180297
180596
182838
181448
182192
180384
182559
183225
182361
181137
181776
181097
180927
180980
181861
182271
182240
180892
181193
180886
180715
181274
181024
181596
183857
181777
182112
181175
182326
181504
183499
181832
181811
181371
182402
182002
180075
181911
182384
182935
182045
181425
182491
182184
181527
182787
184494
181769
182343
182827
182214
183325
180504
182359
181783
180202
181066
182158
182398
182173
181459
181772
180961
183410
181682
182247
181142
183016
182127
183665
180995
181305
181106
183383
182088
183326
183061
182209
180624
182982
182317
184074
182471
183672
182674
181849
181352
182373
181577
183235
181884
182452
182048
181045
182952
181850
181910
182019
181882
182504
181703
182660
182951
182562
181891
183055
182280
180603
182744
181433
182286
182374
181899
183040
182502
182340
181969
182949
183816
181276
183161
181777
182552
182374
182785
183977
183403
185069
182744
181131
183424
183190
181961
182934
182277
181972
184781
183541
184158
183443
182756
183894
181718
180895
182642
182780
182351
183804
182360
183224
182168
182784
182702
185181
182198
182726
183442
182513
184096
182911
182495
182636
182457
183523
182316
182931
183617
180751
183698
182516
184109
182280
182985
183753
182104
182741
183733
182989
182439
182193
183995
183084
183453
183396
182882
183356
185211
183013
183091
184121
182345
183429
182692
183704
185549
182086
183147
185358
183245
183207
183845
183192
183077
183215
184059
183179
182556
183955
184093
182440
184198
182975
185850
183584
183180
183470
183526
184111
184597
185262
181732
182411
183564
183159
183397
185910
184184
185294
183303
183211
184250
182767
183416
184488
184106
184839
183207
184073
182895
183406
184113
183375
183217
185443
183540
183743
183364
182679
184377
184044
183710
183091
183790
184112
183667
185094
184042
183354
182725
184312
183923
182968
183761
184666
185604
184381
184567
184741
183943
183913
182679
184149
183196
183410
183459
186115
184815
183136
185250
183266
183870
183549
184173
184642
184560
186007
183162
184582
184591
185716
182938
184617
185134
183942
183980
182303
183445
183823
183591
185380
184029
184970
183747
184039
185488
183917
183042
183140
184824
183708
183461
185405
184308
184600
183751
185314
185085
183568
184493
184596
185499
185014
184330
184489
184020
184179
183600
184815
185580
182823
184030
184971
184586
184369
184626
184880
183501
184733
183829
184749
183697
184244
184444
184293
184748
184577
185661
183489
183998
184748
184504
186872
185086
184967
185037
185259
186137
185529
184676
184537
183831
185519
185279
184877
185463
185146
184268
184755
184773
185346
185664
183930
185279
186302
186627
186029
185295
186221
185159
186036
186841
186209
185425
184231
184394
186486
184331
185392
186276
186030
185026
184980
184146
185603
185467
185415
186248
184604
184017
186493
187010
185108
185482
186500
185218
185768
187364
184550
186294
185727
185207
185223
186619
184875
186201
184537
185977
187097
185376
185548
185864
185149
185954
184815
184897
185308
184999
185046
184795
186167
184927
185119
186943
184698
186810
186033
187077
184733
185606
185303
185827
185295
185855
185638
185365
186077
185977
185416
186074
185524
186242
185263
185225
185484
186038
186028
186145
186368
186023
186496
185897
186231
186026
186085
186241
185931
185235
187184
186942
187147
185937
186438
185597
186421
185016
186812
186546
186076
185823
186268
186349
186155
185673
186233
187818
185252
187507
186722
185820
185122
186818
187442
186017
185051
186044
187203
185151
186383
186107
187179
186191
185757
186873
187057
185860
186113
186943
186872
186960
186617
186849
186517
187075
186594
186787
187185
186769
187110
186931
186404
185990
187201
187210
186268
186850
186387
187156
187835
186076
186528
185810
186586
186477
186524
186113
186190
186687
186452
186413
187469
186339
187142
187618
187428
187440
187594
186238
186758
187114
186416
187110
187078
186968
186302
187465
186757
186839
186521
187799
187177
186472
187309
186087
186742
187162
187734
188019
185788
186822
186397
187134
186565
186754
186462
187178
188510
186081
186902
186286
187206
187068
187019
187077
186340
187426
187127
187351
186618
187553
186016
187653
186994
187767
186844
188024
187860
187244
186781
186868
187418
187347
186367
187873
186659
186692
186623
186755
186643
186499
187779
186637
186594
187346
186319
187145
187339
187136
186347
186840
186348
187936
186709
187143
187474
186693
187371
186450
185871
186830
186735
186661
185912
186596
186476
186095
186839
188663
186534
186988
185708
188388
186314
186785
