64812
58817
73128
60850
63217
58062
60379
65103
56357
60582
55902
61716
66362
69920
54390
60043
68471
55093
57984
68654
61433
68450
64188
57714
54178
61995
76953
64672
67873
71821
58921
70547
61212
63791
63852
65364
59907
65628
65630
62330
66264
60873
57543
58849
61136
57746
56219
67223
60254
57458
63897
65768
55634
59715
61944
63355
72023
61801
61444
66439
60016
66731
61989
58831
68147
58394
62224
70791
58132
73326
57830
55963
61024
71241
65216
69119
60563
58943
59384
61186
65036
57908
69767
59221
64890
62920
68342
60995
59817
57584
62025
60665
58160
66830
54756
60023
66330
57943
64049
69752
54689
63034
69018
64198
67776
65744
62795
59928
73035
66543
56527
60593
67935
57653
55266
50748
61444
70361
54975
62084
62347
63855
66470
62171
61917
65601
60972
61377
58208
66749
63058
67312
63074
49743
59947
66986
57641
69964
70539
62165
60703
64258
58422
59579
60122
63940
66532
60753
69233
66824
68351
57532
61759
57626
63344
67575
63008
62777
64000
64094
56568
72414
58807
61735
63055
66266
60648
67349
59000
63873
66848
66203
62362
59751
58145
64583
53205
63203
58463
60642
59902
67284
56579
63450
59160
66541
56847
64312
56839
63775
58554
66141
67204
56955
61185
64750
62807
69965
57574
58716
61095
66280
58701
63207
65355
61860
62920
66120
61961
66420
59439
61667
73182
60067
69317
61172
55314
59396
63973
59003
58786
56975
65344
64097
64287
57178
70982
63546
65750
67787
68537
53608
65801
72585
72865
63648
55482
62126
64205
57518
65759
65115
58647
56102
59718
53880
59336
72362
63088
61121
55732
59772
59161
59925
63500
55318
60134
56040
65577
61396
58117
56989
66738
67928
60071
58305
57156
66107
68457
70904
59913
68008
63171
53092
59199
55808
65659
58114
66089
55928
59802
58156
63803
63983
61462
68463
70764
64102
58927
65580
57823
62901
65930
59014
66648
58179
71226
57465
58544
64763
59643
59800
58352
63790
70050
64006
58180
59047
65322
63478
65428
56119
68397
65780
53198
62743
68499
72689
70765
73734
69136
76040
69479
65638
59862
74148
73120
61039
63189
63888
68494
61188
59584
60909
56633
64426
64297
69380
58969
62130
60945
65144
74340
65364
58972
59418
67427
62297
58138
54713
67885
63686
56614
63200
56939
61470
57575
56633
60892
63391
62684
59207
56850
63166
70680
66335
77023
62316
64241
65088
69663
76228
63427
57355
63128
65656
67720
61559
67721
65966
64170
72749
54613
60501
57474
63992
73241
61990
82536
69512
66355
61324
72806
63616
58915
68023
63687
63731
59199
61888
71957
65503
60762
63449
62789
59282
64984
64887
57844
68288
73132
67511
68199
64373
63879
55266
66775
59083
64552
60255
66232
55407
55533
56171
68255
52358
65916
57399
67999
57588
56817
65673
56399
60634
63100
65821
77978
78783
70278
76791
57915
66015
60717
58390
60544
54136
57630
67726
70959
64234
69179
64252
61216
63792
57159
60962
66591
60737
63969
60616
57537
61575
60858
60053
61436
58102
55379
62977
59238
70477
70455
55101
64775
57266
62660
57621
61230
77940
62459
60012
61969
73126
63397
67272
56170
69448
64767
74195
68847
61777
66293
58098
65922
56432
63698
57338
74159
65469
62895
66073
59410
59388
60445
66163
55850
52435
53254
65216
65461
66799
52040
58461
55103
59293
58688
56963
55259
60706
64581
55806
59379
65821
59044
66167
57225
68177
70693
61186
57282
68342
62993
76995
55111
66707
62836
61252
60494
70781
52654
64785
65412
63203
57357
74583
72369
66301
66319
62348
65097
58923
64947
54966
68861
68019
61915
50828
60261
58918
66377
68311
65354
62068
65696
67415
65193
62425
62284
54177
56111
61251
65443
63974
61312
62003
64178
56565
64794
58587
59007
58313
57524
62348
67440
63112
64441
67383
65736
53246
64039
59884
57945
64717
72586
64060
61482
72582
57069
57871
56687
61131
56535
56086
64711
56181
60039
68098
67391
62717
57372
64965
59227
61573
64814
71504
60706
61451
62719
67566
63653
67182
60561
54183
58101
55112
65889
58669
63770
65183
56259
63266
61366
57912
60039
64902
68918
61381
65750
72070
64783
58638
61939
67634
82284
66380
69914
73817
66542
62566
58950
62290
68719
59504
68016
60611
63475
61100
56727
71304
54089
54372
63847
68271
63146
58703
63549
61389
63855
66274
60677
62453
61204
55185
64950
55108
57117
62414
56590
64971
60935
61223
56452
61958
62505
54063
59304
62537
61057
64890
55904
61507
67287
58351
68239
68941
61953
54957
63217
64885
62542
61903
56813
56576
61906
60210
60949
59473
61978
55513
62125
57693
73180
63303
57762
69592
58143
60905
62047
60446
56009
58569
56105
69487
59491
60547
61535
57079
61448
57306
62348
56022
64398
57287
58417
57057
62904
70708
68963
67296
74387
66771
57489
61815
63268
57734
72286
71226
62554
66304
63682
66580
56152
57440
65343
57290
61603
74784
54676
60602
56225
61700
57077
55279
65608
59856
59156
61979
65756
58987
67537
57781
59831
62123
66261
64807
54836
60819
63331
55775
63363
71409
62213
52453
67549
66379
53918
59347
64035
68155
64467
65458
67375
62990
64847
64707
64767
61349
51051
67426
70144
78505
74028
66741
57330
61384
68961
61718
63504
55369
68813
71048
66632
69718
64593
65862
69434
63978
64376
69516
53736
63546
57518
66206
67519
60491
58907
63031
61829
65762
62954
52710
62924
66756
66781
65323
63308
67053
64846
59538
61876
55240
63718
58120
58515
62148
60333
70453
64581
61382
69380
71701
63309
56348
62135
61869
63543
66232
61146
62092
76300
67293
74843
70585
73563
60095
57925
64793
58917
64707
71765
59676
61114
62350
73034
59412
58777
59291
62329
59633
60979
60699
83306
83183
79290
64760
63535
61514
66415
72483
64832
55715
62952
66132
68617
63412
66967
57308
66157
60150
64769
60231
64718
71528
87847
69642
59959
67948
65634
63359
59146
62207
57008
69238
61054
62082
59514
64689
61487
62203
64719
65954
60596
57771
57231
60108
60871
61108
62770
60790
62643
61788
62635
60761
57715
61747
63091
65711
74105
58471
59616
59790
64302
71078
56249
55912
57042
52897
62730
57608
66331
58957
66577
69099
62044
50577
64366
60604
73357
59618
61185
64548
56856
52824
56691
62880
62274
63556
56913
65362
62909
66060
55208
56281
51399
59392
75991
72054
51867
65536
62697
62062
62132
65053
56678
56858
61270
61974
64821
62738
64833
60922
55797
64606
61721
69360
61904
67046
64496
62485
60628
79282
63543
62418
64942
56270
60821
57816
58810
59262
65727
55615
65465
58114
58493
54248
62902
59592
56760
60664
60060
70041
62551
60022
63168
59399
58433
58079
61025
57218
58773
68109
59604
60158
59911
65972
63963
63034
64663
63240
57134
60629
49605
51837
61170
60984
79891
76359
72566
61376
57441
60926
60918
59098
69189
72643
75793
75522
65006
55353
62215
65741
67636
59491
54421
58380
66162
61441
60811
56533
62523
62359
54571
60478
61075
58052
60695
61478
65661
63678
57060
54875
67049
67084
71720
73941
71415
62284
62193
64986
56529
62292
60604
58301
58769
64221
67027
57248
63208
63293
59009
55482
60179
64940
53902
59287
56197
57551
58933
59488
61159
63811
50842
65518
64747
67414
61235
57910
69714
59768
65050
60838
69817
73478
72649
69255
58391
55434
55543
69501
57082
58841
78133
59773
66873
65053
55783
61068
70339
95898
70114
64276
65071
71196
68119
55532
53696
59883
55017
64304
61398
64098
59174
65350
63764
59610
58225
57287
60801
58285
57825
54132
59172
61608
61008
63544
61868
60060
57296
68102
69281
61378
66406
57104
53555
58858
59041
65104
63758
67217
47004
58009
62039
65637
72126
72226
56150
51463
66664
70794
64818
56751
63700
62667
60626
56377
53485
56686
61585
58356
64709
59625
58926
57587
55001
56786
65504
64000
65083
62435
57744
56599
59970
69298
62160
64284
64522
58643
69076
70895
56328
62475
64582
65595
57707
68893
63780
65452
62052
65612
60322
57828
61957
71830
67783
61314
76218
63535
66929
63368
51290
58006
50682
62621
56824
57237
56583
60727
60344
68345
65843
56657
62258
56665
59431
66765
53543
65881
73977
61745
70487
64381
59347
72120
67837
72907
59339
67295
66086
51734
58536
54225
61837
56698
54221
58843
65937
58273
79913
75096
79528
78881
65252
57869
60734
64432
57831
54802
60384
56845
61907
58178
60405
58866
58909
71837
58810
60824
52856
66938
48318
65557
64149
52785
68985
72289
75954
74657
62380
60113
61244
56822
56653
60628
69783
53764
60114
58455
56706
60077
55918
53207
71328
55409
59982
58659
65513
53896
63926
64075
60458
53091
60829
64919
60585
62325
52219
57555
56907
62148
60809
62238
62840
61685
64098
50245
63908
63530
53319
50925
57453
63808
64360
66593
58963
67585
64391
72211
74289
65778
54466
67030
65427
75678
75209
70627
64219
69224
65936
60281
59136
61039
64738
60895
64431
54385
62198
65082
65922
60297
62218
64325
58171
58718
57928
58171
54867
63405
59007
57517
61254
66852
64566
57434
54524
67401
58963
53190
62635
58259
69620
52729
60968
65928
71327
57859
67167
54999
60907
54288
57146
59903
61137
64433
59053
59340
58287
53345
58480
56845
66946
59041
68398
67132
63848
67693
72644
66177
65730
64754
58480
64042
65315
75209
73272
61256
67464
59667
60054
57658
56860
63168
60378
64019
61034
56571
62141
62963
52768
69602
60881
65330
59600
59466
61772
59199
63026
75208
77835
61186
63638
57061
59987
63137
74678
63516
63289
57783
57446
61390
58612
64175
60747
56739
57355
67714
63090
60950
66481
61412
58093
57223
65186
60918
57231
59603
57023
57753
65859
62846
67514
62421
52160
55694
65660
69465
74830
65401
64878
70916
66412
59502
57704
63208
64524
49135
69564
68412
74844
62876
62590
71134
74319
61975
74997
66014
54396
53419
67672
62873
62760
55009
55292
74534
62725
57004
57286
62968
53388
54803
61691
56439
58503
67282
54009
67250
61799
64212
73704
73803
58015
57759
64151
60912
55526
61256
59510
61865
61005
53083
71659
87758
67821
76188
62689
61149
67447
67373
57788
55002
65201
59231
63486
51431
68247
71848
68995
74087
64148
67787
59649
66541
62318
64348
63762
57214
65374
62527
70192
68928
64054
53423
63027
62820
67411
57470
67676
49469
63663
60390
66308
59390
57894
60478
65516
58343
60582
62101
68170
61966
63455
62387
67688
58083
53661
56298
69811
53720
64816
62898
58367
73751
74442
62885
69349
79462
63900
60051
67277
63754
62637
62729
55525
62051
56999
53089
57303
61821
53776
56817
66887
57538
51294
50410
68348
52267
57879
64215
67897
61952
54196
58924
62675
72178
74908
68571
61993
61681
58629
57048
60308
59023
64069
53741
56844
59700
51296
61772
59856
57100
62382
57482
67939
65841
67942
64168
69966
53996
59537
58809
57009
58862
59453
59035
56203
57043
62040
52207
58304
69007
68722
63800
59187
61382
61610
54292
53807
57561
60839
64042
53753
64385
54336
56675
59870
54045
59438
53845
55307
58906
58702
67900
55917
61793
61610
65410
64651
64459
70345
67248
56072
66595
67149
67827
63030
53120
59641
58064
55857
55263
62166
75386
74214
61367
56130
61397
60099
71240
57331
62640
69149
73926
68542
76580
72108
63512
58233
59837
62742
58088
65133
70869
74880
69444
63410
57992
60444
56168
63243
55410
53927
56837
58751
58165
58320
58553
61588
68683
72817
55266
62948
67031
59525
61478
58981
60606
54941
64740
60646
51443
56858
57356
56389
59797
60530
67777
60741
60944
65903
70414
67146
58072
57935
54488
59245
57688
65503
60647
57170
54408
69934
64322
66716
67396
59604
65746
52111
56364
52861
66127
65633
60586
60278
60604
60878
65118
72347
69835
65509
81682
68250
64539
66398
72771
75754
66919
53675
58740
57079
63476
54271
59937
62476
57405
56318
58511
59654
66626
61071
54662
59935
66162
70828
70495
71787
61210
52216
52553
58296
66870
62045
65466
66798
59070
66633
55256
57493
62654
69985
61055
60842
71239
63196
53931
53106
50106
55493
57015
64272
58222
52464
55033
55698
56330
68459
58584
62573
65993
62649
54940
59158
65197
61742
59272
62002
58164
68218
58159
65882
55457
58390
55465
53431
63931
65680
62512
54880
62016
68962
64023
54184
54987
64675
59549
57948
54956
59720
56778
60641
69113
69596
61842
66604
68994
83804
72636
78052
55280
57309
56823
63450
66113
57421
55917
55218
58700
56896
64164
58503
60985
62389
53502
60736
59323
64884
74183
66664
66125
67058
54428
49803
53108
65236
73220
73584
55456
55142
60143
56809
57205
60057
67679
51888
72541
64698
60377
60275
66156
60794
64918
64820
56771
62347
66959
55278
63127
66921
66658
64258
58902
62067
62968
60830
57742
65625
57558
64976
58641
56651
54320
59968
54038
52439
62118
62681
55276
59530
62162
56658
57863
58048
55760
60403
63362
57213
57975
56474
60519
79050
53652
63065
59786
61367
60486
56739
54633
57502
60226
58742
53730
63049
64582
59766
58343
74644
81278
65286
65673
52331
62018
61566
55717
58904
50377
57936
59754
56575
56949
57506
61414
49564
69299
58219
61373
59307
62032
53272
57072
56898
61594
57850
55790
59090
56690
58448
56614
59568
81117
76798
80355
76074
58757
63246
58014
63365
64056
60152
58948
60901
63481
70377
75510
80656
50951
57083
65784
66962
73150
61672
67310
62023
57671
60482
58357
69229
54987
63468
56245
58198
64763
54149
56165
48933
63980
56478
57084
61658
58113
51807
61514
66502
57619
57206
59617
52909
60093
56924
64486
47895
65030
64107
53072
61679
60360
51490
54034
59732
55175
62862
53749
52778
62531
66335
64944
54027
68626
69619
53307
60525
58745
60228
65106
72001
71030
79294
77045
64145
53081
67024
74026
69583
61029
55882
60611
65693
63248
82030
72554
79142
61854
57474
76002
70341
62713
52682
50237
56329
52085
61598
76780
73366
61192
59277
54714
55206
55212
58078
69447
59286
57083
56211
65375
64570
61950
64807
61403
51491
59199
57660
59740
57417
68849
64212
65037
65114
63926
52289
67243
62808
57785
58823
57393
55905
59592
58014
57052
58855
51436
56951
54041
63182
72267
78370
67438
61198
63925
69757
66458
64057
67027
60439
56420
58779
64218
57539
55595
66901
71546
58546
54375
58644
53905
60644
69621
68166
69232
72511
52124
57885
65331
53781
60175
60493
56859
56161
57061
59177
54854
58261
61123
73952
72901
70299
74541
74307
62179
61128
56538
61121
54968
59040
59976
65048
55769
68672
58174
70469
61117
59112
53245
55293
62420
63076
56992
56584
68952
63219
53061
53941
56655
56370
66216
57448
52825
57387
60960
58736
65737
52497
58627
57733
66004
60736
77806
78083
69658
54080
57639
65200
60331
56284
62163
52148
48256
59054
58837
63643
51987
58392
57246
67598
69793
73680
66553
54777
55263
63763
62958
68360
75588
64695
62476
63717
61777
61408
66989
54628
54048
65903
61783
69255
51993
63513
54345
62230
72713
73852
62087
64321
67574
63305
54077
50599
56687
62443
58491
57366
52673
55766
66815
60220
52813
53661
58114
58246
55138
59654
62217
53321
70032
71887
75193
60100
56913
59914
59387
50719
58444
65955
67867
72719
76048
64998
55564
58165
59422
55959
58874
55469
60798
59491
70138
63202
55761
53355
66986
59929
55937
64358
53656
55934
55062
53858
63120
81647
60503
67774
49976
55247
57569
63878
65032
55720
57898
58645
53446
60443
57131
59362
68906
62390
57307
53892
54825
45436
55364
57685
59263
60389
72853
55876
68065
62784
67898
57316
58685
54576
61024
65865
68350
68587
67270
57364
59661
56486
56912
59955
59259
71063
81204
63943
61948
73902
65582
46777
55604
58523
62622
54707
57814
62711
70455
72523
77887
62171
68532
64009
62869
69212
79220
66730
70551
60676
51664
70571
65718
61232
60478
62543
55181
60455
57640
59340
55977
53220
57468
55068
57727
53182
54661
54727
59913
52531
54540
52647
56091
58032
58328
59483
51812
60940
57027
66138
57244
58059
54216
64028
61725
57600
64649
58197
57664
60254
68628
61409
62852
59173
55494
60500
58618
51150
59296
65857
50684
60672
62471
60011
58057
53880
55430
66382
60943
64988
64265
52386
54222
52021
58006
58007
54591
55297
69325
53651
54185
61859
68272
69201
67582
58876
51478
57115
53619
62963
58653
56530
62019
59713
55161
50735
54614
59290
68145
66104
63128
56616
50884
56000
52882
50267
60578
55635
69986
70367
72977
54569
67090
56120
58068
72048
84213
83339
69776
76698
60625
58430
59845
50539
56178
50990
54099
55367
61624
67458
65175
66062
74509
61452
60638
52186
52929
60000
56642
60072
58251
56273
52540
60881
55975
63434
56413
67781
56902
59423
58770
60003
57392
59570
57321
65355
50503
58313
60769
59996
46135
49368
65364
57177
58310
63259
72715
69457
81361
77824
76060
70869
60800
64353
63635
60718
53486
56414
55228
62628
67008
52056
55787
56898
55907
61189
52793
59351
60423
64209
57649
69693
67842
62462
56544
58980
52276
57979
55003
57648
54348
58366
59211
51287
62240
63662
69729
64963
60796
60551
62052
73253
57959
58767
56680
60068
55017
54017
55196
62605
76627
72719
50548
57095
58938
52432
55566
56888
60422
71679
66678
59977
54223
55232
57349
65735
51906
63468
59049
54179
63077
70594
63168
58027
56204
65959
65769
57121
58606
51048
57648
54230
49468
58583
58979
55254
59334
63515
59388
61155
58015
60255
67962
68243
62626
53881
51326
61902
53756
49539
55392
61222
55967
53227
52008
63211
54239
57309
55270
47263
62645
60390
75895
48053
66297
66517
64349
73793
67075
63042
68796
57424
63843
52297
65772
67947
62073
54870
53278
65553
59689
59621
60307
62572
53386
65874
63121
51086
57005
56422
66822
59772
57758
58026
57661
58466
52311
55164
81906
68532
65112
64276
58123
53255
59157
57620
59460
54316
54920
59065
59007
68941
64110
70698
67973
66320
56070
59792
57391
56243
53286
54285
54997
62153
53566
64550
60053
57581
61623
54482
53536
54340
58079
57169
65807
58825
49822
52041
61339
55545
52778
56776
71726
52804
63393
51448
54084
56780
58470
59143
64202
54620
69605
63094
63536
73345
66217
51616
62504
64316
56329
65660
54131
52711
58810
68263
77777
73242
73397
70133
52311
59123
53060
55090
54030
78811
71853
76750
67500
66733
55189
59840
54214
63180
56941
54171
55667
61467
54464
56401
56091
55609
47568
51496
57715
51340
59364
61252
59616
65238
51592
63690
62294
73786
62356
65235
65843
65383
69220
74359
54505
54022
49471
56343
53779
50898
55218
50687
54757
50756
54588
60074
51073
53481
54071
57447
71500
72255
69068
52798
58097
62092
54676
56155
58622
54556
55921
59501
52882
58944
55499
58695
65376
73469
67730
65743
56612
55949
59475
49345
65010
58137
57029
58447
60522
52562
51405
56671
63880
62937
62818
52623
56538
59095
58445
66683
72127
81589
69796
68458
55384
57730
55517
55654
58268
62302
51777
51301
57817
58914
57796
78662
64407
66279
59315
56881
53209
70024
69335
79234
71483
64331
59533
67455
60985
55706
47934
52921
57007
51926
54418
55233
59336
61419
69438
67124
69807
63192
59083
60018
57022
67792
66644
69281
61520
57178
52298
57198
59881
52431
58027
58368
54677
64654
55147
53691
57124
58546
53507
63063
57229
51512
51934
56999
52715
61603
58856
55962
71880
63372
50171
60338
60513
51420
57162
59855
54883
52861
73137
64511
75262
70400
65070
69797
76924
72764
64067
61538
66995
75128
72085
69570
73885
69925
73529
76468
66261
66216
56517
51888
57847
65824
72918
72159
70609
54038
51364
62850
64037
55681
58798
51337
54017
60513
56164
54068
62797
55774
65666
51545
58177
57947
57577
59041
56085
55863
54322
59049
57227
65305
72127
64816
65980
66106
50991
54813
62683
62825
66901
59729
72902
75438
76547
73628
63537
51988
60371
52765
63156
73675
61009
66607
66410
57565
64807
56206
53274
56686
54009
53555
56750
53546
59646
52998
50973
56728
63560
62286
65309
65783
71504
71600
68843
63944
53159
51869
55931
55651
64123
50948
55668
61907
52699
55241
60014
61212
72996
52698
57265
54421
56650
58231
70993
67291
64280
51645
58048
66484
64206
74961
70858
72713
71774
48070
55738
49246
56199
52573
52260
56442
61273
57602
54044
55594
65599
54882
55195
47371
71879
71529
63729
63686
54734
56821
67334
63319
60160
68399
65961
61982
70845
52735
50728
61840
58253
53792
49085
64531
63703
64319
71985
67304
72899
63109
68373
73589
55101
56804
59104
52421
56122
56902
52388
50447
47585
50633
53892
52301
51085
55865
53293
53379
53087
60061
58401
61407
60152
53968
54434
53779
51088
57043
50991
51495
63508
61962
68437
61299
72640
71049
64704
64769
57097
64676
62677
61986
64464
66591
68015
67526
61436
54895
52599
71574
68508
69270
69660
64128
66823
73424
71554
70046
64241
57863
70452
51138
47180
49043
52215
61081
62521
58465
60133
50219
54972
55932
59467
58771
62388
72036
79371
75513
72531
70803
68653
66033
73282
73215
66481
53026
51707
52540
59855
56892
50889
56578
56144
58897
57974
50926
58856
54624
56649
53321
59535
61561
48332
50937
58400
58289
53602
58161
55692
63412
59565
58736
67271
70565
81826
75083
73850
68609
57715
54536
59804
61391
71834
70356
65192
50703
56480
55930
54701
60887
66864
66023
60920
54475
55517
52525
56569
52481
58882
53272
53069
54454
62262
58202
54810
66951
70663
70878
70651
73276
67031
66708
67181
57039
56009
50962
52908
51090
52540
68315
56684
56325
50620
55089
61711
51115
49219
58225
52452
63417
62920
56585
58449
61116
70185
67717
75220
71127
61563
74545
56805
65024
59481
56702
60515
54968
52458
55659
51559
60349
54335
59122
70554
68642
72353
76830
59354
50497
66654
58223
64453
70328
67630
63313
52117
62630
64796
59244
69886
62279
51136
58611
64072
57581
63482
57905
51856
56118
68437
70241
54496
53109
49851
51326
60524
65825
58604
67601
66755
64115
67436
65475
71067
74369
68569
66808
69560
60566
60763
55694
60085
67678
63272
64797
55234
56876
51818
54070
56002
51393
55938
57904
54572
59855
54432
59585
67240
63027
64833
64159
55453
51826
45766
46544
60087
49764
62130
67151
59349
50673
67419
63490
60878
51834
62277
64857
73501
71974
69354
73419
75888
64380
50259
53876
56948
55072
59797
68152
66482
63806
59116
63263
62348
66579
67249
54423
53137
60261
55710
55675
54911
61290
52741
57952
57567
50076
56772
53332
58981
58350
67227
63300
66436
61168
66496
65726
65477
60010
62417
63892
71815
56864
67569
66605
61385
54109
53544
66681
64817
69500
66615
69531
62533
66121
63590
73679
63157
53603
56043
64597
67582
50162
51810
57013
59982
63982
61013
66366
58838
57903
53874
51788
55125
63307
54091
50365
61594
53936
56917
55169
58828
63500
55032
55449
53084
58143
64043
70043
73827
53114
54558
63198
65076
62765
59313
55469
64218
65924
60581
66745
59678
57859
52393
54985
55188
52234
63604
51416
60856
64600
60051
60549
63082
49907
58156
61574
48675
53349
55135
51510
56431
52274
54733
52672
51873
57185
46579
48165
52404
61546
53711
60135
49019
52890
52333
60241
59515
60583
64734
50911
48466
56866
58105
59779
55608
53856
51773
51118
56559
61646
66030
60435
53865
55271
49758
57788
56180
55440
55189
59379
65612
74575
60799
51855
51325
45482
57108
48506
51241
56452
55292
54991
57579
53797
53354
61626
51084
49958
60331
63834
53466
54819
68949
65793
67754
67138
63702
58353
52866
57313
52679
65212
56128
61135
54184
57466
53994
52658
61070
62315
75613
70283
69892
72412
66581
69219
67013
62827
65672
58425
72899
62256
58735
68396
62481
69218
68923
53931
53403
51590
53452
56267
53447
61941
70044
73424
59935
61080
55425
57040
55704
55162
57276
64932
67053
72003
57385
56333
59453
50784
57574
53430
55425
69366
67636
66312
58533
67966
64254
59568
57367
51638
53529
54198
55407
48470
54799
53045
55013
54146
56741
65346
63364
53014
56218
50381
53166
55607
54347
54031
50956
51161
51623
55377
53992
65824
71283
67338
60825
63482
60564
68183
71508
56569
56048
57777
52986
63377
47110
58374
63455
61069
54992
55192
49759
57100
60117
61515
65721
62678
64787
56371
58963
64297
74426
62264
58172
58272
72668
68773
59321
51846
54411
56823
53487
56242
55045
74226
59077
58874
54421
61768
57250
63381
54466
49566
63544
70013
68911
75223
56307
52954
44411
53734
50696
60776
56290
52908
55576
53903
57131
49665
60676
70026
70085
65378
61397
63211
66483
53386
63165
65069
72149
61833
52813
61445
71778
59389
57873
50380
47706
63030
61355
65770
56877
67713
69518
64700
70803
72597
71080
72658
68359
69255
67175
53285
51172
54662
56143
53196
57441
56647
49280
56659
49628
53774
53326
64789
56367
60539
57148
66104
66226
73785
64559
66451
70153
64859
56885
56112
56817
55755
51939
54322
52356
51261
48194
50058
53201
60740
52690
53339
55092
55911
61193
50930
55883
55197
60249
52323
52294
52862
56862
52377
53431
57602
50443
53532
56403
50781
52979
53756
80036
67770
67925
49428
55462
60423
64182
63180
54819
52556
62875
61427
68218
74174
76919
77155
60687
64111
68671
54603
56476
55826
55645
51775
55795
53507
50994
61474
48844
57676
51530
60628
55354
68397
58591
61352
63751
66900
60732
61533
71307
66436
59422
60556
64079
55456
65052
74399
54971
53022
51434
57122
71617
63090
70377
58054
54877
53986
60792
54684
48836
50694
53955
64459
62694
65501
71263
69011
72448
58245
57563
59585
51918
58161
65109
63949
60787
51032
49971
57160
55465
52555
56206
57945
53125
51166
49829
63486
66583
66108
67725
66759
69352
66117
61038
51714
55110
53502
58253
50420
52583
51473
54710
48745
51506
52747
54877
66599
70108
62389
66432
65624
53245
61184
63505
61857
66880
71215
65783
68611
66215
59877
71783
64085
58023
53106
71056
73635
63643
68416
67187
62241
68879
61866
67189
61916
61417
63362
71339
68798
61479
54658
61954
50738
54265
54486
54827
56756
64434
73634
62350
65468
68627
60475
66361
69798
71727
57409
55839
52335
65601
64055
71659
67328
52574
60885
61192
53371
56275
68534
57089
56463
53938
54600
58371
52518
54841
57057
49613
48600
51377
52847
52157
68267
69298
67049
56362
54542
50031
54001
53614
50572
50219
46880
54760
52821
61701
71782
62519
69185
66293
72377
66250
61851
68848
56481
59207
53092
53664
68924
59687
62169
61876
66524
71561
83023
67948
67213
68099
70050
63419
61268
67663
53837
52045
60906
54868
63840
58609
58042
59424
52631
53810
69200
74993
70901
66549
50657
54469
60419
49854
52686
57496
54738
72685
73002
70189
65855
58105
61385
51558
49418
51925
46172
54173
58007
50739
55882
59323
66106
70491
65672
76464
71024
70204
67232
62003
52408
60032
70777
73095
72151
70665
70577
50165
67637
63540
67822
66767
62427
60354
52217
63622
54949
49163
54594
55903
52141
55223
59338
59738
68335
69175
65099
67540
79747
68722
74510
68511
56361
62901
56062
51120
51940
55792
56309
55984
54515
58809
48927
56042
55799
54476
48170
55367
59844
69551
62763
69444
70858
63349
66322
61323
67551
69831
51656
57441
48868
54019
49522
66331
61900
58718
66962
55068
46415
63005
63495
60777
67887
68501
75242
67273
69241
68092
52843
50341
62318
56843
52824
62134
56783
57976
54592
52394
53308
56028
53434
46720
44262
48475
54827
56140
52574
55622
61567
56437
60029
59543
50461
54006
59071
55340
54010
45452
54055
49186
65525
73583
65336
57836
51315
52245
71202
72953
69561
69887
50519
61312
49721
61837
60597
49924
50039
55401
53643
62349
66402
76083
65618
56634
57073
64503
68248
51967
54981
50183
52172
66246
65220
68695
63970
69142
65021
59026
62964
65422
68312
45830
54707
52195
54702
51046
44179
50526
60681
53939
67639
60439
67966
62389
62456
66278
62448
52170
57128
54119
47902
52138
66610
62051
53830
60200
69669
67555
73836
73439
74487
62324
56190
46236
51319
65539
67612
68399
72413
79944
62311
69562
51232
58652
58851
64544
66293
50809
55274
52286
58498
55240
51204
57333
54342
56515
64735
65729
69661
61612
64427
64057
76485
67617
78157
51680
52227
47171
50050
49407
66283
62093
60042
65473
67285
66752
68384
66524
58725
46345
50776
50229
52195
47231
48826
43719
52593
54677
58090
59717
73423
68526
67782
58931
53144
58743
59714
68313
64460
63499
53675
52248
52845
49131
52510
50512
50596
51375
60926
51532
50451
57701
51094
46956
53623
57470
55720
58720
56972
53101
49253
67910
67835
71748
57735
60912
54250
49890
53315
53043
51208
45901
54760
50438
59797
64344
52656
50017
58272
53872
47566
56112
53475
49886
44396
51341
55313
51681
54287
53951
52749
65907
70300
64877
65852
52026
53462
53834
61978
51033
50567
54075
55481
50838
46229
52648
52087
59237
67909
59024
50308
53175
54332
49110
53369
54340
51598
51664
46503
54706
59018
49986
66030
62108
59896
51772
61523
62116
74138
76543
72170
79871
68206
71287
60598
62632
63559
48572
52815
52742
48747
56774
54101
56485
57339
55813
52119
52752
59406
58350
71330
64271
67371
67878
70575
69494
74556
69625
68957
49132
58979
47570
53860
50629
54831
56763
50220
58100
52849
55984
56546
52558
47562
51134
48246
53743
61623
51878
53760
54280
54224
48979
51379
66349
65139
66795
71253
69225
69983
58577
60687
64601
69324
69550
55565
48066
51835
54561
51996
52083
56942
63029
66809
69873
72471
73744
57134
57717
56973
69274
59468
54922
58445
52191
63918
62237
64582
60988
55714
55028
50265
56218
47971
51384
70707
66911
62061
65436
65904
64440
49808
54817
49581
59527
56744
50358
53125
51602
56917
59693
66756
67942
68725
51333
53349
52430
55687
51188
63269
64321
80403
74088
73174
64250
61919
67660
70344
77053
65754
61819
60374
65726
50465
49953
71219
68327
57307
68546
64620
63989
66228
68551
69332
54873
50985
53745
48833
57181
54940
51961
49637
51870
49005
54098
56013
56137
51872
56643
59134
55188
53426
57217
53402
56066
57439
50120
64995
61235
66400
55052
63919
57908
55394
54056
56807
58138
58039
51405
60794
58513
58017
53105
52331
58705
52382
56727
51322
59181
52586
56465
54639
49486
53367
65567
68471
61713
67926
64142
65628
60767
51953
54035
50072
53393
53101
56208
47270
59156
60051
64577
66655
75506
70278
67723
68815
74219
83661
68497
63045
71854
70842
69242
67209
63294
65708
48342
49615
62796
59164
62439
51549
48450
50591
49450
49554
49701
49812
61571
63836
65144
77939
49665
50104
52265
68467
60384
63114
48374
47154
59704
57944
51402
48130
49917
51242
47783
54730
49275
63322
56005
53163
53247
50283
53647
53544
49545
60405
55885
50756
55254
55696
53219
51450
51304
54183
61184
66303
71232
75143
70744
68881
72050
60138
50863
50915
56826
54355
52386
56157
56442
63992
71718
54782
49241
51576
49575
62313
62268
75922
59292
69506
67317
66143
62047
61900
64933
64480
66687
71903
54664
59395
51168
51189
48526
46861
54674
52389
51774
71382
68165
63054
67024
50620
63762
61520
69554
67434
66998
55599
49906
44997
51214
65605
56390
59722
45875
49373
51815
50553
53532
44972
50819
47419
60689
50698
55184
64257
63645
68647
64388
59425
65509
63269
55519
58219
55308
70855
67841
70173
66029
71847
61969
63397
65637
61043
70523
66005
71609
66392
75642
59240
74590
59170
50553
50746
51391
48965
52329
54230
53750
54379
47680
53421
51355
54218
51097
65466
53721
53734
55219
65856
63038
68210
66588
49052
51760
52269
54872
49804
59904
54777
63585
68917
66151
69260
64935
68124
67819
67463
70598
67807
64259
58234
51411
50841
53825
53549
52751
51179
53516
47499
53028
49898
51526
48378
50931
54607
50318
61716
50629
59265
53541
52612
51506
51758
49954
65229
67896
64547
66250
56049
57343
52338
56700
69277
77554
63539
65564
56720
63111
66994
57582
65592
65592
58205
67617
64031
63395
51542
49501
51849
50888
63731
50109
46346
51427
50732
45752
51462
55371
46926
55658
59028
55658
53920
53518
57691
51778
55344
67061
64783
69288
65226
53013
52570
59826
51652
57044
53578
50681
55302
55644
61556
52855
56072
57936
49763
48470
62186
50346
48348
54610
49082
54324
57299
53057
54605
64124
56224
48628
60062
67641
70729
68077
70576
67960
68641
62170
64799
66687
72332
59739
67347
63162
65378
69454
73389
69239
62825
66248
65120
45419
55369
51489
47731
48362
55390
60622
58527
67428
65643
71768
55591
50188
56835
51929
48536
50249
61722
58012
65594
68290
52210
54122
59199
56183
54648
65330
53892
58644
49484
55121
54583
68390
68342
61999
73446
66632
65470
66469
70008
74001
66202
63840
67371
66278
66335
54450
54869
61693
60866
64605
66670
64688
65422
65477
68353
70978
63570
55611
57911
65693
50776
50338
55618
55036
70539
59650
54319
52574
51445
52141
61482
61896
55492
57107
54392
56336
51924
48105
49530
55250
58021
54889
56019
50683
66313
59238
50899
62499
67246
53313
65811
65231
54592
47967
55166
48451
54668
51467
50780
59821
61499
63770
54210
52322
48051
43972
59264
50458
55636
71763
62759
62009
55223
52581
52284
52661
52806
52204
51206
62280
64549
62075
46795
54201
49295
64248
50004
46857
53323
50315
52989
47776
47648
52916
49097
46224
52400
48815
58269
60491
52808
64301
52593
57700
51360
46297
53613
52453
55793
55822
59709
64512
69220
67954
67957
71833
62316
62277
49753
49506
48276
52897
49720
60778
63696
66010
58052
74272
73238
64578
67108
52589
56777
52076
50800
74163
62087
52912
55229
62504
55652
54393
59533
61713
66914
58092
51882
52526
61880
65103
68220
69756
64402
76128
70965
64601
68434
65717
53707
51079
48886
52327
54100
59693
63168
66071
65373
73375
69937
65903
59343
62365
73068
62648
59120
48827
52691
47581
51525
56487
58156
53690
57628
63827
63632
65989
62584
67229
67855
70624
60690
61774
69288
68166
57078
53847
68852
62402
61451
67191
62897
63217
60435
65658
48249
55757
53328
51608
51998
61487
59580
61865
64107
64090
56645
62843
60003
60238
56647
64641
60571
66310
70210
65085
64175
55729
58309
64660
63140
52198
55933
65508
65129
60790
61204
47548
49776
47798
65041
58916
69849
65994
55128
60021
59002
56069
48024
59120
65880
48093
54339
65097
64112
53132
51288
50248
50739
52502
67867
63277
63071
68394
64084
63132
74904
69712
63918
60965
53572
54704
54168
56223
66969
72649
67257
63184
54664
60730
59934
61472
61747
58091
56062
52107
57458
65056
64226
67426
69937
69248
64612
70447
71225
56405
51990
62447
60071
60987
64147
64471
60862
48742
54685
52224
54636
63443
50312
50345
54168
52334
50789
50682
53582
53342
50398
59356
50214
50202
49130
61130
60669
63666
71128
63430
60355
46462
66234
63320
67536
65631
61724
50566
50663
64875
72701
70187
73814
68243
76856
61709
50529
56503
45976
53333
59121
63830
65569
63160
62662
61606
69848
73567
74252
62742
67725
60241
69080
67891
58781
61208
57277
49810
47733
48728
49785
57360
66695
75510
69412
71069
62936
57818
48118
50743
52324
61035
58137
58301
68531
69474
64790
63439
67438
68533
56676
64237
55449
68756
63707
70557
45479
61353
59087
68474
64544
66436
53725
56267
51227
50213
68420
73029
71623
66723
71490
71853
62894
59815
64773
62575
49462
63695
61269
63527
51611
56475
51865
51699
49862
58128
64210
64424
66652
67266
60875
61833
66703
67124
60325
65001
64065
65095
67240
71612
68858
48015
51436
48930
51132
48434
46763
51490
52719
65947
62790
60309
63374
60918
60228
63028
68024
67798
66143
63828
80469
70504
74580
61665
61476
47749
48648
53180
62541
62976
55191
57702
64362
59865
62707
65663
60141
66059
69471
57186
68416
66989
56102
52892
59010
52939
52972
52407
49548
59301
63153
53502
56570
52748
46654
48069
50728
47175
58472
59058
55201
52974
51340
55738
57272
69666
56478
51719
57237
53043
51251
55903
60977
51177
52086
50416
50258
47181
61751
64073
68112
68641
55763
63459
63791
69752
65700
64684
66411
63947
60479
58548
59308
59742
51251
64735
54565
54138
51011
51903
64395
61453
61963
67379
63813
66457
68350
65232
64015
62660
61247
46274
54145
63857
57796
53463
56269
48040
59292
56446
52960
48187
62550
63167
51048
48793
51112
55858
53823
50429
64056
68043
73407
68492
69127
54340
50791
53552
64187
54151
59730
58666
62319
62667
62919
49417
52498
63051
64088
60372
62619
69404
59296
71011
70808
68405
68284
59811
63227
48935
63910
59700
65550
66606
63496
62980
64919
62373
64143
62223
60561
66620
60585
75287
66954
59287
53051
55231
53811
49638
56700
71273
67231
60323
48782
67547
61106
66048
63376
67718
62570
51704
56853
51386
51871
47042
57460
66394
61802
64577
53991
50464
47089
55948
66694
69803
67485
66847
73852
77934
67828
60040
50500
49767
47971
51616
49963
49915
48299
62735
58712
49990
51910
49091
50916
54042
56255
64570
66674
59435
55376
65971
67942
60717
73944
63876
58052
55974
53048
57478
57841
48145
53922
52367
52452
52317
48748
48480
52568
49811
49912
61669
55897
52255
52387
69206
59963
58048
54775
53128
52676
53695
50410
61250
52910
66359
66101
65910
63770
67038
63016
67688
64606
66010
65711
66346
62188
61284
65023
67802
68899
69757
67671
67784
65168
69352
63949
66682
64404
65504
68153
60325
62821
71960
63956
57364
50890
52643
49715
64353
65798
52510
50676
61820
64111
60086
64067
66562
67343
69587
68631
65887
62984
57129
50098
65508
64719
62875
66227
71896
65644
61785
60100
53508
53663
63051
63978
69244
66907
66493
67791
71317
67219
65194
66490
66027
64902
66456
69265
64411
52320
47238
54681
62062
67040
67466
64919
69949
69945
63805
68060
69228
60126
61319
74488
60615
52701
51061
53358
54851
54403
48182
52171
51890
50586
52808
48448
51560
60598
63725
71541
63093
65570
69312
66778
67575
62997
52170
52616
53192
48060
63210
63200
64506
56745
57285
52560
65828
65513
62916
65037
62196
67295
66990
55032
48034
56257
66188
68484
69893
57356
64340
68607
74501
60722
69519
62901
62424
56104
49907
51074
50576
55760
49021
51197
46860
64124
66463
62924
68768
61304
65772
68494
61937
63208
51281
59305
61593
60181
69770
68791
62656
59950
69445
69001
62538
64716
59551
56345
46127
46336
54826
52438
55925
57869
50788
47339
44960
47069
47473
41248
56061
63131
58114
62417
50355
54955
58424
46501
65500
62661
65493
62772
66839
69302
64572
62237
62195
71964
65464
64233
59318
61768
54634
52024
48263
63651
47688
53906
49864
47823
49615
55650
57750
63813
61527
55264
48042
51297
58073
51467
49727
50318
49276
57662
46242
51819
51877
49206
51562
53128
58948
57305
50376
54408
53276
54152
66714
64708
65463
67492
64202
61471
68669
66260
66419
54039
50118
55359
56661
65596
74065
65226
65670
65423
65880
62817
70877
64561
70352
60611
59565
65260
66102
69281
67624
72147
70730
66945
71676
73022
66826
67336
68240
65668
63473
79321
63291
70493
65308
66570
72629
64262
68238
54497
59535
52547
53772
65847
63172
63891
68216
76567
70438
68429
69750
51147
48020
49739
50861
49135
52198
47695
50226
68250
62112
69919
65171
61381
59313
53391
69993
66118
66433
62416
64925
60896
65219
65220
69033
78686
72686
71463
64131
63977
72466
51688
49084
58674
44589
47388
50426
50973
62956
60625
64923
66888
56717
51435
47705
60164
52785
52488
53439
50905
46881
45249
50349
51181
52565
52729
52993
50812
51561
58236
50527
47584
50497
51494
51199
48273
50817
45369
50290
63639
47567
49976
65190
67136
68651
61705
66415
69252
54555
45915
59577
67384
68038
67089
64263
63469
64128
71917
65425
64131
61015
73402
64352
63770
60785
67003
66161
71631
71352
61246
65703
64505
73232
68827
70532
66689
66103
52010
48101
52899
53239
50809
52596
55671
46587
50608
51887
49795
56183
61878
62488
55660
48388
52257
54402
45436
47961
45799
50230
57072
50171
46636
56948
49175
53651
55669
55195
60267
48598
53122
47560
49506
60415
66452
72427
66633
56671
50992
56973
60062
49176
51586
49243
52591
52612
50403
52463
55378
47932
52664
46291
50975
70908
61000
63224
65157
57180
49926
51062
60403
64538
60066
54513
66354
51902
52329
47966
53176
58382
50614
47261
46541
51636
50446
60031
67359
66697
61449
59546
52829
51169
61736
67211
63139
65396
65254
64788
74186
72448
68575
73003
65776
63256
69969
46297
50887
54098
50521
50709
51994
53356
54160
59873
65299
66525
68874
63117
63373
58323
48272
50995
48394
49618
52523
56997
51556
51850
55972
55976
54191
50364
56828
54510
65398
66047
63755
69481
62306
65108
66812
61466
71184
67372
63909
51215
45473
52732
51582
53528
53286
51687
52806
48364
52464
57775
51661
66575
70628
64723
67342
68289
62374
59456
53909
59551
58268
53237
51017
55621
48690
48433
52270
64603
63215
64299
66347
58948
64390
67046
65934
62034
58608
53126
53743
48088
49402
68863
63850
63581
56656
62888
65577
63371
61236
58354
67169
51735
47246
49238
49898
50914
52623
52277
48812
66307
65793
65847
67916
68562
66428
53646
52996
51802
66296
68632
67480
70151
65962
72197
62335
58037
48975
52789
55618
47177
50083
50866
50425
47478
52456
50162
48454
52532
50770
53456
50837
57830
48597
49995
52285
54393
52007
55603
56629
48450
64008
64729
69190
59549
72732
64368
67097
67828
62428
64621
62742
58418
59919
60273
64668
63496
64792
67480
68432
66322
62830
61718
61625
69968
65835
63701
62767
68065
68518
60031
64914
65362
65261
71962
62930
66286
63252
62774
62144
44201
60467
49355
46539
49642
49686
47596
62108
62634
68747
48656
47981
53854
48721
62027
66609
67845
65181
49799
53596
53211
51006
50902
49243
57177
52785
62871
62948
67640
62390
59223
61379
49369
55425
52049
53847
48168
48807
50781
47787
52101
67028
63412
51083
67399
62972
63768
67767
64527
67588
67969
76128
70352
75972
66526
63717
66583
65649
66893
65798
65247
64171
64252
63751
62558
60538
63206
65938
61571
53680
46672
62723
56984
67263
64407
67352
72119
67585
53216
49789
49934
47548
52636
63195
58933
53962
50239
55360
48890
49450
52504
48467
47578
54422
63464
52913
51674
62240
61619
69532
72790
57594
75416
63853
70991
52756
64378
61166
64062
67340
65997
64244
63475
64080
65536
66563
68119
62942
63749
71801
67292
70253
69811
67791
65422
66603
70890
74644
72232
72765
65080
65603
62226
62059
64617
61914
61909
61640
63505
58797
61455
63637
59991
59393
60549
63249
60803
56216
61906
51357
53853
61747
63707
66063
63854
64243
66054
61635
60687
67306
63477
66482
54009
55089
47802
48206
68068
47687
56564
49612
48358
48510
46951
46051
52378
49172
46764
47637
46257
61153
65762
61925
57636
51382
61274
65214
59771
67498
66610
67895
53956
65694
59526
58121
67160
68204
68133
65723
61832
64304
59704
68195
62215
66735
70121
64470
59832
61233
62407
59455
64019
57359
58572
67874
73515
50805
50977
49333
47155
49698
57838
67823
62981
64765
65253
68579
68128
68854
65879
51231
51944
55601
61579
51550
54344
53643
61683
60841
63244
63189
65888
66005
65661
65875
69909
66402
66945
65519
63606
50604
60011
63051
61391
65875
60286
61507
64386
50731
49284
46099
55114
53927
49256
62611
60340
67884
48363
50935
51264
54327
55185
62394
53757
54698
50724
51614
48668
55310
50273
53073
54022
61890
51287
54924
56861
52202
63562
64361
65502
63200
62795
69469
67634
70334
69073
79625
62287
70895
62338
59250
70676
71022
63592
69569
70816
61213
64968
61285
63205
53554
62785
64300
65296
59808
45201
48220
59989
56549
58524
57695
68470
64441
61175
52491
49665
50251
48488
57057
51829
51362
50533
48835
49801
54882
53831
48577
45639
49453
53327
46647
53643
47699
44549
52376
50450
47027
51499
56787
52840
47316
50433
48541
54979
51989
49478
57071
59411
64291
60955
65460
73695
68964
65538
73551
67666
62900
61503
49996
50650
47549
54121
61609
60217
60527
48401
51028
49580
56098
52349
61188
63212
63834
60977
67276
64422
62521
66235
67128
65135
69682
66269
52883
49759
50931
65717
67433
50064
61986
64235
67052
65008
47955
51569
61836
47490
59187
66291
63796
68339
62332
65201
67545
60100
66119
58323
65768
60462
62339
63434
67915
53374
54307
63140
61794
68689
62417
67297
67759
69182
58298
52183
50381
63802
53633
53245
66410
64314
60520
58969
65666
65548
66208
63614
65971
68266
62570
60870
64882
58391
64725
59399
72297
68011
68852
49862
62917
64940
64138
57319
59949
59277
68645
65601
63493
58817
65012
62874
47643
49672
49882
55238
47800
58643
67623
63043
69022
61206
64561
61200
69867
66164
69113
60499
65071
67896
65953
65309
60522
61148
65670
61874
63575
65269
56971
63749
66571
66057
66132
58418
71311
60818
63989
60239
64640
62583
60710
72387
62083
53670
57430
50420
47872
53465
50034
54881
58124
65954
69102
67874
67533
67213
61025
70441
63130
62866
59310
45535
51735
59451
62984
66771
62713
65571
59230
49327
49571
45595
46610
47305
69153
61886
58257
66320
61866
60509
64468
64127
52303
48823
56116
70993
72210
65734
61302
67973
54347
60605
66004
71213
63215
50171
49676
51882
48668
54046
53938
59700
63335
67500
65731
63472
65071
70364
57785
60695
51593
58120
61820
64667
64032
65581
64064
67848
69553
60130
66002
65207
69226
69192
67518
63483
65382
68703
76549
64879
62234
75537
69244
68157
63938
74108
67291
69984
67165
74170
66393
59754
64598
63087
60782
63957
68735
66348
63792
63534
67372
65492
69055
66608
62554
51650
49978
60786
62660
69482
63293
62132
62606
69576
68649
56338
66453
60996
64884
64418
63904
68261
66131
72494
71469
68542
49469
50407
46810
50230
49999
60419
63327
66116
63566
61445
65652
63406
52056
59475
65267
62903
62594
63030
65698
65049
63525
61545
70610
63591
65897
69119
68611
51273
47661
52959
47927
48479
53011
52380
50014
52054
54072
62437
62701
57983
65371
60714
52366
49141
50382
53836
49813
46641
50327
48623
48292
50465
51531
55551
58833
63014
67350
69447
56868
56334
50433
64108
64453
59457
49816
51697
66059
65970
71708
50784
51279
51808
70524
56397
60670
68045
61562
66294
66235
63615
64646
60274
52330
51235
46572
57519
53656
59504
63844
65548
60637
61829
58887
61192
62122
63444
61142
62966
66480
65983
62593
64408
70888
68976
67170
65857
65989
49593
53558
65197
63800
59286
63350
60699
69650
67461
66044
67193
71002
65968
66510
62666
48902
52886
53780
47172
50594
51090
49903
52273
49940
70334
71063
63174
62229
65096
61168
56360
52411
51821
49613
50374
54375
61182
60549
65491
68854
67548
56265
47994
50381
60256
64821
59827
66823
62786
64048
70295
61085
59655
64678
61767
65302
58574
64008
64196
64915
65946
64404
58743
63733
66619
67546
65620
62079
58678
65563
62498
57898
65118
64430
63530
73882
60714
62997
49044
50139
59005
72182
66880
62942
68142
70103
65703
71423
65081
66880
61777
53093
63192
51515
62278
47648
47219
55242
48164
49200
50108
51348
55612
63983
67772
54699
52627
57143
61399
65279
63025
60616
70984
62838
68261
58462
64027
61924
67689
63547
66156
60380
65716
61833
70555
65584
62533
68371
71133
66988
66669
62941
60709
52188
67178
60100
65891
70364
66006
58345
59650
60319
66814
65871
67615
63069
62926
65950
64426
66490
65045
65627
63016
65193
67303
62641
65248
62899
59826
66186
66428
74993
59262
65905
69492
70967
69104
67286
61738
67808
71222
65552
59438
62578
65577
67941
64879
65615
62614
67313
66144
69480
66565
63187
64582
62488
61012
64981
65439
71806
66580
68042
67553
58077
64788
67765
69002
69341
67199
67500
67377
70879
61985
62030
71565
62791
52778
50214
54159
51264
46659
48913
52371
55917
70586
63434
69671
71795
63544
54821
49049
50722
52163
66420
71545
65697
54468
49333
46306
48328
65352
55139
51327
59654
66361
64656
63986
61429
62574
68438
52390
53375
65551
53027
47767
47343
52385
51120
50303
50961
53366
50992
51816
61791
51826
49949
51987
51498
49085
50176
51671
53537
54972
47461
62998
63738
63092
50514
52148
54066
64683
63867
63980
64595
68378
65737
64066
66335
64448
64967
61269
68031
62432
67013
69484
66395
58090
71762
65793
62517
62910
68786
65618
67480
65681
64941
51310
50897
50119
55849
48423
50240
51661
49133
51470
52106
51968
51953
48737
50710
53319
54402
51464
54685
64882
68390
49494
55304
50591
48352
52139
50105
49952
50532
49313
46418
50678
48784
51311
49624
50525
47858
47214
48118
49078
49515
48618
51507
53530
50333
49748
48909
47719
47513
47495
50601
51763
59752
62110
55603
58999
61668
65185
57874
64348
61910
62173
52414
52164
49655
51311
52156
46453
48055
49818
56039
64407
62287
64516
62839
66850
64180
65764
62998
64541
64084
62262
64954
65339
62834
59074
64245
67675
59522
65711
60464
73463
68415
66481
63508
66152
63368
50489
52837
54452
54180
50999
46679
63655
57939
62014
61607
66487
61183
65733
56620
67208
68606
62659
68530
60043
57016
68656
63545
65938
65558
67800
65411
62993
68259
62867
68194
70377
63666
66149
66312
54051
54224
50198
48338
48410
58985
60440
60269
63902
61053
64597
60526
64622
69246
66836
66762
62391
49610
65963
68332
71173
64887
65418
64533
65576
66255
70169
61847
65644
67446
64899
69836
67005
70149
67136
68249
74370
72366
67669
66817
67754
63619
60373
66635
64074
72661
62599
72736
66325
62290
68138
70600
66792
62848
62048
64728
67122
74182
68795
69156
60761
66666
71322
60104
67404
66234
69352
66326
62091
67084
64732
69627
70143
68970
68663
47770
48694
47700
71815
68198
65952
70039
67335
63717
69095
59078
62430
67387
64139
62587
71093
68220
66088
66479
65765
63304
71930
71876
68940
73883
68910
55152
52152
48317
66527
63193
57778
50318
52719
67145
67918
68749
69313
67398
68386
69111
69812
67597
60563
50168
50337
52323
49859
65917
66485
70102
62280
54519
49776
49082
54900
59059
62507
65321
66317
66194
66479
53670
60906
47289
64676
49564
51349
64879
67982
66769
59479
64740
64937
66653
66295
50777
63022
68900
65116
64947
65713
52970
48872
66199
62116
64121
68488
64085
69669
65062
61634
66761
65027
52932
52607
53244
64957
58813
49247
51360
49250
71254
61963
50402
45720
56117
57158
63085
66254
65747
66550
68444
69059
68282
67600
65788
64744
68722
64399
62558
67042
66297
68220
46794
51632
49474
48180
52705
48370
51126
49033
47874
64133
66957
65049
55021
60323
68107
74311
64021
65594
64946
81361
67160
66296
69713
64165
63421
69433
63556
64649
67947
62933
62188
69762
63648
67541
67152
63130
64958
65392
67725
63966
66087
63493
62893
67947
65762
69833
69385
65331
62916
64372
62377
68403
62969
63699
68718
66229
66659
59818
63146
69201
66786
51129
66255
63648
64096
64030
65675
65368
58094
62545
66155
63996
76006
65946
64804
71897
66158
67172
65219
65222
67546
69442
66274
62767
63599
49301
53753
50909
52222
63457
64647
63126
66286
69811
66265
65198
64115
57550
51555
49223
56409
48858
51786
49989
52202
49931
51517
67764
66991
49720
47880
51998
50361
50142
50569
65131
66158
60707
63406
51197
48797
49970
50952
51662
48503
65135
63693
67835
62139
54777
61675
65706
61801
67028
62357
62732
73309
62788
52824
51075
56005
50201
63144
66021
63333
63931
66889
62035
61139
65387
63265
53844
49632
46271
64751
65436
62467
66982
69905
67088
70124
65309
67793
61474
66739
62709
64252
62515
62282
61364
61655
61651
70327
69029
64900
64846
63553
62773
62182
66625
63701
64508
51549
65136
64154
49885
69280
67383
68164
66957
62654
51526
46099
63510
67837
66782
70736
68201
66903
59326
66897
68279
57556
65643
68921
63535
67600
69006
62488
69343
67784
63139
65313
65367
66302
63600
47390
52071
58481
51559
55130
62551
65539
62842
64647
62330
66265
68604
69365
71507
64778
70501
64923
63822
65159
69395
65135
63101
62539
70792
63532
58965
66634
68672
62949
65774
65392
62860
65815
67599
61519
64040
64621
50593
50044
61067
62902
62999
62479
62234
64048
68963
65707
67278
72541
61099
72456
70878
74659
67880
69181
67258
68020
64517
70970
59435
65754
66444
66045
65974
67210
66806
63069
64133
64654
66480
62625
67370
69401
61457
62069
48204
53441
62792
51617
48643
51286
48974
48932
65634
64736
61117
65585
63547
64407
67014
63542
67237
64624
63500
64423
69964
64151
64690
64599
68421
66188
67247
64947
66130
65191
64621
61919
64376
66745
67093
63680
64715
69022
64985
68729
67243
63051
64006
66950
64993
70582
69409
68179
68883
69257
66115
58283
64457
69360
63061
69109
67843
62273
71813
73243
63348
70882
64849
64152
62328
70574
68759
62159
64771
63314
66207
61350
68292
66428
65673
61184
67447
63022
69906
70401
72505
67821
63496
62929
71152
62953
65549
65628
65974
66270
69551
66431
61361
59182
66199
50650
62637
63490
65302
64999
68925
71763
63318
71138
66311
67228
64659
64144
62658
64814
65696
66434
69610
65023
65419
63837
67212
67891
66248
70545
66891
67244
64468
63045
67467
68733
61710
66969
69156
66060
62861
64268
63683
66411
66183
69305
60093
67837
70462
59243
64219
66666
65891
66824
70459
64270
62704
65237
65665
67627
70830
66006
67617
66841
61873
62976
64633
54387
67528
63628
68558
63601
66969
65852
68063
70682
65570
61873
62079
64503
64941
72527
71222
71290
66055
66861
64739
58782
68350
69044
65732
68681
63693
65224
67629
64336
65110
65654
64485
65614
63935
68974
66481
67762
71609
67961
62404
65960
70131
68614
48866
63894
66772
69061
63369
69064
63665
67553
65274
62867
70115
65140
69761
69626
71177
72746
63379
66723
68723
66031
63750
64838
66775
66643
67444
65700
74380
65362
67252
65317
68063
65183
65256
68015
71368
63371
70937
66497
64000
67895
66764
70961
71792
69864
63260
66688
67587
68432
70608
67125
69802
60923
61280
62291
64449
65107
65063
62744
63255
60641
59815
63144
63925
68444
66933
64753
67199
65381
66703
63152
67453
67163
65921
71865
66194
64299
62039
68644
65850
66302
72327
66778
66339
69399
67157
69490
61460
67796
65220
65449
61730
65437
62175
64278
66934
67046
68345
67065
66712
65799
68505
70831
68322
63368
66216
64744
66053
65236
61458
68585
71297
65825
67697
67658
66471
68018
70481
64504
61277
69337
64756
64845
66668
65597
62752
66596
64986
63127
61617
64888
69215
69146
70769
66472
65808
62914
71583
64336
65970
66254
69611
62051
68118
67360
66169
68151
67461
61766
65154
72107
67758
65235
66842
74973
71040
67170
67114
65554
64876
72426
68859
66440
69739
69719
65240
66055
69185
67085
69075
68056
61478
67019
68629
60602
69590
66164
67743
68336
71688
65696
69333
64272
63581
64861
68148
66662
62127
63456
70217
67999
68436
65113
66984
68617
70418
74939
68330
68436
68939
64710
61841
67013
67357
63510
64867
66514
68661
65037
70977
63665
67595
63675
67071
67642
68278
67237
68404
65752
67887
67940
65400
65783
69618
66755
66232
62294
63721
64966
67269
65167
67785
68613
67761
65404
64646
68229
59702
64907
74367
68777
63867
64155
66131
67620
71932
69750
66177
66990
69165
65891
70073
63379
61646
65813
68416
66025
62782
67071
66017
65555
65794
65005
65271
66651
65127
67807
69899
65823
63936
65149
65787
69798
66218
65485
69239
65167
73605
68011
62814
67705
65448
67549
63969
69039
66673
69741
65725
68963
68819
66853
68203
66376
66675
71048
65684
70373
76194
66334
66319
63506
63363
64025
66847
62030
64591
66012
63204
69382
72801
66036
65881
67275
64266
69297
64966
67427
66899
67700
64595
65589
56923
68398
62091
63888
68855
63105
70531
65511
64608
66770
63139
69528
67568
66234
66363
68079
67335
67686
72612
69594
71094
69522
69370
63053
65675
66251
67826
49658
67466
64626
66563
64471
68909
68601
65948
61884
61678
65063
68032
68340
68847
64734
69517
63137
64105
58949
65031
61730
69929
65197
66003
66060
61231
68570
57810
70727
65660
72880
65975
61359
63981
66488
67002
65754
70815
77809
65331
66399
67432
66994
64859
67013
65116
68949
63085
67710
67535
68773
67625
61005
63831
65152
65213
71008
61305
65371
67454
64964
63192
64719
59928
70089
62263
64663
62247
64969
68041
64889
69189
62954
62438
67225
68783
65981
67200
67241
68062
75010
68481
65062
65683
64074
71504
67286
70258
65054
68588
60389
71107
66954
69019
62346
66385
65972
63641
65548
61553
70168
65482
70341
66364
61866
67843
65728
65057
66609
62594
69326
72467
68303
67993
68721
63778
65255
63347
64677
71068
69028
65200
64004
69095
69486
62841
60793
61868
67679
71031
64779
67093
70332
62190
71832
62527
71552
69638
69580
68356
65432
66979
67905
66895
67685
66872
66771
76151
64195
65491
65220
63939
68218
65449
68512
67501
67739
67747
64204
70025
65460
66794
67161
73019
65654
69974
64555
67678
70854
65188
65240
70258
66569
71228
69536
67562
71491
65900
63326
62187
70980
64326
65406
59592
65894
63648
68168
69707
65131
65915
69311
63035
68001
65219
65548
68596
72114
67363
71278
69001
66318
64507
64285
66911
73728
69109
72871
63147
63537
66817
72470
68315
66983
68351
67445
70318
69175
62348
73924
62566
68164
62315
67329
69195
61904
65079
65951
68290
62787
63868
69620
68161
66176
61783
68580
67897
65262
72664
66585
66684
64435
64898
69289
65249
61143
63202
72693
72450
65206
67081
67916
64729
70273
74913
67405
65752
63543
65920
64240
64932
64116
66297
66269
71708
65878
61881
66656
70188
66233
64838
71768
68367
63814
64545
68788
65931
69504
67437
69050
64776
71420
67496
65203
69095
67526
69104
68363
67952
64050
68604
67953
67154
63637
61323
64898
67660
69190
72509
62911
66726
70384
66690
68627
70597
72978
72602
67790
73524
67196
69878
65119
73799
70199
69484
71212
67115
68407
70784
70521
66089
71473
70463
70582
63084
69453
62331
63803
63190
60698
69373
61630
67209
64268
67779
69392
66502
65618
70319
64763
66326
69042
61368
68675
67268
64310
68759
70247
66752
66833
66524
62696
74167
71340
67447
69830
68970
69990
69356
68082
63509
67346
66467
65905
66751
70357
66599
66004
61694
65286
66507
67945
74851
67189
72580
66887
66570
70017
67148
67478
65389
66600
65637
68914
68486
68358
65066
66009
70734
68229
66422
65450
69591
62855
63200
62550
66563
68661
66024
63713
67052
67542
74125
66811
72141
66810
64079
70804
71016
65805
68214
70986
63111
63598
65486
67746
63811
66063
64358
66795
65303
67757
69391
65148
62997
68644
68772
67420
64576
67221
71039
67087
71186
64356
65244
66092
64079
67725
64996
67880
64297
69111
64256
65510
75639
65192
67821
65962
64955
72377
60819
71216
68420
70793
62064
71055
71526
64721
71376
71864
67916
64854
66518
66674
72171
68048
69029
66345
66984
68242
70845
66896
65139
67705
62471
70808
71398
68186
66650
67832
66859
69504
65414
67511
65438
71151
66074
70150
64685
64844
67204
64082
59477
69134
66710
70307
66437
64487
64151
69641
68605
69766
67368
68697
67351
66055
63686
64109
67950
63032
64524
69338
63615
67023
70023
69514
64441
69527
64512
69935
71682
69838
68810
67053
66247
62262
72525
65109
61503
65349
66064
67218
70003
66911
64735
72053
67340
76094
71919
67139
68142
71431
71454
67192
68316
69531
69968
67181
69038
64210
68422
63957
66198
70750
66797
70197
69364
69444
69691
65574
67237
66401
66577
71178
63804
64998
66448
62347
69336
66020
64726
65943
65050
64797
72840
67305
62836
71509
65918
68783
61336
71376
69420
67751
63579
60903
64268
65326
67298
68717
65071
63554
67656
65688
66968
62390
67603
70244
70759
64590
65956
67209
67803
68904
64678
68158
60990
65305
64470
71863
66986
66699
64752
72082
64112
66898
69954
67758
59537
67405
63612
69357
64364
65417
74390
68137
69775
63627
61966
72510
72850
68713
68735
63306
65208
63776
75384
69773
68710
68520
63231
63996
67270
64528
64652
66572
64401
68846
70716
62598
65035
63637
69129
70902
65330
64761
63980
66706
65435
73609
67650
66873
69783
67159
62904
64254
67976
64767
69980
66586
63382
65796
62663
65041
62765
66960
65431
68715
64858
66305
64652
63123
63065
65727
69281
62396
68383
64996
63659
65589
71334
60697
70872
65855
66450
71421
65041
66432
65881
67636
73073
68856
66559
68090
63114
67016
65142
69475
71732
63148
60961
70988
61732
68693
67765
66217
67451
65757
67288
72542
68132
65365
65709
64297
62664
66291
65209
68000
67650
68456
66068
66813
65157
67842
66360
60445
65193
65865
63474
64565
68403
63092
65371
63541
65429
61289
65447
66694
70375
64709
69487
66181
65773
65532
64228
70665
66722
67950
65293
68036
62513
65863
70698
63832
63291
66203
65008
62922
67590
63439
64458
62481
68332
62857
71488
65398
66716
64957
69146
62158
70194
67651
72797
67231
68674
65261
75938
68276
63678
62339
65788
66966
64756
65600
65568
65962
71674
67569
67339
69192
64416
70404
63438
63812
66722
64105
65278
65134
67207
63214
66333
63202
66942
64903
66260
74268
65728
72351
63619
69862
70750
65721
63580
62871
64771
64336
65841
69742
69373
67120
65510
67846
65006
70148
70004
67680
67788
67487
72547
64847
67628
67751
64414
68352
67491
68450
68859
68395
70799
68417
66718
69511
67516
65226
65168
60921
60749
68231
67247
67819
66040
64007
74591
61142
68255
65483
72732
66173
73255
66799
67560
68067
68617
66705
66862
65553
68161
66940
66773
66810
71316
67866
67808
66546
67261
69712
64201
68208
66162
65034
67804
65455
66819
62909
66190
70204
70024
70381
68863
68825
67523
66389
64864
65897
65694
64182
72003
69737
66261
60866
69296
68444
64237
77487
62255
69340
69171
73751
66892
67294
66210
62794
70513
64843
68285
61735
66401
67176
61704
72479
64583
70512
66814
70791
67270
70860
68802
66332
68358
64119
64123
66137
69457
65730
72388
71228
69959
64689
71438
66258
67894
66032
65586
65970
66238
67733
64317
67707
67256
69000
68274
60661
70096
69983
67606
65738
70339
68104
67112
66606
72104
70994
66366
68452
69336
69608
74236
69193
65721
66503
69421
67788
67729
71648
64225
69709
67776
67376
65676
69244
67586
66679
63675
74319
66628
64411
70103
70596
71705
65581
66938
65332
66013
64383
67371
63389
68308
63499
69932
66645
65834
65828
65738
69737
61530
65061
68628
67438
74030
65084
71824
69750
69778
68299
63803
67185
69508
73773
67311
66185
64943
61267
66905
65642
68068
68884
63966
63121
63952
67238
67314
63870
64062
65947
69991
66600
66345
65575
64070
59859
65981
64266
67334
63953
64776
67234
71344
63083
65883
65714
64982
64558
64117
66684
66293
68091
65426
62919
63033
69637
62958
67384
66812
65331
64339
70609
67331
65954
71979
67699
68325
61831
65295
67038
72086
66320
67317
67179
66086
67817
66807
65425
61393
66312
63087
64082
71747
66082
66231
66277
66909
70332
68827
68818
68989
66688
65849
71155
65091
68098
68784
66365
64265
62775
66254
66516
66728
65303
66397
69645
64200
70833
64452
64073
66504
67143
66415
72860
70122
66672
66628
66753
70295
67448
70029
69104
69253
61713
62410
65027
64261
65518
63493
59627
68023
62679
66872
67141
67047
65099
62775
67033
67328
67469
67542
67540
71602
64015
67559
72393
66685
68895
70470
67021
68468
70429
64042
62269
68089
68482
70119
65791
71767
63905
68640
67235
69594
69779
70451
71645
66766
64474
69232
65454
60115
65768
66631
62965
70460
68516
67259
67381
66658
69669
69485
63916
65453
68686
71592
65669
67511
67048
64145
63662
63586
67330
74403
66847
67702
66888
63697
69643
65965
66931
65904
74995
68757
64496
69610
69802
69362
72342
66022
69391
66101
71307
60657
67619
65742
66771
68843
70831
66218
71844
67111
66203
63156
70472
67089
64503
65887
69984
67299
68541
68719
67159
66531
66628
68849
66970
68761
69850
69871
65852
68549
62042
72798
71701
66856
62177
66560
65003
67691
65343
71549
69121
68614
66961
66214
64666
66403
67869
67023
69077
71875
63723
65313
67662
63594
68677
66359
67618
69679
64848
68009
68626
69267
64496
67632
66084
66160
65111
72698
67088
68719
66187
69708
65948
68785
66664
72728
66332
67628
68651
70045
74116
64391
66590
69861
67928
68763
69044
70368
69390
71729
71740
68454
67442
66324
70762
68376
66728
68546
69205
71111
69760
68725
67179
67892
66225
73713
67257
70881
69928
68921
67321
73004
65865
64514
66179
64435
67901
66671
66821
68075
70964
70650
67129
66559
66586
69239
66973
64562
68012
68461
70627
67217
68832
70535
70102
69996
