56038
60987
64925
53299
64887
62697
66389
62769
64149
65594
62488
58276
63256
63516
53237
65936
53769
65954
62380
55012
63534
60887
58454
63947
65310
63037
60374
58035
65519
58457
65525
65885
64755
59475
54325
58613
58250
68806
64342
61019
62520
50901
62178
55134
65092
63615
69065
68255
73490
70048
65304
57641
66008
60939
66720
58775
56379
64301
75768
55363
60723
67840
64305
72796
63218
61893
55670
59246
58019
65320
64282
65197
60874
54059
60360
59593
63533
59239
65040
73271
74276
78412
69966
59953
56002
57362
53836
65063
61088
66570
60467
57375
61188
61273
61672
61764
60725
63046
59109
65282
62528
70606
63220
64138
71254
57871
60138
70337
72623
71324
75453
57776
55555
60791
67184
61756
60273
63440
50524
71019
61573
61813
54994
56736
54732
53867
65425
66556
68120
61319
65524
50415
66070
54975
54103
62279
61172
57419
59641
66972
68353
59353
60558
65646
61506
63395
72075
74164
71888
60959
60148
59182
54140
62098
58505
59922
53263
60161
53924
65881
61467
60022
58675
62625
67441
68880
62026
71855
54098
53272
58863
54882
58596
54841
56118
67386
63125
57294
49660
54138
58075
51505
64826
67995
61680
55017
59432
51836
55427
60914
60408
55117
66391
61165
63463
59155
59635
72159
88029
61004
57677
55565
61684
60806
56874
60445
52817
67845
65091
69663
64737
81335
71605
71683
75034
53569
53954
59034
62896
58816
68114
67456
53402
51788
56853
68232
60770
66211
60143
56619
51802
58633
58041
62569
62669
61971
59862
64766
55823
52369
50215
58530
52200
53181
49104
57089
55393
55598
63857
59667
59774
75330
75069
72061
63241
61827
64099
63636
53162
54190
68482
69192
68385
62896
66751
64115
63862
57411
60781
57251
56537
54447
57218
65673
66955
64364
63369
56406
52807
55740
51778
61620
62928
55831
50871
61052
51567
60393
56679
50471
55385
48823
55817
57000
57973
54145
54820
64049
60566
54782
59348
59207
57130
52621
62613
60813
61160
51057
53741
56798
58391
63122
65252
56843
65688
60874
52219
58577
48134
52068
54885
54410
59317
70389
72761
57630
52218
57466
52412
47679
48278
59704
60596
72100
59344
57033
67237
76738
56332
52493
52780
52356
54359
62457
63044
59083
51134
53230
46507
54343
52846
49751
53773
53384
52941
68875
63667
46225
52600
56661
68793
60618
61538
64689
65042
57424
51292
70228
65365
61092
51908
54418
58167
55111
72724
78050
65481
72702
65824
73370
67585
63036
54296
56383
58964
52913
56949
47385
51651
51676
61309
54025
54471
57197
59257
60023
63554
54301
53227
50416
53246
56696
52417
52687
55156
55676
55114
55384
58710
56354
60225
64652
68610
60634
57693
64828
66595
64540
53623
58432
71498
61802
74559
59564
67031
62041
67539
69140
61946
51510
61172
52955
51416
50430
53223
52956
51736
55773
65151
64043
72948
60478
56045
54354
55320
56044
51174
50885
51509
58280
50204
47107
59095
69116
67239
63285
71469
66103
50225
48110
67173
67445
65237
63050
61111
65157
59129
70445
70893
57237
57935
45846
50541
67172
55158
51212
63689
75335
60227
55453
66177
63297
59273
67759
62963
66933
62084
67781
63703
62166
67317
68824
69564
71122
61374
63154
51476
65162
65255
65132
67464
64363
47689
55815
51118
63829
59908
75356
68412
63420
68269
77892
62130
69609
59747
49541
57365
56064
49141
49529
47712
51581
52630
67178
65286
68905
57199
46976
48900
51319
52474
50337
52655
51388
58742
67908
68357
53455
49598
65450
68698
67977
73465
71592
55983
63138
64362
62077
62835
71457
72731
68536
66679
70068
59909
68384
65513
70439
69523
75499
67503
67985
70427
64354
67948
64860
71420
72110
70207
74582
66430
64245
55370
58474
47655
49957
55923
51293
50463
43780
50548
50940
65573
71176
65527
67809
63514
62026
69052
61493
62974
60253
69721
65652
49814
48519
50217
49431
50538
57251
56637
52840
64051
50317
61545
60174
53458
50578
47419
53510
60893
61891
67279
65136
63053
74947
65823
64612
62202
62886
63367
62412
67099
62915
72407
63381
74678
62421
64170
67081
65131
73626
70536
60746
61041
61452
64305
65100
63914
48436
50868
57039
61889
66544
68923
70873
69746
64445
64363
63199
68911
71928
71842
70530
61325
64744
55461
48906
57800
58723
51305
53527
48831
47631
51712
66524
52721
49522
46501
62049
51572
62008
68298
71505
61290
53196
52338
56623
49444
60987
68434
65053
68190
71064
67149
56522
66477
73154
73832
69216
72382
73464
70286
65050
70510
68028
62146
63724
59017
51535
62864
63091
67607
62704
64178
49354
50891
49584
46727
61344
67273
66636
71284
67519
64082
64371
63136
66835
64166
47888
61551
68343
65524
62143
72920
68971
69210
64112
64433
58763
47702
49269
63780
63854
59440
66710
63208
59718
53958
52686
55440
69573
64090
58224
64295
67957
64169
63147
62231
67545
57769
56932
51300
69005
65318
65637
66490
60327
66433
58462
67129
46286
53847
61418
46314
63229
64500
63635
70738
64454
73861
67074
65434
67066
64625
64685
63389
53998
57411
66015
68558
69845
64045
70346
66262
72520
63386
63993
63075
67121
72006
66797
63828
73926
68309
67474
67790
65767
65391
63885
64635
64564
67782
67961
65588
71304
74436
67248
66425
67676
65766
66389
63852
65805
78672
65086
67409
69266
64924
65759
64245
66490
64513
65743
60066
67620
68512
67013
69027
66083
68053
67986
65384
66260
70581
65119
66107
73801
71629
68040
61249
61523
65914
67268
61988
63940
70746
70242
65113
66194
67018
65326
61489
63431
63951
59489
65299
65553
63956
51448
48773
61220
66894
62857
61822
62370
69047
61535
65510
67482
63316
65592
65066
67568
61161
69639
62448
64967
70367
67668
68309
65623
69700
62602
69541
63699
67313
66665
68107
64491
68576
62744
64064
64137
65288
69310
65216
66516
69573
64192
65626
66748
71655
65001
64331
67342
67141
62742
67474
64679
66013
66415
66691
67411
67906
63147
64223
68613
65142
62905
68580
66817
62792
62658
66899
67397
67490
67792
71639
70486
73467
66664
69296
69785
64237
66381
63448
61363
66875
66800
68980
63260
63289
65320
65853
71618
65611
64138
63955
67554
62026
63785
55477
60670
63425
71022
65624
65152
71065
67366
65477
66070
68487
61649
65413
69703
69868
64874
69299
66954
68970
68280
69252
69702
66740
68265
63149
72498
63762
62129
64354
63489
72619
61491
69330
68417
68602
67188
66179
70141
66896
63092
64216
66900
66321
69061
67488
67445
65161
70018
