18485
23557
29832
22002
22061
20292
20757
23388
24930
19453
28201
25523
20279
19153
22938
16407
25306
24991
22480
25280
22890
17190
21055
18146
24875
19697
26170
18798
23878
19906
21531
25825
29011
19902
20635
16917
20687
21984
24792
18785
20261
23202
26015
18961
29658
21125
24292
24668
18487
22070
23127
25432
22633
24248
22650
27351
19060
24088
24611
25626
23030
25083
19487
22110
24015
20005
24421
22391
20269
23808
24043
26741
22877
25764
19984
19358
24673
19423
20232
20456
20676
19475
22757
21073
23624
19121
18770
20589
22170
20224
28348
21286
19990
21688
24733
20992
20634
19501
22833
22432
23292
18817
23489
18116
24091
19355
21710
24551
22310
20947
21289
21917
21553
21835
21622
20553
28073
24767
24102
23254
24057
19337
19857
18958
18909
23635
22471
21193
17085
21242
20408
21584
23491
18706
17937
25851
20145
24285
19097
21155
19433
25194
23611
29421
22543
20765
19753
20129
19595
15511
20974
27056
21400
21185
19503
23523
21452
22614
17211
23002
25798
25735
19353
18189
21350
23162
24293
23198
20681
18994
25492
22173
25974
22093
24124
25530
19643
24718
27762
25537
17260
20988
20264
17083
19977
20906
19756
21027
24971
20523
21877
22640
26375
23195
19108
21836
18963
27420
20279
21668
19782
23967
21812
19075
17824
29485
22338
22476
20498
17612
17726
21612
21090
20983
23486
21431
22570
27359
18927
20525
20533
23339
17541
19520
19932
22098
23525
21901
22799
19487
24948
20381
25869
25131
17857
24269
19381
22163
18857
18727
23336
23550
20298
20479
20315
23029
22492
25689
20077
24465
22177
22562
24079
20092
18476
19214
21735
26002
26585
17599
20603
22518
19514
24484
22236
21528
25947
22795
18258
19538
22812
26190
19419
25323
20098
16565
28118
24868
20368
23057
22108
21097
21855
21310
20346
18455
19263
20565
18593
16891
23678
21334
21177
24989
27085
23764
22597
25839
19612
25078
23526
24036
19545
22753
28082
20422
23061
25263
18138
27714
20813
23187
23454
21498
25178
23945
22391
24103
19958
18960
21677
23850
20319
20738
17935
21008
19393
22548
24771
21594
17368
17979
19405
24015
21811
21093
19034
22755
20238
31223
20555
19646
21764
20172
22654
23061
18717
21763
21292
25125
20481
21696
27811
23735
19865
19562
21986
22011
22329
22762
28429
21563
28592
20955
20626
25875
20599
21010
18843
20962
21009
23398
21387
23988
19607
19221
22850
21409
27481
26101
22872
22852
20257
29942
19690
18654
26149
22636
16221
20996
28475
20268
20146
20974
19115
23997
17673
20190
27968
20369
22488
24421
25193
24994
20290
24454
25114
17221
19343
20743
21865
20670
23758
20099
18056
22665
23795
26545
23347
19817
18629
22372
22794
27015
22208
22749
22152
16217
23584
25187
20224
20040
25391
22025
18273
22158
22382
19201
25633
21678
18484
22823
22116
21369
25320
22505
24942
21070
21973
24259
21360
24477
21248
24177
19436
19568
21016
21427
22763
21382
21417
19848
24071
19289
17623
23938
21008
21714
20457
17420
19548
20898
19058
19632
21651
22475
26002
22306
25449
19883
23052
23020
20856
21647
17544
25780
17972
18141
21419
20034
21215
27483
17996
16712
18597
26426
22160
20633
25284
21404
21179
20443
23686
20938
28947
27159
26658
24800
19025
26084
20789
17174
19934
18078
22663
24072
21530
26360
21339
28309
20141
22088
19685
23482
31692
26680
26471
24841
24534
24721
25785
20894
20575
20012
22960
24634
22714
23671
25317
27300
21766
23256
20623
17638
27250
23891
22336
19457
22873
27355
19745
24511
20411
24058
26969
18739
19078
17272
28006
17583
23173
18935
17555
18462
19215
20056
18028
20304
21638
17440
21407
23895
21325
20821
19753
23421
21679
22063
26029
22645
20044
18016
21381
26237
28639
19535
24683
19702
20150
19516
23881
21421
23194
21320
19954
18309
23589
28089
21184
23176
20297
21112
19749
17062
21076
21887
20683
17468
23195
21574
20713
22164
21698
18198
21574
24893
19683
23223
22662
24894
25721
22318
17664
21089
21084
22375
22328
21112
18934
18692
18009
23288
21815
19398
22524
20202
18739
18013
20581
19598
23857
20924
20645
24039
22043
25190
22816
18102
24719
27138
22105
20809
22744
22129
23069
26023
21669
25191
28811
22759
23676
21181
23062
20144
22373
19374
23597
24754
20734
20276
23772
21240
16294
18003
19203
21390
19719
22423
22857
20545
20373
20453
24777
21756
23752
21615
20396
21149
26036
22373
18301
19923
20809
30381
24695
24497
24537
23410
24308
25488
24960
20450
20342
24150
24164
21909
19030
21406
20906
19773
19653
21175
25446
23675
19579
22805
21672
21226
16980
27865
21611
23165
21868
20399
21227
20357
28840
17975
20282
23668
21619
16916
22905
24539
16690
21911
17965
23698
19725
19168
20793
18805
24313
21827
22146
21859
24887
21068
22043
21054
19194
21565
18561
19869
21160
21263
22759
20141
26746
21689
22509
21398
17937
20527
19192
19559
21095
21529
18980
25418
23431
20707
18966
21879
22717
19415
20303
17840
19603
21352
23814
18461
17831
19326
18864
19705
18772
23440
22754
26563
19502
24746
19808
22017
20491
19368
24796
19287
27048
25231
21466
24240
22308
18081
18129
19190
20091
22258
24058
20722
18968
19609
25105
18560
22324
19940
21679
27903
25060
24716
24547
21853
23816
23353
18134
25140
23851
21591
20521
23121
31118
21033
20751
22044
19284
22940
27829
19397
20608
23661
21554
19590
17869
19941
19466
21463
18776
25653
21111
26541
23742
16434
16717
21473
19985
18776
21582
28162
25337
31156
23770
23729
28611
23566
18585
20907
21917
21479
22116
21537
21999
25163
23653
21040
15997
24067
18734
22745
24563
24741
24767
23943
21387
20312
17771
24554
20703
23763
26042
27539
25750
24893
21026
18450
17113
23694
27734
23753
24035
24669
25219
25623
17903
16125
21042
20004
19359
19920
28981
24877
30558
22334
22588
25477
21092
22153
22825
19716
18015
23472
24387
23631
24190
27419
22668
22605
17579
20485
22536
20330
20518
18257
22662
30046
20575
22478
24126
21063
17883
21247
21582
19503
20780
25140
18887
17011
20933
23553
22295
16495
20548
21152
20983
20771
19494
20010
17367
18787
20928
28871
22085
22378
25613
16713
20951
19477
18569
22195
21924
18964
24378
24247
18621
18632
22671
25816
19171
22461
21714
19974
17683
18803
22803
21860
17887
23662
19221
20286
21018
17645
21314
19556
16752
19539
25228
24968
23332
21768
20378
25324
20843
23836
22475
18351
18923
18211
20879
30568
19873
18202
22715
22598
22694
21325
24147
18374
21248
23503
26384
19030
22194
23486
26417
20582
22101
18326
16442
21054
20803
17757
22095
19079
22363
18343
16860
24774
25896
24683
26530
19828
24362
25208
28371
19578
21161
24861
20115
20035
21708
18212
19223
22231
17541
22963
18013
26061
20883
17561
24073
24256
20105
21880
22073
27494
22308
24794
24855
22134
18160
23649
19948
24841
23345
21685
20260
17773
18446
23405
20162
22691
22634
22036
23936
27101
19350
22586
20083
19271
26087
26105
23401
18007
21792
18836
19721
21860
21075
19703
24944
20042
21250
15721
23384
17710
24259
20141
29642
25261
25477
26644
29841
33087
19596
17277
18693
20975
22256
21033
21378
21079
24737
19687
21252
17142
20942
18877
20658
22461
23773
24108
28752
20949
22115
19770
21394
19527
20322
20080
18108
16901
29868
24110
32967
19135
18267
18508
21171
21842
20902
20872
20595
21401
21727
22012
22021
22074
18603
18673
22580
21665
17087
25242
21925
20524
18687
23459
19661
18842
21712
17438
24243
20125
23505
26149
20463
23263
23750
22591
19707
21968
21504
22565
21430
20330
22950
17280
21783
26374
20226
21574
19038
23026
16855
18799
23158
16334
20808
19314
20354
24298
17881
18677
20413
20761
25384
27698
22269
19145
21309
23197
20998
23264
25799
22695
25087
20071
16988
22768
16605
19279
19912
20221
21084
21154
20103
20031
16432
15843
16229
20710
19436
22410
23817
17560
23764
18622
19259
19846
20816
23712
18457
19574
17274
21942
22738
21788
24223
32280
19530
19513
22015
16682
16564
15920
20295
24441
21860
25048
25500
19428
18759
27336
22017
22165
17760
17513
16998
22190
25944
26431
24590
25710
19605
23169
24975
24614
24947
17874
18811
18103
20482
20659
25746
18899
24487
19223
19899
23563
20072
16705
20776
21059
22294
18528
16267
18456
18511
25992
25158
28083
29926
26059
19295
22246
23487
21364
23696
21546
19563
16031
21695
22026
24727
25020
24756
22008
19832
19646
18529
26119
25542
23955
23300
23996
16743
19418
16810
21324
20144
21134
20224
18320
29143
15504
23106
26782
18366
19568
18933
18339
22560
16777
23594
18218
16273
27067
23476
17872
23112
18652
21041
21066
17449
22941
18950
18683
20757
20925
20668
19107
23871
18580
24001
20520
19490
24282
21725
18324
25657
25438
18843
19049
19888
16791
20861
19475
25435
19990
19452
20371
19316
24456
19088
22118
21899
19930
17701
22492
23177
24414
21950
26076
21947
23358
26836
16832
21127
24998
21671
16495
18209
21680
27671
20551
24379
20064
23209
23194
19670
19026
18511
17314
17547
21993
19727
21587
19646
21643
21922
26568
23911
25763
28724
20711
20982
22708
20496
21887
19943
19467
21036
27069
19833
19082
27275
18976
18824
26259
20668
19152
20832
22259
20641
23757
19994
18768
26020
18486
20228
21403
20170
22933
20368
19673
23872
25134
19911
26353
20454
23397
20432
21516
16883
20814
18673
18392
24213
19785
24813
29234
25095
21748
27569
28359
25646
24443
24252
20616
24711
21624
21729
18920
19851
20164
25024
20154
19011
20270
19762
18574
22049
21269
20295
24122
23866
24543
21226
20408
17427
18282
21786
20906
28211
19732
21441
21120
21735
19380
26021
18780
26764
25045
25693
24080
17755
21095
20740
20963
17338
18738
19286
21236
21716
18321
19798
21234
19231
19680
25777
23716
21878
18044
22014
22365
22760
18023
20444
21732
21221
22932
17591
16845
27744
16401
20368
20754
22352
22140
23031
23233
25078
20319
23914
22138
15119
19705
22563
24009
17693
24021
20846
18669
22378
21387
22608
18377
17212
20169
20152
16330
21330
27574
23343
21342
21406
21294
19965
20880
22589
19376
17729
21460
22989
19579
17543
17438
21348
23873
20100
18402
19006
23353
21755
19883
15848
21868
20766
20335
18995
24405
27281
30676
23707
19950
24063
20774
22652
21268
17708
20866
22806
20785
17318
19551
24583
19364
16697
19339
19116
19874
24911
21672
20288
17337
24853
22626
22121
22762
21071
17291
21329
25849
18960
19105
22306
23539
22902
25865
24660
16519
20416
21083
19359
23462
24542
23499
21452
25065
26319
21221
16280
15912
17883
21004
18415
17719
18948
21040
19651
21980
16543
16343
21585
22709
23318
17790
19523
20178
22479
19714
22816
23191
19569
19787
20251
19143
20596
18751
24570
16142
16350
20041
23569
22975
23909
18616
19421
18313
20141
24030
23780
25480
20842
18033
16653
19871
19447
21220
17697
17843
20575
20025
21086
16887
22590
15593
18560
23226
19942
20940
18497
20283
24438
18685
28663
21110
20798
18186
21634
21223
24178
23583
23152
18579
20682
19666
20899
18149
24474
20959
22534
17350
20642
20588
26784
26463
23600
24691
18695
18742
20992
17422
19826
18660
22577
22976
24587
18810
21928
21938
22564
22162
22401
24592
27335
24603
23368
24595
21417
21742
24920
16646
18422
26063
27883
21463
21435
19420
26706
23549
19637
20647
20471
20374
30930
22806
23732
24184
20868
22049
23363
27576
31244
26790
22294
21175
25174
20521
24360
19044
20724
19586
18839
19874
25216
23633
23807
21001
19184
22082
22609
18887
26553
26634
23776
19094
21720
21198
22721
20569
23050
25080
21940
20064
21834
23046
23340
19327
19987
17701
27859
17405
19114
17851
19700
18623
18231
21565
17068
22264
19073
18769
20639
21089
18471
17202
23173
21182
18122
24307
22066
20970
29028
18913
23549
23743
19546
26540
20830
21382
29313
25251
28609
23565
25887
28438
28070
24789
20945
25430
25945
18720
21134
20755
17905
17272
18917
17693
21019
19156
23482
32239
27980
24221
21993
20509
19803
20028
19355
20153
16871
22256
20279
20032
21438
18736
17787
19231
20580
22648
19587
20948
25035
19252
24704
17957
24902
20330
20413
21911
18239
19206
29015
19872
19316
25776
24003
20198
18123
22900
21313
18962
18632
21855
23985
19747
21349
16516
21645
19333
25391
23857
24099
20883
17718
21446
18111
24136
20715
22076
17549
21124
23746
18947
21702
23498
25163
25436
27267
27243
25322
34044
17302
19680
20349
20780
18616
20868
17233
16613
21438
16218
17858
20990
17431
18175
21273
16929
20896
20585
27903
24695
21314
27573
27100
21496
20961
21770
17042
25252
14417
19385
20377
18240
15945
21493
15546
20020
24708
19922
19632
18180
21787
23265
19243
19737
24349
24036
20073
18091
21652
21088
22662
24726
22336
21184
16777
15655
17086
18227
17889
16250
23191
19427
24923
24866
16792
25222
16759
20687
19955
17510
19381
21109
19433
18602
22005
14550
17859
20070
18414
16294
20386
21118
17488
20282
16622
20516
28526
21206
18773
17946
17570
20549
21970
25395
19951
22633
19021
21955
20198
19368
19923
27447
21271
21971
17067
16937
19144
21412
16688
16977
18198
21124
21191
19687
20207
18844
19663
22729
29691
27074
19201
20940
18198
22468
15774
26603
16397
20398
24562
17719
19255
18113
23456
19688
23558
18054
24385
21135
19735
21101
25019
17412
23191
18919
17902
22959
16155
20799
20205
18142
20365
20156
22954
26482
26541
20952
21164
21188
22171
16943
22534
18662
19569
22762
20770
19914
16432
17327
16917
20746
22894
18334
15840
14765
18529
18141
19605
23022
23389
18596
21835
19360
19562
23698
24247
21885
27308
28496
19694
19517
18214
19202
15412
22772
20599
19068
18784
16201
18870
19821
26570
18991
22540
20191
21504
18066
21224
19721
23367
15978
18441
22090
19991
20524
20792
17038
20886
23203
23452
20448
20999
21501
19810
19154
17671
27865
19399
22279
22117
26068
18889
18061
18260
21190
26014
19952
18057
17649
20710
24015
22879
17904
19592
25502
23552
26568
16196
17815
19849
20544
21827
22114
22786
20445
18237
20581
19237
25254
21453
21104
16695
16892
20799
22075
21178
21227
17896
17684
21695
18064
18625
16609
26557
27131
22355
19548
25926
21370
20310
18726
16524
23428
18782
19738
19788
19989
17492
15747
20135
16719
21196
23692
16270
20983
17712
24300
22166
19406
18273
21761
20116
18129
20139
20904
26885
30572
19627
22212
21140
21639
15258
20722
17518
24987
17981
18779
17261
19053
21032
17925
25146
24498
23729
21258
29618
21065
25856
23417
20641
23022
20938
19300
16455
28656
25730
20317
19760
15111
16774
23328
23688
18327
20250
21552
18683
18453
23488
20368
24499
23911
29222
22735
17954
17588
20988
18112
16672
20150
27250
22330
17025
19515
21446
23986
21300
26083
19228
17072
24489
18724
15675
21598
21913
21282
26530
23097
25717
17918
23536
17684
20329
18663
20650
19929
31192
21061
22873
24665
19681
25054
25246
24540
26152
24025
21598
18671
22105
17517
17536
20009
20098
18490
15796
24636
19674
25468
18925
23507
24421
18566
17944
26058
23473
21074
19288
15366
25353
21161
17014
27331
18679
17779
20984
26508
17374
24203
20546
21090
32132
28535
16710
19146
21710
19135
22884
24665
18742
23978
26531
24835
17312
24835
25739
25081
19332
17502
19315
21215
21555
18434
23233
21486
16686
18355
17553
21555
20970
22302
19310
21197
21566
20437
16841
16017
25329
30718
20481
19407
21346
17687
23482
20333
18601
21644
25168
22853
28606
26133
29044
20780
24984
23210
24838
23466
22311
18225
18593
18818
17212
21127
17211
19732
16615
22549
18561
28181
21753
18690
17528
20246
24959
24905
20565
25119
20700
21296
23048
28150
24859
20896
20636
19889
22372
19680
18336
23167
19733
22402
22255
20145
20353
19307
20799
24408
24911
17768
19761
20165
17024
19904
22060
23601
21293
20772
23145
20894
16909
20084
21178
19704
20958
19698
24431
17563
25952
20559
15851
21034
24400
23602
20979
16559
23649
21476
22756
19389
22580
20861
25039
22150
19303
21886
18527
14696
18563
16019
20347
16703
21133
24593
26589
24423
24389
28077
22855
20451
23400
18994
19607
21410
21153
19612
19601
27664
22858
25442
24434
18093
17935
17894
19548
23041
25031
24688
23341
25996
18923
19741
20387
19708
21225
15863
18418
20256
22267
19146
20821
18363
18445
18715
22569
20054
33133
23712
20837
23118
22340
18656
20888
19494
20252
25836
20252
26462
27167
26498
22399
20384
23623
26368
21176
24422
24947
22085
23302
23866
22723
21287
20192
14843
17509
18971
17315
19918
23648
19017
19886
20936
22264
18982
18559
18706
17793
21746
19194
17622
19475
21636
22230
17021
16565
21472
26810
22666
18357
20694
18372
18655
24490
21949
19553
18439
20056
17982
20194
20332
23139
18180
20854
21142
19664
25336
23776
26640
19869
20504
16663
22468
24836
17090
20529
17469
23755
23066
21438
17976
19126
18631
20149
21926
19493
24250
22101
20522
18125
19748
21829
26244
26137
18859
23531
22965
15661
19175
18509
19997
17838
17119
23941
26664
23682
25104
21901
15619
20207
18113
19088
21587
19250
20839
23409
18437
19526
17011
16811
16989
19413
19377
15690
20844
18148
18526
17862
18399
20880
22265
19023
20367
17956
20855
20316
18025
18205
19875
21406
23154
23200
22383
23494
21710
16739
16488
17286
19391
20416
24702
17565
21078
22671
22359
22235
17823
17293
18478
18833
17734
20502
19735
16076
20370
18727
22906
19812
19647
17271
17522
18296
21070
17922
23654
16224
20035
17303
20220
26008
17896
22065
22666
18834
19442
21868
22519
26173
21939
21417
19823
17960
18275
20820
15052
22631
25235
23501
21080
25157
17280
19953
24456
18884
22659
19531
30939
17755
15746
18059
17999
17249
20977
24977
23613
22813
31003
22398
26720
20179
22624
22857
21684
20917
19278
27738
18098
17202
17318
22185
15055
16814
18683
23230
24741
22557
31833
25430
21471
15301
19127
22420
20708
20407
23596
17152
21995
20256
16054
23531
21948
26088
24518
16727
21667
21664
16290
17307
21183
22685
17814
23094
22515
18703
24140
17161
17022
22690
25306
19740
19477
24473
16348
19086
17128
20463
21210
24033
24342
21825
18394
23065
20696
19194
20910
24534
17442
22344
24054
23181
23348
24759
19347
19113
23671
20959
20990
17628
23379
24227
25118
22617
22720
20081
21772
21387
16443
20296
15041
20845
27653
22541
17738
18547
16906
19902
21547
20327
20590
20264
19198
20232
27045
21823
17326
18810
20941
25816
27322
18238
18215
21790
23263
16576
16058
21413
19214
20673
23234
19172
21102
22516
24986
22048
25052
31157
29032
27534
23340
23235
20745
21607
21904
22008
17787
13958
21236
17730
16273
24872
23089
19641
27701
21690
31660
23970
20583
18714
28959
26330
19601
21207
16193
24887
21822
24439
20851
21562
18290
19944
20546
23121
17916
20622
23639
17233
18087
16935
17521
28277
22589
25568
20549
22319
26014
27855
34523
25085
24662
24094
23400
21714
22561
23274
20586
27567
18792
15915
16790
26847
22028
18599
19881
14507
21113
21773
19300
18946
24885
17965
32337
26608
20505
21565
24650
26330
26436
23268
16812
16894
17035
21073
21896
22946
19068
24321
17884
20794
26374
20759
24093
20988
19064
19017
26057
23930
21470
19899
17465
16666
17486
23459
18923
18402
16403
23431
24025
20300
20572
24078
19631
24700
28765
20263
21255
26281
20171
17204
22273
24155
21109
23012
19944
22703
21134
17092
24481
25167
17995
21173
22359
17268
20547
19384
27694
21638
23483
25190
23755
21285
19433
19057
23694
21464
21729
20054
24097
22198
20811
23648
24798
22146
26777
24255
21338
20610
21929
20440
19048
18553
21249
20901
25033
23761
22923
20952
22803
21353
18438
22992
21788
16990
21394
22923
22982
24646
24285
26277
20337
23129
18340
14515
17650
21131
17466
24479
20740
20045
23025
20454
14872
26945
20999
19937
19343
17975
20155
18094
21536
22655
22333
16967
18102
16434
25208
21253
21998
24232
20765
18792
19627
19647
22629
25974
24121
23771
24768
23866
21220
19701
19963
23641
25336
20265
17435
23901
19199
18431
17672
19925
20153
24383
17489
17092
19408
19530
29781
23048
22723
23757
19441
17746
18950
21249
26066
21241
23694
23026
19273
15472
18415
18315
18961
18957
25139
21603
26504
22452
20851
14937
20274
19928
21415
19215
18366
19524
17179
22601
18904
15606
19243
18730
16857
23887
15031
17150
17902
18381
19219
20337
17880
17926
19531
22472
17420
23805
19198
23151
17875
18717
18371
25002
25478
22496
24330
27068
22168
20867
21792
20992
16824
19385
26117
22552
22648
20902
16561
16612
16646
23468
27886
25969
28081
22690
22411
22788
24876
20083
22883
24582
19882
17323
19583
22172
20425
20124
19796
18399
21152
20027
23204
22561
23561
17321
22417
21227
26858
19780
18994
17409
21863
21537
29703
25744
28002
25255
17077
17316
21231
19885
17032
18529
16499
20470
20283
22339
22374
21103
18851
25339
16350
23070
18502
17305
14017
20812
16510
18669
23150
16404
18726
18967
18200
28716
23834
27440
24101
22527
22550
19413
23030
17210
21297
20189
23117
25698
19136
15494
17028
20759
26593
22821
18750
17833
22171
20073
19735
22461
26787
26819
24905
22223
23523
20452
24145
20759
17485
19957
19658
23939
24030
28604
23787
27540
25156
25188
21917
23083
20810
19408
21408
16938
18852
20552
23436
23062
22615
24140
17970
20606
21079
21337
17966
17981
18210
18172
25981
15691
17033
22154
22539
27027
18649
19720
20022
18491
21723
18417
18458
15036
18695
20571
20707
18732
18082
23701
30203
26622
26030
15592
24294
24265
19233
20728
15131
20736
20903
20120
19705
20320
20571
23767
23493
23750
23651
22392
25208
20408
19696
18156
22599
28279
22825
20584
20412
16596
20310
17502
21596
24946
18141
18561
21179
17400
20729
20085
15128
21764
18476
23664
18270
16224
16186
20142
32292
28001
27550
18900
17481
16902
16427
21838
26885
22281
18466
21806
23319
23883
26763
23218
29452
24481
22809
27470
19497
15373
18246
24786
18880
18528
19021
19497
19359
17568
18470
18564
20154
18691
18992
22427
19778
16424
23281
16910
23044
23095
24411
23117
22825
26869
17916
17854
23098
19353
18699
22549
21626
20932
21026
17411
24344
25346
22271
21044
19231
16153
22651
21875
19442
16704
19963
20035
18513
16293
21034
18061
22235
19264
20253
24881
21101
22135
18853
14893
18924
16105
20745
19144
18373
16474
20045
27141
24304
24929
23557
26602
20318
23952
16391
19485
17459
19739
21800
23658
21006
23393
22018
23011
26952
24881
21194
25878
17026
21126
20591
15548
20761
16639
15804
21502
18394
15430
21806
23352
19851
18958
17384
22994
20237
16241
21508
24571
22543
16741
17294
23565
22223
21964
17630
17366
19133
18758
19790
20500
15770
19655
20920
24035
23213
25018
21971
21288
21210
30798
22989
26090
25677
22047
20613
21628
20795
27410
23806
15440
20201
22006
22283
21818
22678
18969
24890
23099
21787
25348
29501
18824
23586
27083
18586
24101
28338
17784
21087
16957
20420
22761
29602
24409
24424
19924
19455
18274
20046
20665
16100
17276
22604
25604
29342
22472
18245
23764
19765
18937
20709
27145
23122
22501
27979
25180
25439
25348
19012
23487
19420
22132
22746
28172
20709
21894
22489
20712
27090
23973
23377
27138
20745
16607
20150
20392
17137
22394
22313
17462
18019
17425
23151
22785
24185
22311
23520
19042
23454
21439
19148
19165
20442
20180
23644
24003
20492
21025
15565
19767
17049
19844
14569
21261
17214
17705
17854
24651
19870
27564
26304
16821
18012
24806
17348
24571
27150
28211
23753
21615
25991
16112
23201
22923
25312
19936
24570
19773
23286
15606
19381
19447
23632
21210
20052
17374
21087
24349
26009
20574
16991
19087
18497
20706
20228
18933
21998
26319
19302
25011
20338
17880
21044
16848
19282
16787
16992
17908
25693
24265
25762
16483
17015
18682
17977
20379
20246
17870
24952
15527
16500
17776
17694
17002
25789
18244
22599
22830
21750
17907
20635
22652
25212
24389
22293
17730
18362
17792
18948
22448
20963
17701
21506
19602
23168
20356
20530
18056
22666
22655
18837
16366
21735
24373
19922
17850
19895
24399
20647
22444
20444
20176
22459
20190
21642
19556
19425
22775
19891
16130
17702
19077
25931
37773
25297
24747
19221
21293
24135
24422
31061
23377
22362
16970
15165
17490
25065
24091
25897
21826
24890
21981
19176
23480
21127
19904
20276
19294
23881
27133
20630
26856
27088
25139
18864
20076
20674
25665
19575
18052
20312
24581
26021
19696
25256
24531
27269
27646
21357
21688
21955
24098
19217
20442
23203
28253
18940
26430
27427
26142
25430
19310
17955
21664
21660
19931
25854
26961
19811
23989
22808
20321
18604
23594
17750
19357
18144
20360
17847
22661
25279
23198
20253
25173
20995
22081
20463
26803
21791
20351
21398
21508
23877
23885
29368
26074
31925
24158
26122
20359
21193
22363
20149
22794
18224
19274
17032
17851
23734
15920
25194
24143
22018
18647
19260
16699
17789
22991
24040
20471
25459
20617
16165
17467
18972
21911
18491
21547
22761
20753
23195
21820
26131
24463
21714
18416
22200
20459
18050
21391
18699
23544
25401
24373
24576
24492
24523
21306
21827
21566
24763
21859
26125
23207
22021
26307
21117
20776
23293
25419
18270
25045
17636
21083
23621
23550
17041
17169
22620
20987
22566
16606
30720
23809
20094
21436
22724
21638
16171
23213
22179
23342
23212
20256
22051
16568
17611
18338
18278
15519
18834
25502
20465
21720
22676
20400
28809
23951
23142
19209
21245
20614
21611
23815
23293
22580
23079
23558
23395
21096
20404
16976
20029
18353
22101
26086
22640
21936
24075
20426
24065
21082
25053
20744
22409
18996
19537
21892
21412
20304
16562
17920
21408
23601
21251
16611
16360
17230
19196
18930
18206
21325
23799
22575
16100
25156
20371
22461
16692
19328
19001
17000
18224
16668
17365
18462
23233
24046
25548
25136
23892
17576
16821
19447
18699
19008
19854
20174
21839
21160
22288
28740
19930
19042
23654
18918
21251
22705
26675
23123
18806
23830
26771
26874
28990
16345
21325
18894
20973
16799
21362
22626
19325
17380
22844
25396
18099
23921
23932
20515
19541
20397
20147
22224
23145
21685
23008
20424
23122
17972
19782
18899
25442
19632
23603
30998
20159
17366
23072
23961
20060
19800
15847
16977
22485
17193
20032
24414
24259
24435
21541
24561
19425
20836
22160
23568
18334
18877
24206
16946
15944
18112
17152
21619
18504
22206
20153
25327
27221
24200
20958
22917
18834
18218
22467
24286
18354
15067
18613
17451
19795
20523
23654
23173
25031
24684
18050
23044
29405
19744
22434
24734
19836
19357
18381
19060
21151
23263
25665
22804
20443
27581
25443
21296
24484
22789
20418
23844
25108
23616
22737
17361
19776
17086
15239
21531
23908
23658
21966
17933
24373
23154
23255
20280
18997
21287
20615
16886
19842
20878
18215
21112
20174
25374
21667
21575
16259
19052
21198
15282
18427
17608
22528
27784
23729
18955
19348
22116
20018
21131
26241
16082
15105
21193
17753
17850
21033
21114
28187
23414
22696
27481
18269
22121
19541
22550
22011
16919
23010
17935
20619
21288
20447
22272
23240
24132
25205
20272
25301
26256
20731
23474
22478
18003
18247
27128
23268
23085
20717
22496
18850
17916
19234
17406
25718
24603
24558
20365
21269
18051
22099
17460
18982
20018
21636
21842
22772
23982
21340
16403
22163
25301
23766
25282
17203
15969
18301
21612
24440
30073
25470
23034
21446
27036
27404
22837
19910
16710
25918
24419
30070
26923
23661
22921
23861
25023
20314
26486
20914
25729
19533
16287
18293
18028
28589
25037
26616
26575
25476
23319
24356
15554
17647
17102
27614
28469
26206
22779
20055
23820
19903
20272
23599
21611
26577
20931
25605
19768
23367
24152
24765
22666
19683
17306
21230
25546
26442
25546
20257
17454
22197
21478
18466
25543
23202
20730
22841
17680
21429
17042
22507
21380
23363
26933
19460
20585
20039
19580
24629
25453
24826
24523
21533
22465
22321
24956
21016
25076
19369
20455
18679
18435
28768
19251
25629
19260
22736
20593
26162
27128
22845
21438
24055
20758
25530
23231
21388
23830
21895
22297
16392
17653
20090
19718
26080
25740
24831
19722
16020
17572
21391
22655
23345
26682
29404
23452
25694
23297
23486
21838
21944
21623
22003
25316
17970
16623
26448
23698
25895
14105
18936
19566
25190
31737
25254
27377
18381
22467
22993
21253
19814
24830
22501
25117
26633
27823
22829
25727
26067
25859
24907
24498
21990
24904
26470
23819
19137
21933
21347
21524
14680
24767
20859
23291
22522
25372
19877
17796
21556
23150
22346
18352
22272
19252
21836
15888
17583
17176
18244
21958
21609
20165
22590
22547
26316
18680
22737
26453
21774
20346
22538
22260
20934
19772
21824
24816
23844
26098
26187
23128
19499
20530
21991
23441
24952
22433
20751
28272
24476
19343
18896
22591
21206
17627
24005
22384
19714
22073
23054
18893
20632
14741
18975
15537
22898
20695
26301
21198
20958
14639
17279
18561
15568
19876
29184
21275
22207
22330
18876
24076
24079
19599
26003
25348
20283
17896
20427
23885
23325
19567
22420
22055
25040
26436
23977
23612
22275
20564
20365
23863
15770
17425
18306
19290
22394
20667
22905
23499
22270
24837
21469
28129
23345
23181
21440
20000
25197
18980
21521
24151
24869
22279
19028
15910
22902
22378
21850
19724
17769
24842
25330
24043
18396
21990
27246
22115
27693
19772
18230
15652
20269
28166
24261
20502
20131
21687
17857
15560
20191
24101
17883
23019
22545
22250
18952
20744
20328
27652
20419
26533
19621
21360
22742
20521
21036
18069
19176
19416
24450
22188
28199
20648
26878
20840
25369
24937
20924
24839
23770
21554
19258
25169
21997
20438
23881
21472
22596
20869
20868
17851
21226
19651
18577
21092
23349
20252
20432
19443
23716
26915
22088
23131
17134
17872
18375
13587
18061
23153
23072
17216
21068
21309
22826
21622
23267
19156
20550
22724
26805
20290
22556
22900
18641
21211
23951
21598
17325
18155
22596
25653
21427
18962
24904
21859
20893
15451
16050
21567
22713
23184
20483
25401
15845
18634
23924
25308
24969
24153
22059
26797
25748
23305
17550
17524
19930
22577
24114
18805
17649
21074
18635
22884
20991
22920
23075
22222
19530
21215
21165
17479
20929
21115
17184
21468
19901
15696
30158
19186
15306
19107
19243
20224
18156
21668
20146
26069
26054
16179
16054
18258
22294
21563
18820
24595
23130
25442
19472
20390
22520
27170
24923
24408
15416
17584
18794
17532
21247
21557
23401
22465
21734
21924
20748
18083
18805
20401
16075
19494
14422
18820
22516
18918
18665
21200
21161
23413
21113
22504
21121
22933
22435
23238
19775
22151
20438
17397
15768
18475
16606
17373
16184
22730
19316
21739
20746
21568
25483
20407
24688
19328
21521
24436
19337
25112
19618
15423
18244
22884
24843
22706
22561
17853
16850
23002
23694
25723
19834
16531
20540
15506
21482
22349
23450
25032
24190
22015
22965
23435
25869
23613
20704
19050
18991
23375
23511
21070
26086
19930
18702
26461
19673
19953
16556
17616
14412
20712
20819
25774
23019
24521
22593
22618
21471
22826
18186
17697
16864
25448
17576
19973
19578
19383
15525
22099
17968
18060
21238
17837
22631
24224
20597
22435
25562
22966
18543
21210
18489
20696
20299
17028
21826
20092
26715
25510
25462
18685
16753
18108
26500
16441
16814
17674
17267
21814
18539
18532
15901
21247
18712
18725
17625
18135
16935
18589
20427
21990
21829
22591
16491
18508
20643
19361
20114
22734
22294
21617
21595
20807
21800
23699
22579
20627
18950
20124
22821
22539
20950
20520
16093
24216
23047
18698
22774
19190
21454
25561
25360
22643
20769
20577
23581
23422
23671
18792
19176
17200
14972
27231
23352
25751
28252
22670
24624
22027
18073
19534
21510
19706
24671
23146
19824
22229
23312
24695
20772
21678
20573
22623
25213
25443
22195
24560
23131
23705
26312
22255
22458
20787
23298
24689
23761
23267
17752
22495
17528
18187
24920
24144
14483
18287
25099
26566
25655
18735
23096
23718
27061
22131
23979
24988
21789
22563
20238
25015
21465
20237
22222
23354
22305
21322
23298
21552
21485
23976
20610
26254
20086
18169
15075
17669
20864
23387
22871
18217
18145
24775
22930
25652
18193
21947
24609
23324
20735
21277
20272
22896
20392
25339
18342
22112
16966
22613
18758
23120
20949
20298
22858
21028
25432
19823
20501
21269
21927
23350
23001
18882
20453
20690
22330
28625
17525
27817
18059
19999
19785
16061
22807
22596
23691
21825
21002
22861
24468
21048
22057
19879
20783
24206
19420
21900
26854
16618
17547
20551
21929
21563
22162
15975
14344
15815
20651
22756
19245
16854
19698
22583
21207
18059
22544
16998
18336
19637
19499
22628
19700
21262
25890
21458
16929
22453
22702
22053
23482
18789
22269
25124
20865
18407
18190
21483
25639
19521
20407
24579
19801
13311
17283
17835
19117
19465
23162
23681
21896
18593
24177
18352
25603
22232
16265
20885
22247
20180
21913
18036
18059
24861
20199
26425
22798
22641
29387
24832
18469
28409
19533
17409
22738
21607
19580
23923
21487
25068
21321
17121
18572
18128
23842
21549
15160
20553
28353
23319
19871
27288
23373
20641
21507
21425
23139
23107
17550
23763
22430
20803
18675
25510
20972
21300
22988
23441
23317
27504
21160
19549
19622
21463
18386
27604
22717
23557
23486
23875
20324
19282
20169
16579
15896
22734
21692
22075
24038
22926
22111
20007
19682
18585
22693
27193
21460
21437
18388
25873
23952
25436
17955
23968
23907
22883
22986
20315
25564
23178
24178
18706
19488
21818
20771
21646
20916
25448
22310
17396
17897
21870
24342
19675
22063
23907
25635
21699
26187
24012
22227
26510
17720
21984
21778
20109
18658
21798
15362
16412
15515
17355
16896
21951
24038
24545
23370
20126
24395
21582
19370
21618
22550
24768
25367
19311
20694
22025
22286
17791
16965
15812
16666
27086
20707
22903
19877
15433
22430
25358
19667
21893
19105
16716
20721
26192
20003
20269
19629
24339
21117
20060
20806
22050
21246
27468
22714
23190
21512
24005
19779
18447
20170
19913
22496
18169
24683
19520
23521
28396
20125
20468
22496
20166
21222
22707
22230
21489
18329
18155
19245
21982
21381
18352
18283
22616
23120
23433
24576
22201
23144
23449
20346
26148
26505
20546
19852
22850
18653
18559
20639
21470
26159
22831
20072
19911
20996
25261
24411
15580
22428
24303
22890
22558
21595
20223
17902
21953
25867
25197
22265
27666
20520
22671
18368
19794
16334
25325
24607
16257
18661
17351
17572
21644
22162
21721
21315
23533
26069
20378
23692
23616
20945
18441
19980
24449
20110
22327
21488
20646
23682
21739
19982
23040
20393
25528
22561
21322
16866
15584
20893
17472
18201
17571
14784
20680
22064
20736
20178
19097
20752
20175
26850
22522
21555
20648
20661
25579
20636
19667
18606
19016
22383
16195
23159
19603
16989
17975
20952
22877
18290
15850
21172
19217
20470
23751
22914
21958
19399
26993
22763
21753
15993
20803
19396
22447
21978
21174
20691
19974
17774
19314
19176
23412
22692
22809
22302
24078
24239
17740
25189
20671
18686
22439
16266
20741
24908
22092
20486
17691
18304
20951
24601
20803
23813
22064
19709
18590
17768
18763
17739
15355
17661
20728
19595
18929
22765
18291
21896
18070
18934
23374
25340
24808
20980
23470
18947
15082
21316
25113
23684
19607
19045
22882
19719
26529
22510
22662
22294
25123
20550
21073
24382
22920
20151
16701
21579
19956
23359
22689
23934
19071
20553
23808
21148
18934
24084
21801
27877
21838
24045
19237
19791
19210
19589
22122
25636
22613
20222
23986
21479
22919
22159
21415
25184
19842
17965
19378
23612
19478
17524
21430
22763
22995
23177
20949
21097
20962
16490
23404
19515
19565
23264
15884
23779
23039
20447
24090
31529
24880
19885
22449
26907
19525
15907
18550
21516
22026
21380
23914
20746
20509
23324
23992
24868
22126
24369
23534
22883
22213
22464
27156
19811
27465
20505
23229
21296
22641
23074
25228
24831
22243
25508
20498
14522
23197
19046
17915
23288
20192
24365
26127
18627
20076
23469
22463
21608
21832
22117
21726
16828
17637
24346
25361
20060
22937
22231
19171
21491
21498
25204
19468
23287
24916
18234
23232
18384
21921
23876
21117
22906
19346
19850
17830
24104
19164
19374
22063
20521
20708
19570
21124
20647
23835
18630
17085
20018
18958
20899
22727
24993
22472
24202
21703
24935
22931
23852
24096
19700
22565
24350
25409
20985
24009
22949
17629
19515
16765
18816
24003
23604
22138
17999
24698
19068
23695
20703
22279
21830
22825
23768
22109
23013
19874
19452
23008
20056
20717
20178
18649
21816
28988
16487
23227
18596
18074
21124
20325
21051
26871
20665
20233
17742
20053
20834
18925
20346
23121
16852
17637
21650
19940
20696
18747
19722
21010
21831
18576
22815
16889
22352
27740
21297
21344
19886
22223
22821
17659
20174
22101
21687
19709
17823
22007
26309
22305
23817
24711
20093
22957
22817
21588
19628
23707
21426
20897
19033
21206
20626
23860
18085
21230
21995
22146
25713
15455
22045
16424
17510
17634
23117
19530
21657
22916
19437
15737
23574
19396
18671
25938
20188
21048
24231
26544
23668
19253
22353
22595
20922
18143
21616
24844
25560
22182
22787
22546
18164
18259
21001
24080
22602
23249
20956
20064
18814
21366
18267
23352
17385
22122
26615
20513
20976
22328
19331
20590
20070
20586
16398
19030
22471
19856
22410
20959
18975
16597
18383
20314
19952
18698
21288
20114
22503
23284
21426
20785
20791
22714
17708
17440
18716
26561
23249
19925
25616
22510
19785
14638
21665
16954
20909
17308
16243
20652
29994
19992
18555
20492
29030
21763
20696
20814
20610
19596
23033
22651
19032
20519
21502
21078
18825
18289
22820
26665
23825
22927
24285
19144
21646
24735
22600
20298
19063
20230
20922
22988
23353
24043
18279
17369
21894
20132
21559
15753
25011
23461
19468
16540
16845
14412
25288
27673
21420
19953
20032
22291
18592
21051
16471
18892
25900
24717
21368
25959
18526
19948
22377
25698
24709
15923
18004
19740
25647
28790
22320
19716
22034
26542
20233
27730
20131
17960
28346
21254
19034
24692
22761
25865
17418
18985
20462
20417
26870
21913
19735
29383
21597
23630
20127
22420
18008
16698
25545
18940
20788
20527
22965
21302
21337
20087
19870
22801
18863
19971
23254
19422
16565
17059
25094
23226
19625
23541
20435
19198
21405
22268
20989
22671
24177
17253
24165
22082
20964
18717
21454
20203
22129
22363
20424
22946
22179
22014
26164
24270
19422
20653
21105
21403
22808
23415
23789
18352
22877
21471
21353
24991
19031
20702
21560
15820
20258
21352
23226
25670
21273
19996
19271
22511
17975
19107
23447
22281
20960
19347
19808
17737
20308
18406
24295
24359
21977
20475
20708
18356
25057
20877
25428
22794
18490
21485
22856
18773
23604
20149
23015
22382
22016
25346
22733
19129
20771
21066
18021
21096
23320
17148
23794
21445
19420
20162
22669
20250
23056
22726
17746
20625
21217
20726
20786
20810
20068
22972
19976
21660
22379
22461
23854
19035
18531
22827
18597
20784
23847
22863
19227
18970
21930
22196
21907
27689
20703
21234
21894
25198
22373
16926
19037
25136
21854
22832
22441
20140
19142
21567
24611
20723
21364
23800
21563
20075
24932
25749
22772
26215
28085
20254
20331
21949
22314
22414
19914
19211
23022
23402
20879
24180
20970
21368
21244
22422
23589
21575
20768
22312
19280
21962
28572
21140
24059
19505
21181
19931
20672
23217
22195
22458
22733
19076
20248
20976
19733
20932
19929
26632
23131
23125
21568
19720
20326
16900
21441
21079
22497
18813
27768
15599
21817
17944
21975
21159
20303
20699
21523
17808
20683
18656
18967
24193
21404
22245
22759
22052
23528
20406
19692
23457
22257
24443
19622
23100
25713
21694
22028
23370
21208
25131
24156
18590
21907
23379
21287
21401
24772
19719
21859
23380
21459
22131
13757
15571
19216
14404
19098
21948
23014
17949
20305
20712
21462
18962
20390
21171
22083
19809
22358
19559
23263
21290
20074
25088
23098
20656
21532
18523
19318
24330
19504
22215
19260
20537
20173
22724
19358
22116
24061
24053
20256
25768
18958
19239
19155
20488
15023
19393
22837
23831
17042
21859
23372
19418
25541
24583
20457
20359
24540
16229
20526
22496
17990
30423
22977
20863
20691
22254
22890
22395
18786
25778
25486
20262
19990
20478
19885
22165
19802
24139
23151
23872
21842
17714
17111
22369
18036
22391
23750
23055
22145
21430
19225
24673
19158
23152
22984
19011
21681
22563
19857
22087
21770
19070
19414
21644
19705
18610
25043
20767
22282
19953
22247
20141
22124
19503
19229
18652
20128
22732
21743
19115
20626
20763
18561
22285
23480
21408
19764
24220
24543
20027
21298
22501
19875
22527
19942
24964
20671
18983
22628
23697
22235
24018
21173
22134
20480
20900
18870
22307
18595
22384
21828
21276
21548
22396
25118
18718
21873
20564
21176
19990
19855
18707
21604
19966
20799
20419
21178
20078
19874
22406
25579
23136
19936
19940
19785
19308
18373
17061
19341
20442
18493
23172
26079
22777
23940
23254
23026
21981
21832
20789
21153
24807
22717
23317
20243
21917
20677
21741
21464
25818
23287
19742
23293
25692
22826
19507
22194
22232
21672
23404
21713
18809
15040
17012
21542
18739
18994
22446
23540
23199
22601
21482
21378
19405
23729
26283
23270
24767
22615
23051
21742
22095
25622
22847
21680
24694
21169
14984
19218
14682
20409
22038
25576
22064
25217
23207
20238
23096
22845
21244
20491
22026
23892
23292
22929
18348
23904
18719
19144
19614
22195
23182
18319
19494
19540
21848
20316
20650
18637
22827
19722
20239
18350
24060
24890
22527
15245
23147
23006
18724
19057
20450
20763
25413
20912
17694
19461
14733
18861
15932
20782
16110
16607
20531
18472
20438
22380
19573
21706
19124
19786
18861
22178
25196
23260
23383
19159
24449
23055
20931
22899
23536
23666
24719
21568
18831
20222
23893
20791
18368
22165
18988
18422
20122
18523
14923
14918
21592
19696
22119
21486
23542
21911
18942
17840
18371
22813
20788
21617
23573
21354
22977
20506
19805
20029
22195
19385
20962
18054
19673
17058
15629
16491
19408
22274
22345
20307
22905
24666
21035
22786
22941
17240
23430
19877
18645
20478
21154
20473
23812
19557
23840
19233
19095
19308
21262
18749
21073
19408
21837
20698
20925
20501
23791
21602
20433
24075
20076
18883
23524
21865
18085
23029
21592
20017
24193
19644
21927
15730
14554
18636
18328
18570
21214
22954
21334
17197
18237
20495
22237
19453
20933
25469
21605
19686
20800
23427
21663
20397
19726
22521
25126
21676
21496
21016
20747
19955
23519
20880
23594
18265
18092
23702
19565
24133
17500
21955
23627
20538
25918
21647
19561
19978
22696
19016
27787
18033
18181
19376
21177
22681
19430
23217
22095
21556
18929
18030
18542
20264
22495
22092
23302
23329
18951
22482
22120
23833
19097
23334
21361
23854
19626
17692
19735
19644
15384
24615
18204
16638
18025
20074
18554
20538
19412
22963
19929
21783
20441
20159
19436
18574
21357
21166
22904
20188
23548
23304
18393
19909
20297
22093
21638
22849
23968
19917
24692
19193
24026
23235
25814
21583
22128
21720
22709
20872
21020
24537
21789
20940
21149
19598
18002
18787
16603
14471
16657
17809
22301
23832
24154
19537
24343
20831
19611
22258
19636
20610
21489
23494
18366
19709
20806
21179
19566
20641
20417
22454
18614
18650
21790
25998
24210
20409
22054
20717
20139
21459
21951
22658
23569
24890
19773
18631
20837
16066
19959
22705
20498
20668
22689
23414
24962
21114
21735
19274
19586
22246
22749
22964
23012
27481
25215
18550
21894
22841
23588
23607
20789
21911
20943
20346
23025
23796
22096
19825
20815
18440
19828
16657
20544
21650
29168
21595
20541
22757
19732
20599
21482
21780
20629
24451
22146
25897
21406
21099
19503
20412
19720
21057
20857
22283
22551
17592
20636
22472
21571
20271
21589
17725
23541
20887
18201
15498
22745
23333
21508
20691
22701
18963
21602
21650
23493
21216
18164
27304
19128
22135
16452
20443
22735
26362
18599
21720
21282
20323
24317
19799
23663
20859
19229
18933
20952
21807
21903
19681
21257
18794
23288
21631
21313
17617
21480
19245
21644
21340
20390
20875
20132
18388
15954
22107
22532
21999
22513
23300
24425
21862
20552
19925
22446
21889
22437
19817
20229
20394
21959
23750
20906
22789
19669
21861
21006
22349
16956
20916
19994
19990
19434
23498
19733
27149
21192
20886
17905
20232
19058
22094
25321
21138
21910
22815
23301
21952
22645
23122
21527
22403
24728
17518
20178
19764
19238
19180
19370
19423
22149
21196
20630
21486
23354
22246
24916
22811
19326
20771
19634
18238
20110
19274
21515
20076
21002
20867
20621
22580
24106
21644
20131
21830
20172
23758
23190
21299
19137
22188
18756
21085
24317
17963
20984
23563
24199
21566
19396
26918
24145
22726
24372
22583
24188
17938
20047
23163
24509
22378
22146
22084
21415
20342
19179
23378
21567
23745
20973
20132
21337
22729
21774
18703
20103
18255
22697
21964
20269
19357
24475
22492
22341
22423
23298
21602
20722
21362
21266
20946
22027
20629
19713
22728
17884
21237
23742
21427
20986
21603
20455
20244
17665
22045
19070
17633
19522
21358
22792
24025
20095
14774
13983
17563
20578
19744
23352
20942
25607
22800
23733
18502
20504
23088
23652
21333
21805
22476
21588
20291
19924
17799
22416
21695
20150
22285
16457
20761
19460
20471
21026
20927
23417
20906
21679
20397
21172
19622
23270
20730
22526
20384
21202
21752
24645
19429
23796
20053
16099
18027
20995
18134
19654
20397
22028
24996
23478
20516
15654
15414
21433
18272
21896
20694
19531
23006
21744
21686
23685
22182
19141
24305
23591
21810
24964
18633
15742
22841
18433
23178
18020
20420
19471
22200
21777
22380
23795
17002
18916
24889
19364
21774
20963
18212
20261
22972
22091
22180
21856
22380
21047
22720
17985
21161
19499
20487
20220
22605
22713
23363
21616
21403
23749
22719
23074
17812
22129
19521
22737
19257
25643
20272
19854
20107
21178
21206
21335
23499
21581
19030
22430
19853
20224
21401
22059
19639
20648
19851
24040
21798
21661
23764
19973
21196
22962
16177
20488
22915
23187
25477
19765
17475
20611
20640
18446
20500
21505
18471
14105
18175
19957
22629
19323
22535
17064
22057
20143
23791
22009
22073
21400
17174
17930
20478
21401
21624
20458
22157
20942
19131
20486
19005
22123
18298
21599
21870
22091
20197
21416
22246
21379
17607
17950
21064
22186
21298
21967
24323
23897
20730
22348
20048
20554
19625
18952
19490
19055
23925
22064
22554
21711
22906
21940
19020
18967
17973
25725
22393
19835
19515
19169
24397
23686
20108
19681
22135
19402
22395
21399
21602
18505
20090
20638
19046
23272
21245
19320
19565
20720
23020
22333
18922
20728
21064
20575
21378
21872
18787
19754
18137
23637
23884
20704
18348
21423
21616
20801
18306
17043
23351
24974
21176
22488
23069
20267
22369
20189
21599
26644
20145
20304
22408
25795
21846
23301
22806
20771
18213
21132
21994
20731
19206
26241
20603
23328
20815
18875
21353
23598
23528
18875
18953
24323
18923
21538
18804
20140
19579
20844
23759
19806
21335
20968
22174
22878
21625
22242
21994
21027
20873
21311
22244
20486
23624
21732
23590
19468
20952
19245
22444
20575
21209
21840
20314
20203
22918
21824
27403
22108
19465
22787
21779
18866
22935
24194
21158
19239
19338
25493
22395
26685
20726
22179
20607
20659
19777
21211
21469
22452
19766
18835
17999
24459
22224
18996
20305
23072
26287
19793
22843
24433
20491
17932
20818
18085
18455
20982
18012
20275
20636
19094
23289
22075
21023
20734
22468
19618
18631
23757
22410
21183
19714
19999
22423
20596
19896
20197
22136
20385
23567
21246
26059
20881
20735
20851
18018
19435
21062
17982
24709
20649
23785
18487
18250
20296
20702
22064
25541
19453
21190
20463
20003
20487
21130
23300
19782
19618
16918
22307
27519
24830
24784
17556
17258
24648
20342
23675
19829
18227
21375
19988
16526
22254
22059
20803
21077
20665
20667
19537
19058
22775
19004
20750
23144
20031
25144
21028
23546
19037
21065
21331
21834
19562
19609
17600
21106
19792
23612
21572
23296
20529
21634
23777
22053
18330
18410
23157
19528
17857
20323
19250
17898
19052
20498
21710
22628
22057
24899
21494
21782
21695
21410
22349
21703
20473
22656
23308
22199
19968
20354
22512
19761
23200
21951
20281
21120
21320
19180
18929
20635
19330
19065
19396
22443
26046
21005
24260
18061
24219
22343
17446
21173
26339
20844
19866
20744
19705
26209
24055
20401
19164
21158
21639
20339
22975
21176
20599
20870
19970
20645
19702
20720
21841
22467
23193
21781
22430
18298
22287
20020
22432
18560
19603
21529
22126
19572
20131
21220
22675
20604
20942
23131
19349
21186
19532
18013
21602
18663
19480
21706
21278
22165
22075
22308
21342
22726
20094
23662
20041
23108
20096
18508
21533
20347
23321
21324
23560
26989
18135
21772
24296
20721
20062
18732
22025
20607
22619
20766
21032
18784
18395
22887
20113
20931
20881
20178
21800
22576
20685
20969
19185
17786
22772
21406
20317
21998
21098
22154
23760
19925
20243
23238
19672
17060
17943
16579
25538
19762
19299
20291
17193
22203
20324
19805
19536
24406
20404
19544
20258
21298
19190
21944
20982
19517
21585
20484
23391
24580
19096
19505
23308
17972
22440
21209
22499
17275
22611
18457
18926
19971
22479
20641
19338
19665
18971
23973
22817
19391
19344
19841
19389
18192
19117
17784
22109
18622
22084
20615
19926
19085
19521
22361
20179
20412
19493
19296
21112
21287
23348
20984
20631
18154
22001
19045
16576
24894
20261
22362
23239
19783
20619
23297
23322
18454
23070
23180
20001
19974
22995
20074
22366
22093
21162
21860
22035
18907
20624
21642
20524
19454
20751
20946
23760
20038
22398
18701
19528
18498
19909
22272
22395
21978
19451
21821
22276
20414
22049
18903
21357
21424
20924
18050
18241
22635
21357
23030
17476
17962
21330
23745
18760
20930
19316
19770
20355
22646
19638
21485
22590
20695
21743
20353
22159
24008
18289
19194
24175
18608
20876
22326
18581
19411
21709
20773
23975
21847
20511
20597
19098
17976
19894
19964
20233
21405
19595
18518
19000
25470
21410
20683
22990
22560
21328
19539
22401
22606
21424
21186
17488
19666
19182
19338
21187
20326
21168
19890
21290
26106
21638
21425
21907
22919
18746
18480
21602
21797
21194
20024
23178
20924
22185
22217
21995
21537
20490
19276
18791
21428
17149
20722
18197
24024
18262
21621
19482
22144
21978
20265
22686
19289
21854
19031
18700
21453
20027
19774
21752
26292
21483
21610
21657
21009
19836
19603
20682
23540
20860
22190
19028
20626
18272
20897
20091
20197
24186
19305
25188
22821
16710
20576
19510
21749
21529
19591
20988
22075
20558
21700
23075
21826
23424
20537
20041
21568
20403
24638
22596
23180
21060
18591
21194
20329
25242
21499
18707
18730
20549
20921
21811
20577
22009
19864
20401
18943
21925
19159
17729
21836
20746
20154
19826
19611
21069
22712
21487
21300
20552
20321
19075
23288
19856
24141
22322
19457
23358
19749
21117
23196
20485
16846
19984
23174
20716
21190
19336
20261
18631
22370
21551
19166
21598
18921
20627
19539
17987
22319
20372
21675
20252
21116
20536
21263
21438
19257
22394
22575
22059
23225
20187
22547
19810
21108
21495
20679
23999
23115
18862
22643
21653
19842
21222
22580
25734
17797
22048
21959
22106
19424
20221
22618
24279
19503
22838
20121
21637
24410
22571
21508
20338
22610
23284
22535
22601
20981
18374
22264
24679
19159
20682
20338
20602
20908
19779
20943
20563
23089
20810
21890
18910
20288
20254
21547
21998
21209
23571
17791
20299
20855
21499
20343
22288
20207
20793
20737
20492
23500
20830
21796
18467
20719
16995
21564
22329
22869
21917
21071
22421
22843
20886
20628
18179
20745
21462
23328
22083
19670
25338
23193
19759
19504
21767
21079
19661
20841
18219
20737
21229
21843
19117
18697
18727
23676
22639
18325
22549
21075
25519
18095
21453
19109
20675
20601
19101
22556
20907
19714
18976
19098
22628
21951
22097
23069
20228
22817
21737
17849
21124
20573
18558
20938
18904
21702
22292
21028
21346
16374
19710
22982
21205
22099
20341
19803
17895
20275
19028
19700
19647
22345
20224
18543
20563
21581
23164
19209
19068
18366
21756
25127
20579
18539
19680
21889
19683
20977
21999
22344
20092
21354
19155
24818
19758
19335
22230
19193
21655
19634
24736
20132
19421
20086
20489
21325
20139
20543
20003
23127
19589
19598
20284
21121
19418
18536
20363
19176
19737
18917
18860
19595
21347
23723
22642
23954
22633
21112
23338
19694
21674
22838
22693
24050
21680
19087
20230
18166
22988
19632
23429
21946
17626
20893
19700
22352
19511
20371
20865
19965
22117
19614
20019
15997
14404
19377
19807
19412
22568
19346
20239
21286
19452
22470
20620
21006
19801
19637
21382
14918
20198
20911
20428
19725
19484
22347
18998
20403
21551
18859
18623
22679
21104
21764
22077
21149
16329
19417
21049
21161
21481
20406
18484
22489
22384
21100
18975
21079
21829
21481
18855
19929
19580
22259
19567
20145
18955
21414
20946
20547
18404
19259
21500
17185
22349
20348
22410
20702
20017
20151
21594
20792
18632
21606
22187
20554
24940
20416
19585
23431
19140
19448
17516
19905
22773
17934
22573
19086
19798
23637
19116
20556
19560
21491
20512
18130
19714
20158
20713
21928
19285
20253
18858
16793
20169
20801
20676
21626
20190
20554
19301
21415
22305
22583
25325
23795
18598
20198
20304
19855
20423
22317
20877
23948
20619
19992
22822
20533
18878
21229
18523
20826
22132
19426
21587
23727
20873
20315
20386
18374
18997
20910
20731
19286
20380
21748
19849
21871
21229
20791
20721
20353
19271
22925
17941
19512
21651
22936
22361
20613
24949
21597
18066
19328
18598
19688
22553
23310
22608
19436
22129
19465
17936
20939
23595
24132
19246
20850
19907
20828
19891
19634
19143
20238
20065
22426
20693
18365
20305
19030
23447
18239
23421
19492
20489
18729
21368
19083
21399
19531
20373
25306
18901
22407
21482
20805
20549
20486
20374
25334
21034
19367
23147
20384
22288
23724
18493
19838
19526
22316
17584
19115
17896
20754
21705
20180
22903
20577
21393
18557
22735
22892
20779
22701
20841
18101
21824
23016
23096
21512
19990
22510
19557
19117
19784
19780
21843
20307
19885
20759
24385
22276
22927
20862
22668
19195
24547
18013
20181
21192
18314
18513
19509
19909
20839
20865
20244
23433
19691
22543
21411
21912
23295
18143
21894
21470
22054
20231
19533
19479
18298
21338
19676
21748
20690
19606
23876
21102
22289
20396
20212
22192
21391
17860
22914
19902
19101
23068
18866
17538
18707
21531
18897
21479
19679
21251
23899
21636
20043
20050
21264
21862
19350
18431
21154
20676
21692
23353
18963
18131
20473
19417
19413
22147
19075
24130
18653
19741
21458
22485
19141
20520
22477
22510
18375
19009
18347
22046
20342
23870
22600
20067
20263
20385
21552
21050
21014
23292
21437
21380
18027
19836
22139
21251
19583
20305
18217
20257
20656
23925
19419
21135
21131
18558
19876
21758
21035
21719
20072
20623
21138
20270
21493
21044
21184
22857
23245
20189
20954
18102
24369
20112
19485
17167
17903
23883
21338
20004
20528
19957
18648
22689
17803
20171
20959
20476
19512
19104
21200
19640
20798
20324
20924
20803
21292
21088
20860
18756
22198
19759
20246
21641
23761
21655
18428
20740
22012
23016
22374
22588
19278
18441
19999
19524
18960
21258
18540
22711
19075
19565
22555
21620
22298
19565
18617
20714
22685
20683
21119
20699
20721
20286
20153
21856
21295
21271
22851
22363
22025
19320
19298
23551
21945
19126
22473
20728
21982
18714
18617
19586
20134
21023
23580
18116
22271
18938
20826
23066
18823
19517
22147
22098
19976
19095
20909
19452
19144
20665
21678
21339
19559
23280
20192
20359
19719
21908
19928
20971
18529
20275
19586
19036
19696
18309
21847
22828
22005
20284
23568
17459
19989
17976
19952
22761
22742
18173
18518
20070
19040
20902
20276
19205
20889
20352
20251
20828
21006
21584
19139
22506
20116
20429
23545
20138
19824
18138
18950
20566
20749
18260
24931
22658
20814
19210
18755
22579
19626
23809
20489
20656
23420
21720
17178
19993
22040
19741
23182
22420
20157
20464
18154
20353
20368
26657
22804
19025
20525
21687
20925
20902
22357
20503
20273
22255
17786
23713
21299
22297
20379
22547
19306
21161
19109
23980
19004
18257
21772
19085
19974
20032
19770
21685
20425
17594
16724
21436
20783
20263
18314
18722
20384
20855
20931
21600
19326
21113
20758
18811
19872
19495
18786
19703
19791
19253
23776
21029
18578
19616
22430
19690
19540
21860
17622
20490
20180
21538
19902
20154
25004
20565
19346
19250
21640
19585
23791
20187
19939
22907
21679
21294
21079
22782
18990
21946
20300
19875
19471
18950
20833
19549
20271
21703
20941
25375
21259
22011
20318
21234
18172
21292
20190
22361
21496
22844
23004
17327
19211
25553
20022
19015
21844
19688
20163
20527
17715
21165
21741
19823
21052
26835
20501
19460
20869
22903
20428
18854
22426
22648
19096
21646
19382
20650
22095
21917
18740
21230
19457
19495
20461
21013
19342
20151
19394
21645
19085
20116
20540
20082
22313
21314
17997
18685
21743
23418
18615
21133
22052
18979
22814
18418
21112
20222
16411
20229
21800
21939
20191
23565
19668
18734
18451
21260
19452
23018
20978
18799
20358
21918
22636
20908
19046
22499
24757
22899
20505
23298
20775
20796
19738
23498
24315
19841
22122
20071
21823
22635
19335
20673
18793
22499
20592
22638
21125
20534
19931
20829
18436
19744
20876
18422
22980
23075
20673
21316
17963
19809
19887
19482
19668
22412
19747
22549
21876
18832
19566
20197
19999
24336
20766
20928
20113
23871
22773
19446
19896
17999
19759
21441
18025
20226
24172
20253
20834
22760
19532
19823
19322
18844
18978
20721
20518
21166
18080
19860
18525
20801
19524
21647
22647
19391
22523
20066
18921
22070
20762
17672
21032
19048
20337
18761
21322
19591
19403
20108
18410
19966
20996
19442
19753
20093
18614
20154
21289
20201
19902
19965
25299
21247
19378
22230
22040
19688
22052
17131
20359
21195
20036
20184
22418
20842
19418
19794
18767
19097
17860
25721
19605
18740
19463
22247
17360
19762
21436
20194
20109
22598
21440
19930
20826
19193
22218
20191
21346
20605
20499
22201
20937
18855
20707
19259
19521
20261
18591
19933
23404
19685
19895
21651
21794
22306
23558
19229
19947
20457
22919
21589
20197
22263
20276
18436
19313
20051
21137
20561
19189
24610
22924
18906
22924
19719
21049
20867
22076
21793
23238
20251
20027
22837
20618
20362
20241
18893
20768
17450
20145
23093
19668
20363
19779
19647
21034
22562
21156
21131
20526
19387
20135
17652
23206
21531
20213
20012
22862
21395
22776
19268
21960
20291
21457
20536
21720
21526
22266
18252
18082
20510
21299
20980
22961
19198
23283
22360
22146
19320
19784
21255
19270
19278
21391
20301
19404
18725
19223
20176
19896
21580
20371
20712
20054
22700
20431
23368
20171
20284
19556
20713
20570
20873
21672
20457
20113
18363
20836
20602
22066
22123
19623
20785
19362
25080
20232
18851
20341
18059
20741
20363
18397
20614
19766
20790
19442
19636
18792
20883
21256
18374
21100
18486
23746
20012
19599
22117
20825
20047
20269
19233
17255
20329
23604
22138
20989
22771
21637
22049
19182
22107
20123
20918
21213
23284
21125
20418
20628
24883
21093
21449
21560
21121
18323
21508
21204
21404
22580
19366
19832
22840
21703
21611
25008
24509
19614
20628
21504
19530
20069
22057
22935
19389
19672
19722
20806
19656
20002
20142
18422
21032
20740
20931
19259
19332
20815
21249
18592
21546
19835
20371
21224
21687
18762
18439
21812
21321
20424
20082
19900
21107
19574
19668
17435
20594
19590
22243
21891
20029
21758
22093
21400
22458
20394
21455
18920
19217
19527
23584
20250
18591
19783
23823
19046
22706
23076
20903
19862
21610
19608
19949
21678
20980
19989
19326
19364
19409
21459
18760
20789
20255
20026
18434
20751
22731
19169
21469
21054
23669
20239
20046
19134
21557
20864
20686
21739
22345
18589
20128
20210
19770
21746
20230
18217
21282
19501
20318
23091
19701
19401
19120
20059
18563
20026
18278
21089
20670
19257
20363
20177
18095
20589
22546
22384
19835
21241
19261
20359
21108
24007
21025
21465
19203
18793
20289
20842
21610
21198
19296
20385
21395
21350
19472
18389
20238
17800
19777
18173
19871
21116
18517
21589
21136
22375
17684
19969
20842
18980
22143
19222
20785
21650
18686
20091
19834
19300
17947
20760
20844
21314
20793
17241
17819
20417
19049
19659
21823
21518
22846
21487
21216
23062
21525
20641
21777
23053
19517
20319
18357
22437
18694
20371
21088
20690
21467
21417
18023
20617
20311
20703
19755
19598
19844
17794
21384
20781
20852
22167
19016
21598
20016
20286
20732
23925
21040
20187
20442
22509
23865
21887
17362
19656
20105
20113
20884
21672
20698
19515
23985
20390
20289
19770
20044
18686
19768
21978
18186
19591
22799
21257
22918
22673
19592
18141
19255
17749
22008
19233
20142
19641
19851
21051
19639
20419
22326
20563
20037
19947
19772
21796
23736
20682
23094
22002
19282
23148
20069
18506
20014
19146
20271
19516
19166
20028
18947
18132
21539
20513
21980
19470
20612
21798
18617
20971
21964
19325
19313
19684
18860
17525
19285
20051
21193
21919
19917
24216
19110
20581
22979
19200
21268
21709
21545
17367
18699
19912
19915
19665
19703
19894
18620
20926
21863
19385
21898
19709
20577
24142
20741
20826
23344
17005
21599
20351
18792
19740
23612
21548
22006
21966
20303
21545
19452
22636
19400
20544
18947
18923
19021
18425
19907
22998
18969
21785
20988
18875
19661
19804
18813
20332
21822
19993
23724
19647
21847
18712
19773
21435
20187
23934
19493
21358
19806
19958
23631
22569
20693
19501
23249
19955
22072
17706
20552
21757
22699
19400
18270
21514
19967
20479
18424
20316
19268
19010
20134
22932
21444
18490
19748
18254
20421
19583
22681
20076
18798
20327
20931
23087
21027
22463
20570
19609
22992
18636
22085
17781
21235
19296
22014
18152
20980
18264
22811
19606
24022
19298
18756
22001
20505
18698
19841
20856
19726
23320
18891
19987
19287
21214
20486
21139
22966
21849
20410
19564
18877
21659
21527
21285
22498
21929
18233
22476
19555
20677
19408
21413
19264
19710
21600
21669
21603
19653
19925
20915
21464
18677
19415
23445
20492
19325
23140
20490
22312
19456
21588
18816
18183
19927
21072
19526
19562
20969
19865
20501
20808
20081
19186
23175
20120
20045
20295
21690
21137
23327
22245
18135
21513
22626
22086
23037
20779
20038
19563
18901
18567
19226
18875
17547
21806
21700
20491
20650
18581
17674
19540
21245
23382
20220
20173
19572
19479
18887
18899
20309
19900
20427
17723
20794
26107
19111
21963
19137
21243
19191
22803
20979
21269
20015
20419
21353
17070
20853
21878
19054
19169
18693
20345
19136
21937
21917
18721
22211
22128
25061
23641
21492
23407
18509
19005
23355
21326
22039
21261
19795
19428
22322
20364
23232
20927
19872
20663
20165
20641
19009
21129
19596
19857
20357
19628
20854
19031
18714
19414
19978
21122
23029
22212
22166
22146
19322
20642
21877
21757
18393
19075
21472
19458
19016
19458
22542
19411
17772
20160
20532
21624
18555
18510
20913
20484
17572
23148
18221
19253
18694
18991
19967
19402
17490
20731
20296
21182
18411
19377
18863
21687
21312
18540
19911
19608
19843
20611
19613
21959
18625
19702
20152
22980
21663
19447
19701
19095
17985
21043
18327
20329
20258
20291
21145
17997
18383
19358
18752
16980
21122
20054
22018
24706
20970
20380
19602
20976
19986
18532
18126
20941
22217
17925
21476
18484
20330
22454
18198
21026
21922
18801
21595
19074
21230
20654
19808
20709
17172
20603
22282
21270
19760
19886
21411
18584
20848
20216
21540
21159
19888
20215
20477
21514
21584
19998
21262
18655
20340
20900
19810
22085
20310
20313
19858
21527
20516
21535
19244
18610
19265
19055
19648
19981
19664
20155
21736
19908
21876
18630
