-611338.9037518033
-444435.8908008656
-580140.9599206353
-666056.7882936511
-468223.7688394941
-479242.0500000001
-468486.5924963926
-544531.9430672263
-509299.0256132756
-536327.2190548485
-586774.4499542124
-594341.237806638
-616327.6868575877
-467681.1051226551
-506219.5571428569
-484679.5928571431
-498554.3182539679
-619686.6805555555
-402477.65833333356
-523935.6999999999
-527647.5016955266
-484724.6964285715
-539004.0230158726
-509524.1912698413
-616428.5087301589
-590884.2547619059
-547449.08015873
-510153.2817460318
-510693.52023809525
-455585.2150793655
-502579.6511904764
-586195.5730158729
-461840.1071428572
-450837.0613636366
-509869.87619047606
-528656.0911255413
-671592.8833333333
-465531.5402319904
-479898.5674603172
-496528.3471428575
-418246.3269036517
-442005.2642857142
-688255.5629870129
-348983.99285714276
-543256.6771617269
-435284.8000000002
-566656.3738095235
-513381.99706959707
-506020.9119047619
-440980.76254905184
-542159.9360028858
-413632.0523809523
-711409.2075396823
-470701.8493284492
-379713.8695221446
-502872.9738095236
-466434.48690476187
-652785.5895891689
-615708.9615384615
-565630.9442585193
-597128.4154761903
-416917.4180735931
-512752.2261904762
-477312.483982684
-537454.8761904764
-449831.1169191917
-500001.55175070075
-451203.67362914875
-497401.70988456
-502030.395887446
-496453.7333333334
-442060.25845004636
-514917.8101481851
-420525.5738095239
-392144.3452380953
-437846.5976190479
-500430.6842546343
-491599.45743145735
-511391.53282828286
-437825.7642857142
-510689.1815873009
-491534.8783272281
-523629.2351010103
-450332.0713585431
-404723.3092823842
-514145.009920635
-524882.8051587299
-469001.82103174634
-555132.0338924959
-578470.8277777779
-646387.6051587303
-860290.3071428571
-544621.7364667942
-381135.60476190486
-479156.975
-580236.06520979
-341902.95119047613
-470388.1876984124
-511479.74523809564
-441368.339194139
-498541.35048701323
-522716.41217948706
-628249.6896825393
-545310.2527777778
-454552.097710623
-513246.6172077922
-469217.2630952381
-587242.9414862915
-443175.7944444447
-527085.6557936508
-431664.0230158727
-529963.007142857
-333699.25873015873
-459295.37878787884
-728750.8559523807
-613411.8410256412
-522323.9957542459
-461165.7085248086
-376310.41645021655
-362193.2083333335
-368740.9785714284
-488928.60833333345
-485386.8095238094
-524424.4127875392
-439074.72216810985
-491468.16666666686
-436388.43068181805
-495286.9190476187
-463530.33441558434
-511803.08015873056
-519954.70164835145
-807031.4023809523
-548817.8269841272
-571248.6351953602
-444752.53245782
-421865.4484459987
-562534.7746031749
-569023.8640082141
-549834.2285714288
-453121.0785714285
-483386.2444444442
-505648.56309523777
-622711.026190476
-572769.1791208794
-287291.94514652016
-526221.8084096457
-445597.59761904745
-432807.18896103895
-432256.1273809524
-432549.5730158731
-470669.7452380953
-537157.4940476189
-340997.84707792185
-503344.6927849928
-461384.9267399261
-423963.7180375179
-605257.5753968256
-408220.3583333338
-714166.2930735929
-541148.195027195
-564514.398412699
-498548.75714285794
-596018.5991341997
-577885.7333333329
-714077.0068986566
-513485.638888889
-498603.2722943726
-381879.6909451659
-407166.8976190477
-574486.5162087912
-600531.0071428568
-602085.8925824176
-398688.4142857142
-483226.3178932178
-559321.55515873
-540268.8162337661
-487025.1725274727
-449755.03115079366
-420135.1639194143
-611443.5496031743
-556478.6936147193
-491198.9999999999
-432278.3323051945
-604760.1194520395
-499046.4196497949
-365998.7345238095
-588631.1892857138
-439775.4875568875
-474284.0880952383
-480840.96071428555
-329391.31489139516
-578942.0722943724
-361221.87186147174
-644194.7212454212
-570404.6186480188
-425722.7000000001
-512300.13749999984
-423886.54484126926
-408358.6607142857
-369699.90198396356
-403388.5809690313
-560372.0113830613
-528803.1543650795
-683515.8541125541
-548971.7756322623
-826138.5505050499
-419139.49060150393
-822415.4392857142
-546046.4944444445
-534514.513852814
-549776.4159590412
-596306.4103174603
-482575.22741702764
-455770.4462537462
-437419.30432330817
-499049.31111111125
-676736.5543650794
-356763.0694444444
-603551.9829365078
-612862.5306372549
-501035.36309523805
-353133.0496336994
-453630.7869047622
-509563.6344155843
-358679.0924603178
-565459.8682678432
-715340.6032212881
-535267.71984127
-311374.17460317496
-398308.6841269838
-624072.2876623377
-292609.62857142877
-335010.01984126994
-467419.7467948716
-503672.30378787895
-359918.4155677653
-429538.41507936514
-370595.1771062271
-542124.7536414565
-413529.917063492
-443967.01626984123
-460549.45753968245
-567310.9832251088
-564483.1162698416
-663489.8023088026
-441985.8103174599
-369454.61607559107
-528245.2883116883
-483576.9093434345
-423564.53095238155
-449287.7115461334
-542262.1842532468
-697022.3575757567
-644291.0431818188
-422577.71428571385
-395396.2119658121
-464604.33155806194
-474319.20906593394
-433194.05555555556
-428822.23412698455
-437472.65218254033
-300682.06118326134
-358668.1886363635
-375518.31428571424
-346877.96381951397
-512423.1226190474
-398092.43217893224
-474341.97241019213
-400595.21922799386
-342405.09649859945
-471379.1747835499
-546874.8097069596
-513585.97380952357
-475321.1795815297
-489363.3809523809
-490882.25238095253
-406592.6435425686
-450675.7686563435
-518132.4127705628
-348520.6384920636
-507694.6984848487
-456750.97085137106
-432312.3059523809
-529737.4180375182
-545987.8396825398
-726137.0388888891
-783344.6246031751
-505055.87460317457
-585513.488492064
-495613.0055555555
-328307.2202380954
-496245.10396825423
-442009.3880952379
-414050.53134920646
-541649.4200854702
-367398.1748917748
-396502.9722222224
-402481.5357142854
-537408.710317459
-464566.98903318885
-473164.724369748
-675417.1290043303
-291171.61785714305
-288163.4181370916
-454942.7165266107
-325867.63095238106
-505639.0121031746
-497161.06031746033
-521613.24642857123
-580716.1739954492
-696925.7464285712
-737444.0047397043
-776895.2960317465
-714132.2416666666
-619025.9931818182
-402489.00833333324
-461045.2333333332
-565050.1719696971
-693648.8433372191
-627311.3698412701
-371911.16666666674
-296906.05595238076
-391490.0845238095
-456196.6753968257
-421184.69206349185
-376410.12777777814
-421880.8137973137
-378977.7743589742
-507717.8538621506
-709548.367216117
-650077.3380952392
-558632.0196115288
-460885.163690476
-330576.77056277037
-413278.3879870136
-280673.8470140972
-537172.0916666666
-637525.2857142856
-590913.7191697189
-703712.6999999996
-499066.9321428572
-424871.7480519477
-369368.42142857175
-456385.1285714286
-501160.91865079344
-582653.2666666671
-515500.76746031747
-485043.5584054834
-501619.9637626262
-373771.5166666668
-480895.77979242976
-509769.88333333365
-385275.895021645
-318976.4341269841
-321838.402380952
-510743.1246336998
-598952.1492063492
-652627.978571429
-634153.19498557
-577272.9879120879
-520309.61274509795
-623937.9696969704
-579732.3976190473
-461293.7853174605
-615118.0567460316
-513508.1734848486
-454014.8289710291
-594492.2198051949
-548132.588095238
-428885.06111111096
-436444.9611111111
-554620.7277777778
-412008.57272727287
-461938.1095848593
-641462.8310606062
-612145.0638888886
-501514.8277777775
-721575.4750000009
-667108.9859307355
-667677.4047619045
-382520.6777777776
-439106.89369519363
-532198.556776557
-713396.9142857145
-588376.9789377288
-426671.9921855923
-363611.2670634921
-316027.21666666656
-346511.0437229436
-624223.833333333
-787987.3103174603
-586599.7499999997
-344360.44426406926
-376305.01929824596
-375675.5357448108
-553282.5563492064
-459328.76904761913
-353875.55866180605
-607637.514213564
-288195.5690476191
-366567.5011904759
-413172.1048285049
-588736.1130952378
-626424.1840326341
-467003.01212121214
-587706.3809662558
-615754.9626984134
-619737.6424603183
-349026.1290043294
-398678.29285714286
-684788.4986707733
-718556.0869047615
-451294.6292318793
-348442.00753968273
-511118.9250000003
-656446.7335164833
-568832.7253968255
-419438.9142857143
-342220.62619047624
-668344.1704545455
-575234.1783549781
-401475.2958791209
-461306.3549422802
-296159.3539682543
-329677.9527777776
-286422.40897435887
-292306.01125541114
-360459.6691086694
-400995.5831890329
-337190.54523809603
-335634.5137806638
-613477.0011904762
-475455.70081699366
-311603.3785714285
-458470.09365079354
-400977.7876984128
-448012.3111832614
-363898.352503053
-360933.6377192979
-265719.94396407664
-406825.582142857
-325201.7563492063
-252258.83095238096
-312834.46547619044
-380176.0404761904
-376798.7492063493
-372179.47063492046
-402426.42380952387
-442444.1478021981
-535738.830988456
-652568.9285714284
-498995.77105394605
-570153.0583513709
-610433.2443001443
-595289.0308191811
-421397.1627011876
-701564.5409923409
-665374.7250000004
-632830.2401960789
-365726.6889610387
-331910.15
-369874.2750000001
-509347.463888889
-575795.8232259572
-593449.6496392499
-634112.7047619048
-329753.6845238092
-357853.8388888889
-324333.7850877193
-335870.0391414142
-560828.3023809528
-466609.93055555545
-395708.69487734465
-317909.583044733
-357010.5791819293
-419546.296031746
-414363.3838383841
-404208.75888278405
-382519.90476190456
-318912.6311521812
-577418.7269416857
-580900.8839466088
-584699.7575091581
-610279.0833333334
-523368.3804029306
-646299.7869047613
-665625.6214285718
-354420.7661976914
-578776.3833333332
-637254.384523809
-581615.9928571428
-573420.6845238094
-521306.98049289885
-483273.56236541225
-397751.8801739927
-516075.2261904762
-309840.87860750366
-397808.44696969696
-380866.41309523786
-565662.6934676436
-486335.5960317459
-323107.0466619979
-328714.58452380967
-366756.835064935
-369890.78333333315
-516812.20562770567
-552134.3502886002
-552995.4166666667
-683846.7642857144
-649096.8010101006
-580727.5444444446
-410696.5357142859
-289129.17198067624
-356512.2103174602
-355558.6166666666
-403100.2138861138
-574379.1387416505
-572693.0000000002
-481561.11249583744
-486627.5503052504
-449551.1769230767
-576435.7748447211
-622000.4958291712
-738702.4002136764
-636811.6127164508
-420713.8063852814
-344078.39423076937
-535809.6495098042
-566976.1115800864
-372402.1190476193
-399694.8349206346
-633474.9106516289
-486257.9619047618
-593348.890909091
-643102.9661531287
-358212.62550994754
-470954.0345238091
-429288.3016483516
-449510.53150183166
-595570.4452380956
-525087.0984126987
-541533.813095238
-475365.29751082236
-576990.4045454538
-577078.3348484848
-615722.0214285717
-428984.4095238097
-233112.5357142858
-328937.192063492
-357114.68015873025
-375949.8333333333
-459518.0598484847
-574554.5357142853
-501552.937012987
-520422.6178571429
-501300.14444444445
-548319.0435064936
-492165.043452381
-259205.3984126985
-560193.4519480518
-507406.8154040405
-348187.5091575091
-651644.2269841277
-648046.6666666664
-509487.5194444447
-633923.2224089641
-463503.3000000002
-474772.9428571429
-606537.3027777782
-382045.51118326146
-531692.2583333331
-444424.95476190466
-441263.7809523811
-293047.938888889
-393059.63174603175
-282918.08174603176
-522206.8642857143
-536536.019047619
-539434.2222222225
-581198.1134920634
-605256.8389804639
-571684.5253968254
-457960.9595238093
-449533.8142339544
-495119.7963369962
-622461.5419913424
-506169.8060606061
-553063.7171717171
-706885.2999999998
-631031.0785714295
-532710.2332611834
-642323.8928571427
-577245.4568181818
-561033.5703463203
-510721.51190476195
-642031.8265873013
-521016.0476190477
-558866.9511904762
-486146.9815476189
-539952.6295051354
-664950.1333333331
-438804.3964285715
-522594.33452380984
-558925.7206349204
-484831.555952381
-490042.9412655971
-578993.054960318
-540365.2841991343
-499135.15833333344
-490588.77619047614
-490786.0580086579
-503494.7968253965
-564109.9222222223
-495511.1686507936
-602612.0388167384
-580687.9678571433
-632475.0115079355
-614127.4507936504
-453388.3238095235
-522121.60000000003
-561631.0982142851
-530003.9803454718
-385022.569047619
-510917.9388888892
-583709.3554945051
-461466.049242424
-407160.2952380953
-389686.6865079362
-536749.1333333332
-593700.4765512268
-485742.2988095237
-430431.6353174602
-455221.53095238097
-506766.25180375215
-590015.1928571429
-321589.04307359306
-407611.57640692627
-400036.3499999998
-427493.1178571429
-248841.8884644768
-306184.3027777776
-257857.45681818182
-565252.6666666664
-521056.167857143
-556306.7023809525
-482380.7182539683
-615157.2524891779
-625069.7845238096
-437967.0222222222
-549979.5374458875
-277589.6448051948
-314144.5444444447
-305352.3119047619
-413377.06944444444
-423652.934920635
-609658.2091269842
-581080.2702380947
-577547.7666666666
-553124.3912698411
-552553.8083333337
-447611.74641411233
-300361.7621212122
-342344.04761904746
-295288.12142857147
-513567.85714285704
-588959.0970238093
-517435.3642857144
-445035.5142857143
-521882.43809523823
-363728.2452380955
-346398.82619047613
-341060.67619047576
-520011.0361471861
-531202.615079365
-231014.03333333333
-207974.46731601734
-265775.889285714
-440978.9666666666
-506963.82261904766
-516784.06277056294
-491933.8222222221
-504937.7602564101
-533003.0386363637
-537342.2055555556
-564115.1388888888
-599849.6095238099
-721036.6103174604
-605119.8035353536
-480630.480952381
-407203.58333333355
-520020.8961251167
-560942.7797619046
-603173.8749084253
-645404.4031746028
-462285.3696497948
-554764.35
-488042.6513802623
-564108.5673881676
-463875.19047619053
-463835.26865079394
-497381.12142857123
-512055.7249278499
-500864.74682539684
-519143.73869047605
-514297.9940476194
-471156.2440476193
-285786.0000000001
-332613.6190476188
-440503.27698412683
-555987.266666667
-573549.8833333334
-418787.97261904774
-553463.9480116294
-582878.4104427733
-498815.6488095241
-549203.8626984128
-543768.9058441557
-353450.699025974
-451636.5730519479
-592122.5186813185
-475303.25793650793
-592539.7222222224
-544608.6582251078
-538609.2607142855
-486674.26111111126
-536550.1333333337
-564562.3383699633
-562478.6452380957
-578003.5297619047
-688306.9166666665
-616130.3595238097
-478325.3392857147
-500629.6268398269
-454000.91190476215
-517935.29047619045
-453456.3001443
-513431.3095238093
-483521.33015873
-548299.9119047618
-533081.1273809522
-561393.4906862747
-586167.4537545786
-457765.2966810965
-481288.58484848466
-543280.683333333
-510815.59945054946
-250697.26904761908
-262466.8154761904
-276930.1571428572
-270256.6121212121
-259321.12460317442
-367540.7392857143
-478392.90054945124
-515219.1931623933
-479655.9464285714
-362759.94090909057
-447821.0166666666
-452474.43650793657
-442386.0468253968
-375793.8157647907
-547770.0333333333
-504858.7797619047
-516718.47619047575
-468771.76865079347
-599070.0190476188
-548752.9993145744
-513356.2666666663
-548642.5499999997
-514488.4333333334
-493901.54835164826
-538495.1738095242
-465750.98809523805
-407323.4944444445
-462284.8535714289
-493013.307142857
-426618.6607142858
-488580.5299145298
-611093.0821428575
-446048.7003968248
-544845.7595238098
-471119.0595238096
-634925.0869047622
-543124.2318542569
-480779.93095238076
-547975.2777777775
-421152.9186868686
-440179.3391965879
-445543.1666666665
-424577.6678571427
-346889.0928571429
-381955.68571428594
-306954.53333333315
-480250.30555555545
-487633.1000000001
-559955.4333333333
-373635.7154761904
-424271.3658730159
-535559.188095238
-627634.1301587301
-489194.345779221
-380995.6
-494540.2145743144
-479470.3833333333
-446999.5238095238
-533242.6722222222
-501085.6404761904
-543454.2873015867
-466541.9333333334
-413830.5055555552
-502848.35833333305
-568895.3225108224
-425059.3336007131
-592274.6916666668
-491657.4880952382
-517101.8015873016
-452696.03968253965
-529853.2333333335
-537432.887878788
-589692.779365079
-602326.1166666672
-530418.3284632036
-569556.3023809518
-594924.916666667
-407404.3527777778
-497334.54175824125
-510964.79761904775
-448732.3309523808
-408069.0111111112
-501245.8666666667
-549304.463888889
-577894.8360805862
-582073.4922077922
-491429.1155462185
-509517.3972222226
-478200.2547619048
-490864.0916666666
-529311.6516483518
-522118.35366300336
-436358.6761904763
-410497.15381562884
-426783.1666666666
-447272.2547619048
-488215.2261904759
-506524.8205128206
-379065.9218864469
-525095.8444444443
-572805.7509740255
-550024.9753968248
-557562.3734432237
-491517.75000000006
-428252.0333333334
-499251.4607142856
-504041.2825396831
-471564.76593406557
-571182.0205627707
-610720.2166666667
-492266.95238095266
-584804.1488095234
-551022.6166666667
-488005.4977272727
-475754.1183982685
-623150.3690476189
-461337.4285714286
-504416.96331168845
-576953.3666666674
-509545.96428571444
-469703.76388888917
-599805.0729437232
-496637.6976190476
-543901.2761904763
-455579.5920634928
-566623.8277777777
-451496.130952381
-531775.2833333333
-458884.65714285703
-538181.6555555558
-403652.7238095239
-531866.3214285718
-477487.5465007216
-507038.3055555555
-479817.75238095224
-411784.94047619036
-513428.53257575753
-489564.9861111112
-464532.42222222226
-530247.2261904757
-540008.1403846156
-474016.4333333331
-497649.53989899025
-510313.6333333332
-477641.73095238116
-519905.121428571
-536966.6313492068
-413675.2805194806
-544041.0166666671
-480134.42103174614
-504395.75487012987
-427400.0753968256
-500327.4833333334
-479990.5833333334
-515041.0995670993
-538817.9946428568
-497940.85384615377
-466750.51666666655
-589687.5976190475
-506463.458333333
-452532.6996031744
-441025.05
-511685.628846154
-523908.9642857142
-485146.64642857196
-408323.57599206344
-504036.90714285726
-475631.98333333357
-442535.74523809523
-444910.3260822512
-607251.3999999996
-617072.3166666665
-443517.38095238083
-446501.23754578753
-330185.1287878788
-455193.1833333335
-350135.3392857142
-468658.80238095246
-401029.6333333331
-453539.81666666653
-564912.4396825397
-473797.73333333345
-510379.45
-512199.0833333333
-468005.89999999997
-360698.9696969695
-440878.5119047619
-472080.393939394
-475083.0612193358
-472744.43095238117
-407421.2999999998
-428005.80476190493
-498306.936111111
-464435.2333333334
-482004.3833333333
-485622.57142857136
-485010.65
-485430.72857142857
-544845.1404761906
-446233.3316993465
-458450.53928571416
-583962.8047619049
-422327.04880952387
-414278.5121212122
-452769.8595238097
-485148.64285714296
-483758.32380952366
-507888.8583333336
-456136.2249999999
-494623.67301587295
-519361.3555555556
-487290.04166666657
-514762.1511904755
-471040.81904761906
-430327.3833333332
-425451.77380952385
-454586.21666666644
-610109.9801587303
-469339.7759740259
-409839.8333333333
-453981.10000000015
-437390.0885281384
-426267.92272727285
-418039.93571428576
-434730.7222222221
-492927.545238095
-432930.8869047618
-527968.7333333334
-409591.8942307693
-486404.196969697
-502014.80119047634
-568348.932142857
-473600.9021978023
-506223.0333333332
-462473.2222222222
-480386.138095238
-468231.07272727264
-517918.50238095224
-425206.230952381
-521152.534126984
-453904.9714285713
-444502.72132034646
-407252.5128205127
-483639.8
-538679.5166666666
-494273.7444444447
-442405.20714285725
-442877.2166666666
-425845.13928571413
-444341.9761904762
-494910.13333333324
-451794.44047619036
-499304.473809524
-420048.2992063492
