-449122.17792207794
-516711.7190476187
-575731.4935924367
-374935.53852813866
-562054.162770563
-537498.6971861473
-573468.6922161173
-564563.0690476189
-535927.5051587301
-566884.6511544012
-545532.5983405485
-484918.36269841273
-516323.58849206334
-557084.6123376625
-360537.3423520922
-533823.1277139523
-349366.44126984116
-572477.2125901877
-539043.3940476188
-395353.65752580785
-525245.9274170278
-506505.7738095241
-486874.1916666664
-528609.905952381
-594413.236111111
-521294.13809523877
-495024.3972222222
-482833.37222222215
-558773.2999999999
-416860.8938431937
-562839.7368131866
-579542.5107142859
-533871.7686507938
-501143.95873015915
-392821.9933982684
-450517.59229153214
-473257.20518925524
-586417.4043650792
-599904.1048340548
-534184.2067460316
-484193.7212662339
-343438.23690476123
-530441.6670634924
-406711.34040404053
-555071.7801587301
-558988.3778860027
-616635.7906537912
-627630.5809523814
-699881.1416666666
-647776.4238095239
-551486.1988095241
-471352.7781746029
-591788.6185045949
-496603.7496392499
-589853.1809523809
-433716.80238095287
-437326.3678571428
-567733.2631221719
-685138.3997557998
-431754.7138528137
-505733.552705628
-606443.4773809526
-506309.5192640692
-695274.9668470417
-543792.4354341736
-452223.11547619035
-427554.21488095255
-496156.1243867243
-491498.2619047618
-564705.1722222224
-534564.7743506494
-570428.7860028861
-470618.9915686653
-416859.5968670219
-514186.15873015864
-508506.8932539686
-545779.9163780664
-470866.13577533537
-542267.6995310244
-681690.7025169277
-709042.6863636358
-769358.6703972492
-655721.4071428569
-467735.2675324674
-393700.43246753275
-405034.5478354979
-392233.4477772225
-579859.9939393938
-488930.75557644083
-585606.8384920635
-481119.0550865803
-455649.713095238
-507173.3412698416
-518883.77777777775
-521523.0345598847
-526096.3200549452
-509393.0865079366
-543702.0757936507
-454793.0244417861
-561650.4194444441
-564851.1821428571
-654744.3104617607
-523769.1358585857
-538228.0436507938
-682437.3630952386
-455608.8835497834
-504601.0579365076
-683784.891702742
-699149.8126984127
-651313.1611111109
-707710.323293372
-403229.77609890146
-394685.9702380952
-523242.19632034627
-604040.7535714285
-530274.6948412698
-491201.4512820515
-456429.6416666666
-342886.13560606027
-592315.4580532222
-496603.24404761894
-528127.470940171
-396226.7556055058
-436857.4515873014
-388376.61153846147
-422331.92445887445
-565284.9238095236
-565639.0961649461
-524566.3833333333
-475893.51111111115
-564827.4658008657
-338924.3563492067
-554748.1485514484
-383748.3297619046
-408967.60274725297
-489856.17586580064
-455571.15952380985
-454438.56233766204
-446571.8777544352
-540803.1378815621
-579783.3169000929
-465144.3129399587
-472708.9107142856
-515248.40692640684
-488209.2011904765
-517099.36832611874
-674914.319047619
-724211.5166666674
-689829.7888888883
-481917.2893939392
-484218.5444444444
-491401.07976190484
-379517.05238095234
-415102.63037240546
-448642.6404040397
-467599.1570179819
-379609.2474927853
-480135.82554112526
-398877.10476190475
-577623.5573953829
-484733.3398296147
-500734.387698413
-464187.94166666677
-490298.12936507893
-610042.8547619048
-639107.0015873013
-537022.9486652239
-665329.0324425568
-370341.2006493506
-379778.8611111112
-471597.16843914293
-413339.39761904767
-452680.3114906832
-392982.3857142855
-354990.80833333323
-570781.6412870948
-541311.8507936508
-442327.8603641458
-341177.7093434343
-387839.43890692625
-452236.12500000023
-364153.9827380951
-573242.2152930398
-514283.6579365077
-497262.1325396828
-410281.63095238083
-465496.31858076586
-367695.21927239414
-408284.81162464985
-477458.209090909
-454289.6730158731
-419934.3515873015
-570423.3541125545
-517413.58809523814
-553431.8444444445
-488548.1321789321
-513713.5329916818
-691741.9787518039
-941774.0547619049
-510890.1214285716
-460214.28676046134
-416182.8317460316
-553592.1738095238
-509356.0035714286
-436639.26854636596
-479957.3348484849
-393639.3098845601
-644265.2650793653
-600238.8689699189
-673612.942857143
-568471.6396825399
-817311.4293650786
-682254.0586580093
-660031.3833333333
-725438.989285714
-378502.0224310777
-389577.1807692308
-502837.78095238097
-533017.7055944056
-452298.94761904737
-632766.6644688642
-585479.8590168607
-384709.2973171563
-354936.56388888886
-416738.30188700184
-617551.1444444444
-512180.3904761906
-555738.978174603
-434999.29596237093
-431698.2277777774
-391484.73333333305
-470180.54492481175
-467006.2841991343
-490894.06504328985
-542856.2357142858
-529896.3813492066
-395915.22411477385
-584776.2985569985
-427898.48261183285
-391438.4041125541
-317569.1619047616
-453738.0297619048
-363607.85558608046
-377499.96746031765
-324420.51666666666
-445671.78281573515
-391563.1241702745
-407536.6547619048
-495147.7186147187
-481924.4697496946
-492140.1714285712
-735401.9391025635
-725302.159848485
-654660.9059523816
-546315.7502164504
-541821.7294871794
-394664.6654761905
-541370.2807359311
-382792.8194805195
-423877.2388888887
-611061.7642857147
-646158.7976190471
-614250.3392857148
-537166.3642857142
-562535.5259740258
-551465.7226190479
-517080.57584033615
-430217.51113886136
-499158.64929106005
-438716.90238095255
-451879.40357142827
-394328.9543767506
-443553.7872294366
-562088.240011012
-621412.95436508
-433267.39393939445
-515258.5159663858
-431276.6236694678
-376637.5587301591
-438940.7754329003
-356062.99047619046
-528664.5444444446
-543931.7752136753
-415586.5077561329
-332234.5310439563
-523685.01910311927
-379557.7119047622
-499075.423015873
-428980.1815934064
-328783.19379509374
-399512.65119047614
-312414.906168831
-414505.54999999993
-447063.19437229447
-471320.60595238087
-388031.8537545784
-375503.78888888843
-560334.367460318
-497478.34880952345
-398798.7083333335
-448587.4964285716
-464992.50238095195
-351621.1619047621
-395659.57380952366
-486177.619047619
-403108.7525252525
-484247.8964285716
-358990.84166666673
-376022.1607142857
-442305.7244588744
-459030.7666666667
-515031.1119047619
-542008.9321428573
-416295.98685481184
-543539.5436230439
-511639.79285714263
-374008.91677489196
-437465.5359584858
-314061.28809523786
-348850.2265873018
-400102.6658730158
-382521.85952380946
-471041.1217532469
-661292.9833333339
-680568.5222222223
-442431.48840048816
-377969.02579365054
-426577.87777777755
-367329.3094155843
-282937.30595238105
-304738.64798534795
-424424.7082417582
-459423.0404761902
-706618.4416666667
-431832.6940476191
-366407.0213064714
-606825.6777777775
-745580.8555555557
-371926.8190476193
-357516.52417582413
-354844.40427350404
-330420.20281385287
-376467.8980158729
-505781.8234126986
-539438.7863997115
-384876.05582706776
-342615.94484127
-373906.54805194796
-256904.78650793651
-389979.2925990676
-404278.1722222224
-313411.68571428594
-369574.97246642236
-360407.1915584413
-337343.40551948047
-634861.4817099569
-545404.7292717085
-241090.082212885
-362406.98928571417
-434150.68102453015
-604609.3813492061
-454954.74585137126
-515127.466269841
-568720.9019480519
-444421.2147741147
-421004.8065656567
-338099.0380036629
-609509.3406926406
-566229.5761904763
-505473.25882352935
-315612.20414862916
-398960.059920635
-440449.951706137
-405242.5466117215
-647482.7896825401
-768612.0035714285
-565651.2492424241
-628156.7000000004
-547219.3070707069
-685432.7359307352
-543813.988095238
-535362.5867965361
-370759.36969696986
-390968.7553030305
-452443.46468253917
-331863.9345238099
-437652.2428571427
-287917.83769841277
-331874.45396825403
-355493.00367965334
-513180.1726190477
-396264.98736949346
-391235.80924908427
-415695.42388167395
-475800.62976190477
-449177.1156204906
-541714.0080808083
-375760.2607142857
-371642.4444444439
-291613.80183150194
-372890.5036019534
-418895.1112554108
-343103.067207792
-354493.0666666668
-405649.61666666664
-406243.75833333324
-433814.81764069246
-417511.84239926725
-442036.57301587303
-412690.60158730164
-491538.91190476186
-478047.46868131874
-546490.5011904761
-452604.5581932772
-436599.82579365064
-526170.3681623931
-561015.1384920634
-454893.7436507937
-389625.2018037518
-466127.7785714287
-679098.6817460314
-504040.92894066713
-705836.1717893217
-440029.3658369406
-585584.9396825398
-497990.9428571426
-603978.8333333333
-603627.5480158727
-512860.26666666684
-365992.89920634934
-491453.5678571428
-350940.7145212631
-311390.4919413918
-313027.47500000003
-387632.9769230768
-363584.1820707069
-301929.02608225105
-371850.21951659425
-559883.6208152961
-558279.7116883118
-654519.6598901099
-474269.96773489687
-404383.0068523581
-409894.2651903651
-376374.3354700855
-351990.6325396826
-326717.23908369406
-322588.11111111107
-327410.160916861
-411337.36626984127
-325317.05238095234
-267077.57579365076
-354143.5388888889
-569731.5357142857
-517099.73823953856
-509923.71904761926
-654216.1116300365
-558941.2444444447
-342726.43530416937
-276620.1360195359
-559332.8011904764
-576433.7835497838
-545894.7654761905
-469234.172802198
-370231.3498790424
-514684.2571067821
-465890.6223443223
-637908.3222943726
-651478.5464285711
-437487.23055555567
-464461.5218614719
-224928.64978354992
-307744.1076839828
-575636.0404761904
-383196.42023809516
-340801.3083333334
-536986.0476190477
-701094.3396825395
-470708.0071123318
-400429.48253968277
-524013.0879148626
-396440.6055555554
-447973.2893939393
-575485.9880952371
-535933.2277777778
-552174.4686813186
-501293.29166666657
-558981.5492063494
-507151.50000000006
-509811.6106310356
-549643.7587301579
-604407.60989011
-592321.7758838384
-653839.0896825395
-499533.8333333334
-503475.6523809525
-341013.7792717086
-509170.3880005051
-542379.1965956558
-488758.0116883114
-572157.2646825395
-524076.60000000027
-274586.11222943757
-395696.4022217978
-299110.12805788993
-517196.4308358309
-492660.29761904717
-701425.102380952
-560688.4297619049
-534783.9935897434
-575390.972619048
-770979.3952380959
-492422.0138888886
-617457.1658730162
-324323.814896215
-287464.61565934063
-400740.7080586078
-415309.20984848496
-294117.0815934065
-312404.20347985346
-281415.61017316015
-339190.12765151507
-329991.55238095205
-602042.3713564215
-540720.2035714288
-507826.9537518034
-350756.12023809535
-249145.6166666667
-277338.6047619047
-291124.60829725815
-339206.8415223665
-308163.58609022544
-363958.1626984126
-331302.17698412685
-442277.6976190475
-512367.50800865877
-615195.2297619052
-378638.5023809522
-325061.538888889
-567056.0992424238
-602771.7011904763
-575569.9858225108
-667421.7333333335
-639997.6800751882
-358414.91507936525
-509964.45952380926
-508147.7839826845
-448344.40575502923
-497665.2461538459
-640472.8380952388
-639396.6162698414
-608409.5252164502
-571999.4322344321
-607991.6435592184
-402229.48636788066
-627796.8507936508
-513564.6965201466
-603884.5095238095
-621483.6285714282
-705754.8706349215
-555878.5920634913
-582229.8906593408
-581137.6756410265
-533070.3357142857
-565227.8518259522
-499093.9709956712
-652286.7030112044
-623343.6499999998
-591709.9361111111
-657039.1611471864
-598091.1642857147
-537734.3690476192
-364138.4833333334
-306026.1942501943
-267139.82474747475
-295449.1227994229
-408042.5266483515
-337385.10627705615
-333129.4775210082
-213788.1619047619
-325356.87896825385
-336667.7720588233
-478128.6317460319
-644669.4357142856
-575222.87056277
-539611.4346986348
-496781.47485569987
-496046.56547619024
-586795.6238095231
-468736.36620879127
-501038.8322463769
-413354.98412698455
-626157.2654761912
-537498.0884920636
-282765.57435897435
-290815.8097402598
-305425.61468253966
-299207.5616466867
-298279.37857142865
-451370.92023809504
-303179.43809523806
-286887.02922502335
-522068.88154761924
-295990.81924603175
-458120.72142857144
-448803.67797619035
-313758.1834733894
-295815.73015873024
-246727.59853896103
-323301.5123210124
-320826.6166666668
-493681.7694444443
-555073.4849206349
-551286.1587510441
-348894.61677489185
-667903.045238095
-530598.9999999998
-549115.8976190476
-458962.0984848484
-491722.1158424906
-515400.02777777775
-474838.1059523808
-568608.9773809526
-431260.9868742368
-599002.037301587
-521183.576190476
-678138.3021645013
-491262.9833333332
-461461.6742424242
-511553.96215538844
-501040.932226469
-695970.9999999999
-432749.6617216117
-429341.1071428575
-503939.9904761906
-490921.1807692305
-501871.586904762
-539278.9858734406
-527014.2634920634
-274393.45833333326
-289349.3967948717
-387485.3194444445
-498918.6412698412
-496215.3999999998
-547290.504761905
-606339.0061327572
-602579.8194444445
-386830.4864468864
-506382.5861111112
-480243.9753968255
-581807.8547619049
-670478.8083333333
-571682.76547619
-627702.4214285711
-415830.9249999999
-413006.97063492064
-316006.81652236613
-247143.59346193026
-269282.62857142877
-396940.8756493506
-330708.31091269845
-359064.40714285703
-248376.3952380952
-253190.92803030292
-318297.4833333332
-345769.9111111111
-327845.7174603174
-304062.1049719886
-217322.142185008
-392022.9134920636
-316088.04444444476
-428970.50432900444
-532668.0575424577
-636817.9134615384
-457026.7614718613
-329220.66153552337
-336043.37499999994
-369144.9908730158
-256318.04841269838
-331657.01626984135
-605769.9282828283
-545032.3103174603
-566702.3190476194
-546252.874206349
-415228.7287815126
-311018.2146422206
-533617.6214285713
-642612.112698412
-663384.7047619045
-513373.14761904767
-629200.0904761895
-643674.826695527
-625109.2587853322
-484261.65793650795
-578849.3238095233
-536583.8555194805
-487620.6761904763
-487190.5
-201529.96666666673
-284344.1839285716
-488735.0531746031
-457177.06053391064
-522357.01904761867
-500666.6973304473
-513447.9797619048
-281103.3333333334
-291617.03059163067
-271341.98030303034
-221884.00224089657
-435362.03809523804
-566830.5436507935
-503094.56984126987
-589346.9678571433
-544605.0249999999
-524234.31666666677
-483891.9976190477
-488522.1718614717
-475437.0447368424
-524328.9726190479
-195455.9682539683
-429689.4857142858
-560394.5166666666
-494812.6900793652
-482448.01053390995
-621648.4588383844
-602345.8297619051
-567517.85
-500665.4245871089
-514027.1023809525
-434893.5448051949
-265648.1801587302
-283912.65238095244
-500232.5251082253
-442995.12857142865
-392648.19761904754
-489297.1273809525
-457639.13333333324
-408401.7436507935
-331007.4390692641
-333609.34365079383
-312561.6614718616
-532897.0091575091
-481584.703968254
-388925.9293650794
-468598.90728715726
-516839.994444444
-454925.41666666704
-445721.09999999986
-409656.6170634923
-520843.2047619046
-255465.64444444448
-363843.34166666673
-286749.2340187591
-544988.247222222
-515293.5336580087
-517130.3454545447
-524223.6642857142
-267409.968109668
-464490.11190476205
-393731.35613700066
-499937.0027777777
-238115.02619047623
-240234.5714285714
-209995.06263736263
-214695.56349206352
-225693.03095238097
-448299.4666666667
-425657.3238095238
-551755.1166666666
-465860.5753968253
-659730.8755952381
-523015.16666666657
-504929.7309523809
-539375.1833333336
-479094.6595238095
-488178.6583333333
-479017.05000000016
-315704.80000000005
-260773.36144527976
-477373.22380952374
-540594.7964285715
-530564.2247474745
-434048.4357142855
-496277.8517316018
-479886.5814102564
-602202.4666666669
-488108.2976190476
-427532.5928571431
-443497.09523809544
-496557.8391774891
-577589.917857143
-498471.2499999999
-471529.9738095241
-623539.4448412694
-507496.57857142924
-515292.51623376616
-523210.27976190473
-493046.15508657944
-453082.42857142887
-480978.93333333335
-458179.5137806637
-491863.93809523806
-543243.5452380951
-516862.6746031745
-495211.18333333364
-590031.2090909086
-614710.1777777778
-513908.83008658024
-536797.7202380951
-573673.6492424243
-485257.6115079369
-489720.23560606065
-433646.2559523809
-468860.7888888889
-731180.0333333334
-483389.23333333305
-492664.65455182065
-554979.703571428
-448134.8523809522
-487386.9571428572
-490929.10000000015
-507817.98463203467
-473539.19047619053
-512451.7642857142
-366652.81749084225
-504002.33333333326
-514857.17539682536
-430260.942857143
-507586.8428571428
-447989.75999999983
-487962.18333333323
-484490.68690476194
-413133.1416666667
-455673.13333333354
-512190.15000000014
-463175.9190476193
-494995.99880952394
-579716.9413031407
-595650.619047619
-490233.1333333333
-455746.87499999953
-407542.10822510795
-394833.9603174603
-501107.9853174603
-427602.3333333333
-453312.6321428572
-523749.4666666664
-509161.9404761905
-456229.17023809516
-481128.54209956713
-473723.9285714284
-439333.9499999997
-390849.3452380954
-408986.99523809523
-433544.3404761905
-377590.48333333334
-439862.3253968253
-421707.5499999997
-432519.2628520228
-246870.1752747252
-220855.2071428571
-316381.00036630046
-483578.41255411296
-453384.3666666668
-418510.37218614714
-307718.7583333333
-442723.3824675325
-390418.14722222224
-445744.5833333334
-465246.4666666668
-418673.10476190463
-522139.48492063495
-469242.72500000003
-509134.69307359296
-460044.4166666668
-500668.41269841266
-412432.5649350649
-453516.64350649354
-550375.6031746031
-460116.98571428587
-532342.2527777777
-482860.64444444404
-514064.213095238
-416806.2595238096
-497507.1285714283
-469911.859199134
-498700.4515873019
-442271.54935064935
-448812.0460317459
-467664.81190476194
-483836.0166666663
-420879.73131313105
-439857.54166666674
-365861.7595238094
-454603.3285714286
-490590.1880952384
-452483.93809523823
-487822.4626984125
-497818.54761904763
-406499.34880952357
-439664.7428571429
-467240.55000000016
-523206.04999999993
-476475.76904761913
-437295.83690476196
-509213.6928571432
-524617.2785714285
-435086.49999999994
-491306.85
-471030.29761904775
-417346.98928571376
-438586.3121212122
-456344.6055555555
-480488.17399267387
-455643.28730158723
-406259.95238095237
-457985.2333333333
-479877.18333333323
-454129.9357142857
-437719.11025641015
-471888.1142857144
-473434.66428571433
-379177.8476190478
-422577.2857142856
-458011.14444444457
-450297.43268398277
-460126.73809523816
-517130.4111111113
-516100.16547618987
-519509.5277777776
-631201.2817599066
-469630.42857142864
-513402.8817460317
-498836.06507936504
-430874.3523809524
-495371.38373015873
-377054.82568542566
-385886.80670995696
-514326.8539682537
-446799.7222222223
-492568.1877788881
-403442.28333333274
-410276.6176046176
-400238.9309523806
-482536.1107142858
-551968.8373015871
-487443.18571428576
-446850.11428571434
-395046.5833333332
-500571.5261904764
-402826.56547619053
-408613.11666666664
-227129.46031746027
-343028.7559523811
-426784.1738095237
-522131.60303030297
-433760.7535714288
-470354.3833333335
-515162.4286713283
-439842.6476190478
-484287.12500000006
-451994.4968253964
-457417.78769841266
-401562.9595238097
-399718.0274891773
-502481.24999999994
-442170.6647058824
-450869.2595238095
-447710.2845238097
-466906.6250000001
-515024.25808913296
-472310.513095238
-512379.14206349215
-508989.59307359305
-470495.60555555567
-479169.36984127003
-439135.7833333332
-531342.0630952378
-407619.9928571428
-399488.96904761915
-376469.7687590186
-409448.86666666664
-551065.4255223039
-374326.4916666666
-472914.2946969698
-442508.75000000006
-451354.35833333345
-462630.7261904762
-401297.71666666685
-501080.0309523809
-450529.83333333366
-396533.05000000005
-414348.4166666665
-464318.1071428572
-484444.49621212133
-458340.12287581695
-488619.723076923
-460598.89761904767
-382836.4328282828
-448117.6409090907
