3256.5374450683594
2589.860610961914
2373.659942626953
2605.5575408935547
2553.4287719726562
2241.293960571289
2314.8709259033203
2564.4395446777344
2551.419387817383
2766.3807067871094
2551.5408782958984
2595.463592529297
1978.4487380981445
2314.9971771240234
2211.140396118164
2618.54248046875
2341.345245361328
2384.4284057617188
2484.9471130371094
2116.8182678222656
2169.090301513672
2453.4878692626953
2377.678955078125
2247.247268676758
2464.3785705566406
2534.944381713867
2230.579544067383
2474.730499267578
2493.72802734375
1896.2051239013672
2305.6983337402344
2571.6063079833984
2245.211669921875
2053.0594329833984
2514.955368041992
1958.5793151855469
1887.6414489746094
2212.0287017822266
2038.0853118896484
2395.4456939697266
2367.6824340820312
1939.3553466796875
2357.0391387939453
2075.507293701172
1992.7702941894531
2287.364761352539
2474.015167236328
2413.7017211914062
2408.7530212402344
2645.3795013427734
2180.460723876953
2666.9087829589844
2376.298843383789
2033.260513305664
2407.1221313476562
2380.7493591308594
2238.6549682617188
2282.185989379883
2080.6399993896484
2492.193084716797
2403.0665893554688
2470.2102813720703
1982.3957824707031
2390.411911010742
2450.4898986816406
2409.079299926758
2503.4098358154297
2655.1421966552734
2566.844497680664
2215.224838256836
2422.740036010742
2409.1100311279297
2490.6917724609375
2656.5975189208984
2298.611129760742
2345.096939086914
2325.210693359375
2457.8333892822266
2716.1586303710938
2418.784637451172
2586.330291748047
2441.753204345703
2569.244354248047
2411.3857421875
2448.1257934570312
2171.7665100097656
2391.6415252685547
2075.3916625976562
1804.0734176635742
2188.7040405273438
2935.7675170898438
2353.7787322998047
2622.3177337646484
2528.7935791015625
2733.5108184814453
2668.944076538086
2427.01611328125
2366.7212677001953
2214.5272674560547
2233.9904174804688
2473.0806579589844
2355.4312438964844
2340.877700805664
2476.243606567383
2318.5946197509766
2786.308639526367
2447.8885040283203
2486.1737670898438
2617.5555572509766
2348.0401306152344
2425.7970275878906
3016.4963989257812
2506.9248962402344
2376.588165283203
2377.5931243896484
2401.835494995117
2455.3701171875
2458.330535888672
2307.178955078125
2452.4461517333984
2692.9271545410156
2431.809616088867
2256.9279022216797
2303.1700744628906
2395.830780029297
2339.129592895508
2139.381660461426
2396.1453552246094
2631.2462615966797
2512.279296875
2775.186737060547
2646.8671264648438
2425.4981994628906
2494.4178466796875
2292.148223876953
2407.6350708007812
2558.4911499023438
2199.363082885742
2607.585891723633
2597.4823303222656
2366.053665161133
2033.165267944336
2330.2766723632812
2053.851119995117
2365.875930786133
2287.5836029052734
2290.003631591797
2276.365264892578
2161.451858520508
2518.0208129882812
2466.5431518554688
2358.3391036987305
2563.645980834961
2301.3616485595703
2281.018569946289
2450.4705352783203
2200.191360473633
2271.265579223633
2290.6121215820312
2312.2720947265625
2069.8187255859375
2046.0526885986328
2276.772918701172
2590.23388671875
2290.538345336914
2229.412399291992
2384.7374725341797
2467.6036834716797
2385.5489196777344
2598.794906616211
2389.2676391601562
2296.0569610595703
2752.4938354492188
2457.6270446777344
2221.4959259033203
2626.2219848632812
2426.904754638672
2059.739227294922
2203.9126586914062
2140.2681427001953
2505.5834197998047
2233.481719970703
2489.613067626953
1998.5422973632812
2277.495559692383
2273.7511444091797
2022.9372863769531
2017.7494659423828
2122.785385131836
2068.263999938965
2225.4972610473633
2266.761016845703
2338.1896362304688
2311.569290161133
2358.6295013427734
2333.943817138672
2208.904670715332
2278.3756408691406
2156.396774291992
1958.8771743774414
2219.409469604492
2205.509765625
2301.274444580078
2276.1060791015625
2381.9546966552734
2313.976104736328
2514.956085205078
2381.05037689209
2596.3028106689453
2373.676513671875
2507.4347229003906
2667.383758544922
2458.3760528564453
2536.5213165283203
2701.7764739990234
2085.249801635742
2534.024154663086
2384.330856323242
2649.987060546875
2247.7369995117188
2894.3049926757812
2673.0314025878906
2304.511978149414
2582.747283935547
2442.2112426757812
2382.6334838867188
2853.2066650390625
2807.7083435058594
2658.978485107422
2360.5611877441406
2407.3350524902344
2389.0172729492188
2989.7625274658203
2465.7819061279297
2294.3494873046875
2485.885025024414
2688.8975830078125
2348.6742553710938
2582.5635833740234
2348.215286254883
2320.3446044921875
2393.404251098633
2240.607780456543
2161.041519165039
2078.0059509277344
2362.999412536621
2085.9616088867188
2249.943405151367
2245.9744415283203
1807.1714782714844
2097.414764404297
1954.5820770263672
2610.77294921875
2432.869338989258
2288.843795776367
2028.0806121826172
2356.564895629883
2517.2543182373047
1947.0095977783203
2271.085479736328
2529.3641357421875
2431.600784301758
2112.9175567626953
2434.1224365234375
2221.227325439453
2287.304458618164
2456.177032470703
2396.2122344970703
2010.0381469726562
2413.0989685058594
2392.361602783203
1970.4300384521484
2112.3483123779297
2613.119400024414
2337.1886596679688
2524.2760620117188
2540.2174224853516
2559.7091369628906
2485.9647369384766
2536.6324310302734
2645.7350463867188
2552.0565185546875
2616.8008575439453
2447.062744140625
2249.7916717529297
2520.2100677490234
2219.731216430664
2348.210464477539
2148.4461517333984
2096.520118713379
2361.1592864990234
2270.694091796875
2357.6727294921875
2697.6749420166016
2725.9120178222656
2241.7403717041016
1940.9295349121094
1987.6141204833984
2252.537727355957
1863.1633758544922
2475.0294647216797
2013.0938873291016
2138.0848541259766
2279.9515838623047
1855.937728881836
2427.939422607422
2059.180892944336
2222.60107421875
2058.3273162841797
2203.4935607910156
1992.2385559082031
2139.3590545654297
2044.32861328125
1975.5553512573242
1989.4598083496094
2096.5435791015625
1946.5794219970703
1991.8795471191406
1927.3724060058594
2044.114143371582
2055.499252319336
1817.953369140625
1827.8640594482422
1959.0053405761719
2033.7928161621094
2137.128189086914
2144.8129119873047
1978.6426544189453
2205.023422241211
2184.5667114257812
1873.5615844726562
2075.572425842285
2434.9485931396484
2022.2715454101562
1930.6097259521484
2144.884002685547
1871.9334030151367
2028.5650634765625
1902.0047302246094
2019.8961029052734
2153.331283569336
1924.7678985595703
2212.5183181762695
1788.0322570800781
2153.958740234375
2225.836181640625
2132.0950317382812
2179.151809692383
2321.5748596191406
2066.7032470703125
2206.8776245117188
1776.6529235839844
1990.3645858764648
2104.747039794922
2053.427291870117
2258.3902893066406
1712.6099090576172
2130.828857421875
1886.2168807983398
1939.388198852539
2002.4612884521484
2073.8171768188477
2127.7872467041016
1944.190902709961
1946.6748504638672
2299.5830688476562
1936.8399200439453
2255.1341400146484
2244.5689849853516
1827.9922637939453
2002.9227600097656
1847.9641418457031
1967.9483184814453
2203.336685180664
2023.5829849243164
2370.5144805908203
2239.001594543457
2284.7320404052734
2084.1299591064453
2592.4508514404297
2779.547622680664
2408.3846130371094
2550.6199798583984
2161.6650466918945
2514.7240600585938
2066.3697509765625
2806.3480529785156
2845.4300079345703
2589.8796997070312
2048.95458984375
2482.3854217529297
2084.03604888916
2570.931610107422
2319.6985473632812
2757.779754638672
2199.655647277832
2098.815383911133
1945.6946258544922
2627.950241088867
2351.456741333008
1897.6872253417969
2470.873359680176
2419.089797973633
1850.1265411376953
2025.1992797851562
2325.0140991210938
2389.733627319336
2073.3594284057617
1678.9471435546875
1830.4308547973633
1978.4646224975586
1560.9208450317383
1843.2319030761719
1913.9433670043945
1902.592788696289
2228.14990234375
2328.566909790039
2001.0538482666016
2035.3223114013672
2061.024040222168
1960.7176055908203
2136.5703125
2065.170196533203
2617.4476165771484
2225.8578567504883
2512.072525024414
2148.407684326172
2129.7044525146484
2180.330810546875
2073.2575454711914
2037.604232788086
2605.252197265625
2236.1395950317383
2294.6664428710938
2248.3521423339844
2264.1036224365234
1861.0683135986328
1943.2982330322266
2336.4967193603516
2420.143768310547
2346.623031616211
2248.838333129883
2088.1128005981445
2074.0384979248047
2161.1858520507812
2253.9170455932617
2353.8300247192383
2045.1446228027344
2560.7581481933594
2600.4534759521484
1633.5323104858398
1826.2123107910156
1831.8191833496094
2382.3060760498047
2077.7797317504883
2536.4584197998047
2269.409957885742
2353.889450073242
2344.140350341797
2755.4842987060547
2125.8502655029297
2191.9649505615234
2115.717010498047
2250.750442504883
1895.1723175048828
2087.3933868408203
2178.5389251708984
1885.9976348876953
1962.9567489624023
1931.1194686889648
2293.8234100341797
2359.4037017822266
1900.5885772705078
2363.3187255859375
2227.053253173828
1867.1027526855469
2068.302131652832
2343.4737854003906
2431.473587036133
2207.3626556396484
2377.7254791259766
2574.299530029297
2474.2051391601562
1780.505500793457
2833.019073486328
2206.2828674316406
2210.7737731933594
1973.3922729492188
2076.0829467773438
2475.014450073242
2301.3191680908203
1912.995262145996
2853.3611755371094
2441.73193359375
2421.458053588867
2408.9641723632812
2451.6708984375
2028.208740234375
2538.084457397461
2173.0561752319336
2503.5882720947266
2660.3231048583984
2188.1642150878906
2708.716583251953
2437.5281982421875
2345.1887130737305
2442.412124633789
2177.5157623291016
2432.8736724853516
2595.6707611083984
3435.4578247070312
2790.268508911133
2761.6380767822266
2405.7882232666016
2803.0427322387695
2700.2742919921875
2993.141067504883
2543.4561920166016
2756.7252655029297
2717.690444946289
2370.96044921875
2256.0304260253906
2251.572555541992
2524.6834716796875
2150.60400390625
2307.302536010742
2202.6708908081055
1697.6629104614258
2105.5328216552734
1930.3058547973633
2782.5999603271484
2318.3041458129883
2043.0536499023438
2563.462287902832
2048.9908752441406
2475.7633514404297
2519.8199462890625
2701.800811767578
2454.969024658203
2581.5462646484375
2317.9059143066406
2384.9002380371094
2162.8073654174805
2028.4471435546875
2243.6039810180664
2214.4452362060547
2303.8150634765625
1833.8896026611328
1918.6437377929688
2322.486343383789
2299.774971008301
2437.336898803711
2405.552261352539
2306.325553894043
2093.18856048584
2281.861602783203
2655.231002807617
2120.998275756836
2410.1839599609375
2902.760940551758
2414.5172729492188
2075.2477493286133
2662.7315521240234
2540.5848846435547
2990.3309326171875
3701.3846740722656
2837.2689208984375
3026.3672790527344
2673.048812866211
2696.708541870117
3396.2632751464844
3619.306915283203
2828.117935180664
2809.854293823242
3210.5413360595703
2587.891387939453
2710.5881958007812
2560.752731323242
3240.7593994140625
2349.7731018066406
2330.281448364258
2295.8123321533203
2311.547378540039
2869.824981689453
2659.3974075317383
2325.7824096679688
2771.6572875976562
2388.407081604004
2211.453857421875
2290.757392883301
1673.2665252685547
2957.3701782226562
2124.283157348633
2478.8328704833984
1943.8870544433594
2764.8394088745117
2736.8475799560547
2314.515235900879
2305.719451904297
1889.0529479980469
1601.1282196044922
2153.714286804199
1874.8102111816406
2515.6285705566406
2323.589614868164
1681.79931640625
2197.940399169922
1859.0849151611328
1786.994728088379
2022.6496963500977
1774.7517013549805
1659.7670822143555
2070.2604370117188
2173.2098083496094
2395.018325805664
2561.6956939697266
1749.5337524414062
2102.8404846191406
1906.6990432739258
2231.5523986816406
2067.463035583496
2354.619827270508
2186.070281982422
2079.5820083618164
1568.7393417358398
2179.397705078125
2302.94140625
2503.7648544311523
2168.6591262817383
2272.4514770507812
2617.860824584961
2516.988265991211
2585.209846496582
2164.177215576172
2294.6861114501953
2507.756149291992
2393.259246826172
2795.6896362304688
2161.622299194336
2395.9362182617188
2729.1492462158203
2550.531463623047
2620.690414428711
2862.3490447998047
2709.321708679199
2463.229782104492
2187.0001907348633
2148.3231811523438
2569.3582153320312
2532.8350677490234
2723.305564880371
2374.607452392578
2276.8866577148438
2671.398452758789
2528.6625061035156
2443.6119232177734
2570.697105407715
2368.2122955322266
1979.9844970703125
2450.584747314453
1977.983169555664
2997.094482421875
2182.8367614746094
2502.417251586914
2134.1304931640625
2689.9535217285156
2208.3177185058594
2289.4326934814453
1680.5915832519531
1884.4943084716797
1888.4955825805664
1974.3050231933594
2169.268997192383
1620.5086212158203
2059.0101928710938
2439.2029418945312
2866.5043029785156
2190.2696685791016
2260.7908325195312
1558.9505920410156
2511.8175201416016
1911.8575592041016
1814.118637084961
2161.626319885254
1645.8680572509766
2673.455047607422
1666.7506256103516
2064.4596557617188
2043.7625579833984
1749.3391036987305
2014.9812622070312
2222.155128479004
2150.0811767578125
2605.129249572754
2485.380355834961
2094.3143157958984
2126.071823120117
2464.1329956054688
1820.8643341064453
1988.0815124511719
1945.3592529296875
2000.942642211914
3028.5641479492188
2280.394073486328
2001.5291442871094
2180.315185546875
2225.7659301757812
1930.560890197754
2078.5908966064453
2328.5805587768555
2109.017562866211
2275.1570892333984
2147.65714263916
2324.643356323242
3197.656448364258
2498.6212005615234
2522.7909088134766
2190.8232040405273
1985.2064361572266
1820.8747024536133
3226.8450927734375
2629.475685119629
2212.247329711914
2890.3326568603516
2511.4044647216797
2691.6072387695312
2465.618621826172
2158.2343978881836
2264.0670776367188
2196.791244506836
2370.926689147949
2662.7172317504883
2193.569320678711
2176.747215270996
2043.8129425048828
2835.091293334961
2206.887321472168
2117.197952270508
2672.1085510253906
2333.3128967285156
1600.515525817871
2255.235107421875
1959.046401977539
2313.758644104004
2669.993637084961
2191.4060821533203
1897.1630249023438
2109.133270263672
2446.256607055664
2146.7440338134766
2648.1146240234375
2106.8643798828125
2812.9466094970703
2678.3716430664062
2538.5073623657227
2091.6350708007812
2740.5725708007812
2724.453926086426
1736.0478897094727
2014.1006317138672
2132.848373413086
2426.8127212524414
1926.5625076293945
1542.0215606689453
1930.1823806762695
1809.3350982666016
1677.750358581543
1641.0933303833008
1985.6123580932617
1977.7023162841797
2227.5524139404297
2090.709426879883
1964.2235870361328
2096.87353515625
2061.1353607177734
1692.4560470581055
1801.8907470703125
1692.4369506835938
2196.002243041992
2454.370735168457
2499.4152755737305
1905.1955642700195
1762.9577560424805
1986.0584564208984
2333.2500915527344
2563.4018173217773
2994.5336151123047
2459.4219970703125
2800.0955657958984
2040.3190460205078
2448.666259765625
2404.719223022461
2197.4026107788086
2500.1150817871094
2756.0552978515625
2683.140022277832
2174.9471588134766
2553.9868545532227
2663.796829223633
2348.189765930176
2078.5653915405273
2614.5508880615234
2756.400505065918
2210.885711669922
2420.759292602539
2308.1463012695312
2879.2552947998047
1871.204345703125
1979.0302734375
2509.7974548339844
3293.818603515625
2180.043037414551
2346.0389709472656
3831.509506225586
1970.042007446289
3330.245574951172
3146.3421936035156
2860.4802856445312
2783.2471923828125
2718.775032043457
2827.476333618164
2860.308578491211
1974.4125442504883
2126.883071899414
2849.551528930664
2552.185546875
2660.394775390625
2888.445098876953
3047.053092956543
2414.311080932617
2735.546356201172
2661.73885345459
2322.69246673584
2617.495147705078
2303.1527404785156
2629.2872009277344
2255.9795684814453
1990.4093627929688
2007.4940185546875
3142.1792602539062
2949.2655029296875
2549.804656982422
3125.8617095947266
3147.2359924316406
2525.5342559814453
2110.0737915039062
2265.329605102539
2380.909782409668
3571.977783203125
2533.23388671875
2911.114761352539
2448.4559478759766
2593.5498962402344
2201.3570556640625
2417.4591217041016
3707.251739501953
3113.2498168945312
2655.9512939453125
2711.0550842285156
2703.8112716674805
2039.7474822998047
2496.3495330810547
2657.9562759399414
1879.897804260254
2349.3838119506836
2665.9593353271484
2185.732147216797
2180.93692779541
1643.6033325195312
2707.1331329345703
2953.876739501953
2158.9174194335938
2252.836540222168
2665.5526428222656
2712.569892883301
2370.369659423828
2424.5705184936523
2695.7195739746094
2230.0113830566406
1797.7317352294922
2098.334259033203
2544.927261352539
2536.5993270874023
2931.546318054199
2487.9984741210938
2067.0095138549805
2021.1688842773438
2888.4297943115234
3008.68896484375
2623.5855102539062
2524.1119842529297
2445.9039001464844
2741.881561279297
2330.530075073242
2160.9651794433594
2710.5978240966797
1760.9676666259766
2331.921806335449
1714.86376953125
2302.299304962158
2121.3034744262695
2966.8997955322266
2391.251251220703
3263.164749145508
2498.884323120117
2589.3204650878906
2602.1261825561523
2770.6087188720703
2320.5497436523438
2178.6806106567383
2495.940185546875
2183.423782348633
2808.952362060547
2830.847457885742
2333.549530029297
2117.279083251953
2489.2642364501953
2449.8304901123047
2025.1295547485352
1910.0847625732422
2875.5042114257812
2950.271743774414
2500.8003845214844
2240.288818359375
2521.5942611694336
2197.070701599121
2820.478759765625
1790.226661682129
1847.262191772461
1881.1092376708984
2021.9149627685547
2215.230514526367
2506.4215393066406
2338.8853149414062
3062.765625
2542.5472564697266
2553.969551086426
2416.81974029541
2610.7957763671875
2137.0656127929688
2187.942184448242
2094.1196365356445
2146.7245483398438
2594.690803527832
2418.85929107666
2552.4363021850586
2339.6072311401367
2032.0364532470703
2172.7639389038086
2157.1694259643555
2588.665702819824
2344.4909133911133
2612.203369140625
2445.114044189453
2245.2804946899414
2049.636260986328
1630.707908630371
1642.4798889160156
2250.9250259399414
2090.8497009277344
2379.1527099609375
2602.6350326538086
1841.8913955688477
1896.2078857421875
1743.217025756836
2471.2456283569336
1894.0069961547852
2095.500312805176
2622.7089080810547
2154.708137512207
2662.9331970214844
2102.1483306884766
2938.9705810546875
2091.0226821899414
1953.9324340820312
2635.1383895874023
2586.303047180176
1854.1763763427734
2436.619125366211
2028.5901107788086
2388.1409759521484
1974.0390243530273
2888.760238647461
3523.279327392578
2033.8829650878906
1823.7846984863281
1912.4418411254883
1659.6570587158203
1870.4194793701172
2443.8494567871094
1827.3442077636719
2883.987838745117
2180.2294921875
2731.1473083496094
2645.1767654418945
2159.063751220703
2420.7688217163086
2055.770065307617
1814.5925750732422
