68217
55313
64219
71406
59255
59757
60281
65115
61343
64229
69296
67376
68093
61770
60257
59028
61817
69307
55023
61947
64018
59920
60732
63467
69010
64988
63059
60467
64198
59886
61444
66773
57606
56275
62038
64243
73391
59384
60458
58831
57138
56752
71166
51874
62873
60541
64324
62152
59657
58581
66230
55742
75295
58333
52693
61157
60206
70257
68612
65094
70743
56950
60991
57114
65219
57880
62042
59208
64554
60204
60704
57997
63481
54700
55123
56123
61853
62930
63520
56523
61134
59041
62608
57029
54182
61325
61499
58877
63543
69431
69631
84982
62398
54523
59101
68014
50988
58489
64085
59249
62660
61157
71954
62800
57357
62377
58968
63990
57171
66040
55374
63177
52834
59386
77277
69308
63708
57219
51551
53302
54992
60810
59062
62440
57410
59912
57982
61254
59102
61406
61053
83168
63928
65102
61367
55525
63568
66080
62172
57350
59617
60655
70602
64646
48785
61903
57866
56570
57195
56206
60168
63779
52224
59198
57574
56875
65543
58738
72474
61194
63887
61792
65958
64904
74556
61449
61640
56473
53848
66618
65399
66682
56078
58670
64638
62973
59914
56694
54834
67136
62926
60366
55812
68934
63899
51148
65867
57620
62015
62081
52398
64032
52485
70445
65217
56638
61599
55824
54670
52409
57980
66209
62706
70964
64847
81471
62317
79205
63070
63370
63276
67408
59955
60276
55444
61559
72608
52406
66403
69447
60527
51999
59211
61041
59411
65287
75248
64441
49814
53100
70221
48299
48558
58784
65045
51709
53883
53510
65278
55341
56052
59657
65080
64026
71697
57731
52829
62838
59864
54390
57176
65527
72691
69662
63649
63736
58407
57835
56085
56382
59935
48762
53681
55041
51735
60958
56134
61145
55970
51170
57950
62222
62634
61168
64907
59607
54470
58492
60975
53949
65965
62075
56442
62696
62794
74063
80158
60708
64943
60262
50445
60653
57370
58319
64444
50368
53200
54826
61833
59920
60031
72561
50362
49800
57738
50785
60322
63371
62319
68033
72642
74684
77593
75719
68724
55419
62566
65864
72576
68622
53133
50251
52598
57512
55934
52242
54177
53569
63636
75435
70634
66581
59532
51439
54501
47875
65480
70262
65715
74096
61631
55890
53012
57499
62970
69640
62922
68830
59617
53308
63848
61458
57146
51135
53992
60917
67194
70275
69924
69212
62848
68858
66509
62090
68824
65510
58197
68188
64436
56766
59022
69507
57103
60171
71218
67933
61663
73697
70526
71577
51743
57227
63682
72428
67093
56588
53739
51015
50633
68933
78002
66674
52649
52501
55682
64166
57962
52318
67338
47503
52858
65145
67914
68350
59469
69764
69258
68589
60528
57374
72223
75078
58660
52925
61743
72038
64448
58345
51393
71023
67466
54049
59231
50160
51947
48770
49633
53775
53251
50866
51120
71291
60181
48626
58764
55097
57489
52677
55549
48475
55270
52524
46652
49460
52728
52278
53726
62712
59230
66318
71651
61005
68223
67224
67001
66014
74353
73172
69160
52814
51797
52861
60561
67023
67382
72054
50691
55229
51064
49527
66385
60692
56309
51260
53442
57572
64054
55451
53157
52810
66261
66128
68816
69173
64816
70952
73382
57495
66689
69413
66504
66994
63852
63030
58342
63203
52518
60545
55181
64858
63125
52076
56228
53403
56233
63857
64396
66764
73008
71654
67825
55690
49966
54252
59110
62404
68791
66266
62537
60121
62946
68759
71277
76504
71655
59309
61365
64146
65000
53567
66672
71692
61792
67123
72623
57412
61307
60569
63057
67593
64514
67288
60314
67167
69144
68753
60221
46535
49987
52474
56733
60453
66863
63055
65232
65149
65454
63487
47531
68698
61492
52737
71150
75598
63958
75146
59526
63361
67112
57776
65094
60619
59670
58142
56606
57642
63851
63620
64948
68007
69664
66579
61631
60385
61330
70873
63085
66918
74096
71720
65344
73964
65956
65574
63851
74206
65080
65167
61921
64582
72316
60879
66151
69152
63942
62438
65404
71043
62256
62454
62785
64733
68557
66041
68601
69848
70331
69270
61650
65922
66760
64356
56481
66104
67940
62833
58155
54921
65479
67661
63027
59507
60018
62936
68448
51662
58144
59958
59908
56057
60864
64917
67014
67066
65295
62551
72914
70733
58268
68459
63237
63765
53295
59544
61740
74391
70571
68773
68096
64465
62434
49978
53835
50573
67952
70058
65906
64158
66157
57690
55336
52495
65063
64356
48237
46865
51280
59726
66720
65037
64392
62531
65446
65100
68391
69434
74862
71928
63734
60409
66224
66887
69200
71456
62792
68519
63778
68852
61952
66399
65640
67291
64353
67594
67033
64099
50114
53237
63646
69973
69304
58394
68504
70008
63923
67410
67921
54797
67329
70797
63599
72098
66737
67501
66156
68009
69759
69623
70167
75887
70520
63828
64444
59679
64946
62141
66428
62815
69889
66616
67903
70863
63161
64698
67766
65454
58387
51522
51703
49221
49833
55151
63810
65635
64649
64299
63773
65609
61419
59302
66347
64753
66775
63043
71714
69331
65427
70213
64207
64055
67623
64996
57446
67978
66198
60549
64150
70703
64450
66833
64046
72388
68662
65843
69387
65944
63226
59740
59521
56934
59705
65980
65708
64379
68021
59390
62250
70260
74855
64376
62467
67077
68505
63826
69403
66223
68697
65459
59991
68584
70140
62199
70792
65787
65410
62344
69833
68088
69413
70610
66373
67890
71478
61733
65524
67393
64524
61837
66850
67134
69607
70600
65739
68154
64897
69218
67784
69284
65074
65888
64340
65315
65875
71415
61342
66982
73880
69392
71500
67638
60895
67327
66250
65982
69738
74464
67128
70912
72152
68326
68065
73978
65103
64912
71566
69540
65214
73470
65520
70994
62558
70018
64352
69501
63385
67466
62696
68459
68853
70910
63897
62741
68046
68011
65476
68338
67715
65760
68010
69273
65229
71243
71759
65297
69457
66953
66613
63722
68115
66063
70821
69487
65327
65472
74070
69605
65758
62169
69488
70544
63647
65920
67193
67790
67248
68670
73215
72929
65840
66364
62221
65045
58810
67998
64202
67011
73274
67784
69079
68809
65586
60294
62178
69736
67364
67393
65007
65661
70936
66977
68614
70845
68681
66269
69205
66703
67525
72989
64582
61713
64120
66568
70979
69600
66348
68193
69090
69214
69634
66294
67324
64536
65632
74752
67231
62954
63979
68224
66558
63265
65247
69778
66029
71969
65426
67719
69871
73045
71515
70424
67752
69500
68188
71066
68607
70197
67774
66556
63139
67478
69291
68897
67181
67017
64521
66305
68913
63967
67010
66139
