3134.009567260742
2759.872329711914
2934.9243927001953
2431.279312133789
2327.3570251464844
2324.212387084961
2455.901641845703
2060.4422302246094
2481.108108520508
2291.8079681396484
2808.2540893554688
2497.8985443115234
2598.481201171875
2864.2823638916016
2439.6368865966797
2693.8235931396484
2460.6048583984375
2090.9251556396484
2069.1036376953125
2529.9685821533203
2381.646240234375
2392.5220489501953
2600.431106567383
2623.8982543945312
2652.5087127685547
2361.4055938720703
2415.3681640625
2613.001739501953
2835.1270446777344
2372.107864379883
2544.025360107422
2317.1600189208984
2274.445755004883
2687.013885498047
2656.528366088867
2618.184768676758
2899.9668579101562
2131.1912994384766
2478.4895935058594
2509.1515502929688
2125.2675247192383
2160.5894165039062
2166.855354309082
2369.584030151367
2408.2262420654297
2318.621871948242
2611.192672729492
2482.208694458008
2143.5796966552734
2340.138153076172
2461.9437561035156
2635.689910888672
2410.1240997314453
2792.4917907714844
2577.3467864990234
2116.172393798828
2600.2950592041016
2480.205368041992
2281.165267944336
2588.6785583496094
2652.983901977539
2729.618209838867
2532.1239166259766
2443.0942993164062
2498.1844177246094
2361.088150024414
2381.341583251953
2471.763717651367
2496.391403198242
2667.6986236572266
2133.6563110351562
2439.5494384765625
2248.3275299072266
2143.811798095703
1949.396484375
2121.0780181884766
2174.6821670532227
2318.5816345214844
2209.615753173828
1914.0776748657227
1987.3301086425781
2324.2991790771484
2386.6893920898438
2617.2056579589844
2306.347702026367
2390.954071044922
2089.6522064208984
2474.204849243164
2204.1272583007812
2411.3548583984375
2506.923309326172
3270.44384765625
3054.9439239501953
2945.8617401123047
3166.1619567871094
2872.8710327148438
2647.2418518066406
2615.106689453125
2499.1441345214844
2190.4839782714844
2238.9226684570312
2589.888168334961
2582.2130126953125
2710.3636322021484
2611.7112884521484
2515.5927124023438
3113.4817810058594
3376.5332946777344
2550.842025756836
2640.2479095458984
3004.9701080322266
2007.7381286621094
2517.217575073242
2429.728042602539
2398.510238647461
2596.2980194091797
2597.018280029297
2560.3661193847656
2387.915069580078
2618.6942138671875
2195.8618927001953
2056.538818359375
2187.4429473876953
2082.640121459961
2355.0928955078125
2455.719741821289
2235.996566772461
2400.0015411376953
2271.5669708251953
2341.4759216308594
2639.6227111816406
2960.1193084716797
2810.0095977783203
3117.9500122070312
2974.527603149414
3018.078903198242
2882.371627807617
2635.5162963867188
2531.766830444336
2312.889144897461
2241.4283142089844
2722.2548828125
2611.345916748047
2315.5122833251953
2588.6959228515625
2380.126739501953
2387.7186737060547
2123.419906616211
2134.0286254882812
2465.152633666992
2300.600067138672
2220.875778198242
2141.5003356933594
1920.268295288086
2149.6712799072266
2154.912628173828
2390.3828735351562
2549.1014556884766
2755.629165649414
2025.0790710449219
2787.0369262695312
2988.471694946289
2738.888473510742
3262.8715057373047
3199.5213012695312
3259.7821044921875
2613.5584106445312
2698.542251586914
2745.1688079833984
2503.1520385742188
2564.17431640625
2486.9954528808594
2134.0214080810547
2247.2096405029297
2263.9158630371094
2894.8673400878906
2692.2008209228516
2621.1638793945312
2689.532684326172
2747.137481689453
2521.0987243652344
2535.262710571289
2533.844772338867
2752.0813598632812
2565.9766235351562
2750.6337280273438
2641.6293182373047
2729.060073852539
2455.332244873047
2428.2623291015625
2531.936279296875
2220.1140899658203
2375.6876831054688
2389.472930908203
2446.548828125
2561.498291015625
2079.3794555664062
2286.0435791015625
2553.3985748291016
2289.0279388427734
1993.6423950195312
2027.4546508789062
2234.9115447998047
2451.29541015625
2917.142059326172
3080.3785552978516
3164.3406829833984
3391.9822387695312
3419.597686767578
3605.407257080078
3358.3286743164062
2562.214584350586
2841.0428619384766
2451.8968353271484
2474.8845977783203
2632.919448852539
2977.289566040039
2320.927536010742
2629.486038208008
2779.191162109375
2320.0878295898438
2510.017318725586
2184.173583984375
2214.201461791992
2533.955764770508
2804.4056701660156
2969.54931640625
2480.5642852783203
2650.8009490966797
2442.9320373535156
2644.240249633789
2283.708770751953
2093.146041870117
2379.152099609375
2426.160598754883
2056.111358642578
2098.638916015625
2404.5065307617188
2042.0229949951172
1941.8655471801758
2179.019088745117
2291.051040649414
2476.541519165039
2667.1426849365234
2883.8785247802734
2572.2174377441406
2597.356491088867
2572.1302032470703
2766.9348754882812
2303.8023223876953
1906.2118072509766
2740.166244506836
3324.5123443603516
2682.8450317382812
2236.947982788086
2664.724822998047
2976.7621307373047
2395.7119750976562
2641.0398559570312
2499.7222442626953
2197.6968383789062
2122.4508361816406
2232.4103240966797
1691.911880493164
1956.2535552978516
1792.2814712524414
1834.9704132080078
2017.5739288330078
2136.371124267578
1869.430763244629
2306.3487091064453
2488.6925048828125
2190.4639739990234
2429.592041015625
2224.8718872070312
2323.7933502197266
2392.6170196533203
2251.662582397461
2195.3592224121094
2468.8821716308594
2601.2915802001953
2325.8860473632812
2361.359832763672
2735.3648834228516
2569.723342895508
3270.185562133789
2395.491928100586
3408.6845092773438
3052.7356567382812
2819.4153747558594
2759.279083251953
2673.9950103759766
2406.2100524902344
2143.5677795410156
2089.2338104248047
2440.7967529296875
2285.5526733398438
2241.951217651367
2398.7574920654297
2229.3065032958984
2685.135986328125
2270.166290283203
2304.309600830078
2539.605926513672
2761.6117553710938
2269.2722930908203
2151.2650146484375
2136.369071960449
2170.917205810547
2889.471206665039
2607.900833129883
2838.2300720214844
3624.4541931152344
3360.0296478271484
3300.994430541992
3124.4896087646484
3502.0010681152344
2595.2935485839844
2829.2804260253906
3033.583999633789
2673.2420196533203
2922.287826538086
2422.759719848633
2661.4366149902344
2229.408676147461
1943.5625457763672
2171.7495880126953
2038.122329711914
2286.9634552001953
2898.005386352539
2472.8350982666016
2870.369430541992
2357.249008178711
2826.1085052490234
2194.719528198242
2490.9615020751953
2137.2318115234375
2376.2779083251953
2758.017623901367
3197.341766357422
2686.6651916503906
2893.1385192871094
3259.749740600586
3081.9666137695312
2817.0783920288086
2435.884796142578
2969.3175506591797
2890.7755584716797
2418.039321899414
2848.918899536133
2561.2415313720703
2285.458480834961
2174.941207885742
2053.1055221557617
2256.488121032715
2467.039566040039
2397.148880004883
2510.045440673828
2296.3291931152344
3101.6710205078125
3284.302978515625
2635.186264038086
2680.5254669189453
2667.1254272460938
2948.9775314331055
2765.4295806884766
3579.0409545898438
3451.389602661133
2686.604232788086
2468.719772338867
2862.611358642578
2278.632293701172
2731.3899536132812
2279.431869506836
2389.7491455078125
2728.458724975586
2837.070541381836
2929.6788787841797
3049.8522033691406
3076.1753540039062
2997.8109130859375
3229.663818359375
3084.836441040039
3170.1451110839844
3109.7150268554688
2399.251724243164
2833.517349243164
2411.782516479492
2973.564926147461
3021.842758178711
3021.746047973633
2618.977020263672
2407.1102752685547
2665.3521575927734
3031.9866333007812
3141.666946411133
2627.622055053711
2109.576385498047
2246.834274291992
2241.160598754883
2130.806915283203
2170.8687286376953
2263.789436340332
2684.001205444336
2975.363479614258
2541.6380157470703
2584.7945556640625
3472.4429626464844
3129.9473724365234
2624.050979614258
2772.8245391845703
2839.881332397461
2562.733184814453
2725.4841918945312
2942.428253173828
2547.293182373047
2899.2745819091797
2689.1439666748047
2621.2498779296875
3336.5427856445312
2340.8449783325195
2619.150604248047
2683.0433654785156
2298.207489013672
2607.174346923828
2157.4751892089844
1847.7736511230469
1691.2883377075195
1726.9413223266602
1724.494888305664
1954.2537078857422
2525.11474609375
2672.726028442383
2303.367935180664
1989.881362915039
2387.2518615722656
2117.361801147461
2244.5903930664062
2062.224884033203
2037.4358825683594
2081.034683227539
2336.448989868164
1915.0656204223633
1924.959815979004
1714.139144897461
1825.928726196289
1736.0454559326172
1735.1438903808594
2142.020477294922
2321.931121826172
2293.3693084716797
2503.877960205078
2961.433334350586
2676.802230834961
3131.2030639648438
2770.4376525878906
3644.186065673828
3471.247314453125
3712.6084594726562
2818.0930786132812
2733.9170989990234
2892.691360473633
2722.4317626953125
2374.223907470703
2771.1243743896484
2691.1054077148438
2342.542984008789
2498.305206298828
2460.7376403808594
2505.266876220703
2006.53759765625
2449.0708618164062
2045.254653930664
2345.138198852539
2688.9259643554688
2347.609893798828
2133.470245361328
1816.5198974609375
1932.8137512207031
2085.340362548828
2567.485794067383
2455.663101196289
3265.6631622314453
2796.553909301758
2779.631851196289
3564.614959716797
3025.7574310302734
2983.0826416015625
3379.4180755615234
3345.0848083496094
3498.5181427001953
2799.10693359375
3137.175552368164
2758.560104370117
2551.7223052978516
2712.987258911133
1986.774642944336
2411.2020874023438
2580.5723571777344
1987.3620834350586
2286.4097747802734
2116.6805572509766
2764.273956298828
2412.003631591797
2697.963821411133
2054.267791748047
2345.920364379883
3026.3419189453125
2867.0338592529297
3658.396453857422
2804.816680908203
3025.7542724609375
2635.429718017578
2519.1172943115234
2426.9754791259766
2072.4403686523438
2522.9112091064453
2821.9105377197266
2551.337615966797
2643.087432861328
2830.9923553466797
2673.7977600097656
2939.6040954589844
4126.013458251953
3178.577835083008
3514.2855224609375
3493.6719970703125
2627.2196502685547
2852.569595336914
2549.5839233398438
2005.396255493164
3228.565444946289
2659.907684326172
3203.17724609375
2985.8583374023438
2668.0904541015625
3322.0111541748047
2604.766098022461
2744.293815612793
2659.7222290039062
3109.5194244384766
2593.8094177246094
2895.5809478759766
2811.913558959961
2375.726333618164
2548.612335205078
3496.324951171875
2362.2096252441406
2636.7546997070312
2454.8010864257812
2272.823043823242
1883.4150619506836
2004.1500930786133
2585.0262451171875
2529.5385513305664
2867.8724060058594
2891.9775619506836
2560.3477630615234
3178.76611328125
3023.5452423095703
2962.1280822753906
2608.9628143310547
2529.0264739990234
2233.6023025512695
3635.445281982422
2990.4646759033203
1993.7663116455078
3047.1192626953125
2580.2374572753906
3373.2825775146484
2298.476028442383
2810.5245361328125
2926.938003540039
2353.5623474121094
1668.2300643920898
2212.8649291992188
2043.308120727539
2017.9210510253906
2046.2027282714844
2878.0632934570312
3296.158447265625
3126.347854614258
2731.5660705566406
2607.9407348632812
3405.1250762939453
3296.939125061035
3087.325714111328
2691.356155395508
3412.4031677246094
3181.6268920898438
3383.334503173828
3211.7623443603516
3349.7239837646484
3217.0008087158203
3022.9378051757812
3038.605224609375
3361.6292724609375
3421.4786682128906
3293.941650390625
3024.0249633789062
2785.759063720703
2394.5735778808594
3364.347686767578
3579.9149627685547
2976.0360717773438
2718.3929901123047
3082.2823638916016
3026.93408203125
2760.103515625
3311.495162963867
2141.448829650879
2881.3639221191406
2547.748748779297
3500.9898834228516
3268.4744262695312
3421.627655029297
3691.1983184814453
3244.8460845947266
3226.0006713867188
3908.3325805664062
3247.516387939453
3077.6657104492188
2866.0286254882812
2981.3964233398438
2621.7381134033203
3105.0980224609375
2557.158187866211
2852.149383544922
2991.735305786133
2953.3445892333984
2874.6210174560547
2832.8573455810547
2463.2166290283203
2489.8820724487305
2514.3833770751953
2115.137969970703
2187.6444396972656
2485.611541748047
2940.686782836914
1989.6379089355469
1913.6604309082031
2010.6610794067383
1746.950798034668
2414.3905487060547
2287.011199951172
2549.3888397216797
2639.201873779297
3355.2530975341797
2955.8719787597656
2737.3138427734375
2475.5829315185547
2800.238739013672
2284.3043518066406
2185.9193115234375
1891.7601852416992
2302.4317321777344
2203.1190490722656
2964.418243408203
2607.6541442871094
3756.038528442383
2384.2401580810547
2652.5616760253906
2158.8681640625
1923.0397491455078
3177.005859375
2271.6455993652344
2542.364471435547
2434.1343994140625
2357.6039428710938
3223.3751525878906
1989.0144805908203
1919.3877487182617
2430.7775955200195
2273.602226257324
2184.8108520507812
1985.36376953125
1827.0599670410156
2093.6886825561523
1836.1170501708984
2423.0983276367188
2170.730026245117
2324.1427307128906
2959.356246948242
2900.557861328125
3539.9540252685547
3059.467071533203
3731.887908935547
2800.515167236328
2807.2515411376953
3560.560501098633
3064.399917602539
2746.4714965820312
3524.1464080810547
3451.834671020508
3263.2765197753906
3377.549659729004
2991.1652221679688
2655.740547180176
2735.0091094970703
3384.815872192383
2537.5382232666016
2638.2472381591797
2814.4476013183594
2745.9950561523438
2857.011016845703
2473.169479370117
2045.1779174804688
2338.8640747070312
2715.661003112793
2123.1819458007812
3265.6739959716797
1877.3658828735352
2313.5586853027344
3361.510986328125
4108.905136108398
2529.472640991211
3251.8355407714844
2921.037139892578
3369.988754272461
3070.556594848633
3493.710891723633
3811.621109008789
2984.653839111328
3000.781036376953
2663.149688720703
2694.4047241210938
3290.370101928711
2341.454116821289
2803.6908111572266
2627.797836303711
3450.449234008789
3380.577407836914
2866.6735076904297
2551.5887145996094
3545.426986694336
3027.6853790283203
2768.3538818359375
2396.059310913086
2952.6673278808594
3223.1731567382812
3064.9425048828125
3287.4388732910156
3371.7462158203125
3396.5283203125
3500.9549560546875
2270.9724044799805
2769.3524627685547
2218.5382080078125
2029.2842483520508
1983.9016418457031
1841.6243743896484
1486.0068969726562
1623.504409790039
1842.7399368286133
2165.384925842285
2324.975929260254
3030.217559814453
2434.860107421875
2347.0274047851562
3037.9986419677734
2254.4434356689453
2679.4371032714844
2840.0860900878906
3238.646697998047
2629.6310272216797
2649.2120056152344
2174.325942993164
3181.959297180176
2194.708251953125
2795.4613189697266
2568.9042205810547
2753.465850830078
2525.5845336914062
2393.2441635131836
2727.550811767578
2749.9854736328125
2492.9329986572266
2999.0323486328125
2993.4325790405273
3131.420944213867
2691.555877685547
3129.4888458251953
3208.9771118164062
2608.3737182617188
3749.525863647461
3365.701705932617
3133.2230682373047
2560.408721923828
2585.297332763672
2298.438522338867
2599.259002685547
1979.4084167480469
2102.9725799560547
2468.8587036132812
2368.9522094726562
2434.1172790527344
2435.9232864379883
2892.109893798828
3064.3506774902344
2391.862289428711
2843.650146484375
2396.380905151367
2114.7517700195312
3721.743865966797
2113.4324798583984
2919.1459197998047
3169.0217819213867
2851.4186248779297
2810.709259033203
3309.3024291992188
2661.493896484375
3349.86328125
3098.2809448242188
3421.5320434570312
2374.3670043945312
3318.355239868164
2643.008529663086
2896.873825073242
2916.2162475585938
3742.2704162597656
3413.344757080078
4586.223449707031
2824.702377319336
2950.7965698242188
1760.0393981933594
2301.2330322265625
2908.4979400634766
2860.1671752929688
2369.8414611816406
2150.5651092529297
3057.518035888672
2722.309814453125
3441.797409057617
3758.2317657470703
4256.032928466797
2161.92977142334
2630.616989135742
2227.8653106689453
3076.640823364258
2133.542007446289
3170.6734313964844
2327.0387420654297
2462.7336349487305
1959.0972747802734
2437.848922729492
2573.0197143554688
2936.795669555664
2588.289810180664
2873.3700256347656
2476.6320266723633
2443.1403198242188
2969.368667602539
2646.364776611328
2849.9273529052734
2642.170196533203
3143.336654663086
2733.1141967773438
3289.5991821289062
2744.8274993896484
2565.683609008789
2921.997817993164
2698.5005798339844
2224.554458618164
2995.9917602539062
2798.6880493164062
2515.060348510742
2237.065170288086
2454.4610290527344
2180.3604278564453
2684.653564453125
2733.911636352539
2449.669631958008
2576.4495239257812
2440.7023162841797
3031.8567504882812
3028.877410888672
2822.472442626953
2563.097480773926
2705.860153198242
3305.0553283691406
3221.5833129882812
3723.135986328125
2967.2969512939453
2277.774139404297
2708.1245727539062
2699.40576171875
2226.3972091674805
2010.6550979614258
3205.7897033691406
3170.1395874023438
2905.160400390625
2829.828369140625
2720.356430053711
2799.8287353515625
3470.039306640625
2805.7579040527344
2594.0850524902344
2807.203544616699
2571.5079803466797
3155.159439086914
3111.593978881836
2671.331443786621
2655.2897186279297
2888.8015747070312
2764.2911376953125
2574.5464935302734
3140.8683013916016
2351.193359375
2926.0320892333984
3266.108428955078
2282.9891357421875
2442.5890884399414
2838.2501831054688
2859.7104568481445
2131.202568054199
2414.5442504882812
2466.8091583251953
2872.626724243164
3085.376266479492
2277.598472595215
2572.1447830200195
2564.171356201172
3497.5750122070312
2186.697296142578
2626.617851257324
2576.9151763916016
2406.0171508789062
2528.0244903564453
2056.0082778930664
2539.597480773926
2469.2132263183594
2190.9865951538086
2971.4176483154297
2791.9290924072266
2295.7958602905273
2325.633575439453
1760.49267578125
2023.3436889648438
2404.6102447509766
1977.6730346679688
2596.3549270629883
2826.2026977539062
2562.4434814453125
2667.0861587524414
2624.8509674072266
2497.9700775146484
2745.9957580566406
3427.4071655273438
2588.126205444336
3102.427505493164
2010.7499237060547
3001.9721069335938
2542.7592239379883
2355.8553314208984
2412.0871963500977
2712.22119140625
3290.9968872070312
2537.435989379883
2172.9014434814453
2922.8581619262695
3147.459930419922
2687.5925521850586
2352.279556274414
3233.583267211914
2388.3470458984375
3028.8666381835938
2953.6259841918945
2985.522247314453
2294.072708129883
2525.7601165771484
2045.4125442504883
1968.8469924926758
3316.8882446289062
2255.468276977539
3358.339401245117
2639.8382720947266
2101.459648132324
2478.2675857543945
2478.128158569336
2438.514503479004
2584.440887451172
3580.0878295898438
2121.9608612060547
3408.9681854248047
2376.562469482422
2754.5903854370117
2418.479881286621
3110.859115600586
2348.901153564453
2321.258140563965
2218.095001220703
2279.344886779785
3076.5767211914062
2473.0520782470703
3674.1118774414062
2025.617546081543
2378.7436752319336
1932.700180053711
2255.482681274414
