222256
208317
217949
205426
214812
216611
219586
213165
230158
234691
222717
222692
220313
220396
229640
232504
206732
204687
209934
217915
234572
231133
226706
232305
228336
219207
231464
207680
226660
218685
214739
210302
228985
228929
224725
223060
212662
213068
222222
212588
216498
223982
207010
225461
210125
223002
223378
232616
218311
217313
234887
237026
225534
211234
224192
228941
221682
209737
210510
219354
225712
217208
233266
219376
210874
215947
239994
215253
222727
230148
222908
220035
213045
223230
226863
222409
215459
231781
233111
214251
222448
223777
229452
220273
236782
204871
238590
235107
214448
216057
227664
226308
228917
219985
217512
210816
232648
211638
221521
228311
221939
223906
217989
233926
216260
243713
210804
220392
230652
238585
212753
220589
211308
201510
216719
222772
222587
213198
217148
212027
221989
210595
212537
217518
220253
238250
221673
239807
230135
218922
210176
210982
215736
232654
202355
225370
228507
211699
236958
207774
225470
220424
226383
236461
213845
220243
222277
215036
207761
225360
208894
220287
206740
208519
221108
226593
226166
249286
212673
228910
213395
210330
226192
217024
233004
215651
227830
229889
226702
211632
215998
214839
216326
216144
217464
218277
222766
218867
213336
224809
207152
205375
229255
221334
221991
222927
211159
211605
214807
224495
215752
226352
217587
230157
232265
211583
204402
221395
246457
233929
208800
229683
223504
210217
205789
229084
218228
220254
244182
208851
216894
220488
241060
207408
216994
222926
249296
229201
234567
208896
207426
227146
221231
218426
210208
221044
227566
249272
230536
221561
222729
223886
211781
213109
219683
219453
236882
238281
227638
228610
220461
228255
233238
220439
204504
221551
214312
215417
221769
228323
208031
225853
228310
221237
210185
256651
246819
225719
212686
242139
207808
223743
203030
209231
218028
202201
225387
208352
225302
227368
217125
220356
255398
224960
224423
205413
221776
203973
239766
220626
232760
211968
211703
213023
218767
228372
234204
230955
207155
212224
223790
232420
211860
206671
216259
215622
208710
203927
237324
226392
216032
209791
218659
201725
211089
212182
223061
191435
199285
221626
243719
225036
213245
214985
213069
207087
226261
234776
214259
244674
213487
213147
222407
211288
250413
229679
218894
218279
257573
205650
216430
224682
217974
210250
217746
227601
208090
260298
248171
237427
226040
206124
255166
224589
229923
231101
211717
208052
222472
230307
258813
247621
213214
220679
210858
214573
187728
228591
222774
210603
228837
224628
233980
209928
217716
216709
208587
219274
213167
243226
224455
225829
225497
211220
199770
250107
209617
224066
208958
225232
267845
212371
238266
223769
227095
223295
218487
217494
214504
215083
221306
245084
209221
225522
224590
204646
244143
217210
197427
208734
207029
204860
219100
246553
245874
230088
217266
251455
231688
258259
218752
221192
209702
222502
215454
226545
223932
221004
219417
211715
215244
214631
207397
205290
218901
225050
208506
218763
214645
211027
228909
214186
229935
208740
222854
216040
244683
220421
244601
215377
211042
221124
249255
219073
250423
206310
248803
206406
209794
222007
231258
213629
255075
213743
226021
248074
216288
225238
246183
214414
218994
259597
218291
251941
247491
220999
216002
217183
225398
210610
206632
210278
218655
238302
240205
209031
227178
237168
219314
216556
203657
213347
209165
203893
207182
212822
215375
214970
248327
224378
214978
210890
208201
257085
217762
206146
247225
210091
220195
238735
210886
209092
204723
198221
235177
210383
245088
230099
266686
209309
214816
206967
214906
252597
227358
199859
225349
228638
203069
204015
224964
259845
215263
207939
205357
222863
223096
223443
209029
235850
211171
211044
214868
201831
221515
214455
206056
224127
264021
192097
210441
209353
211183
227583
218411
249049
220107
243421
214175
214454
216681
241020
211190
218728
208620
217116
250689
275090
207937
252422
213217
212773
241571
219599
220169
203371
223945
206541
218023
208304
219021
219367
218597
211561
218100
201157
205710
220710
220679
214820
204200
220443
229732
200598
211555
219751
222436
220985
213402
221702
218813
226695
215619
193951
228353
211364
227849
210089
277296
225835
222284
219249
257259
214321
232135
217267
201098
223063
216688
272602
251751
206412
248281
240197
218152
214104
214404
217058
247102
213562
220754
205948
247627
203830
217657
210974
212284
216891
222814
220938
216001
210118
235550
222477
212317
198990
213675
209588
214443
212664
226709
213523
207249
226385
241991
231772
216187
210902
243277
208152
206996
204529
217366
213007
221478
222579
213039
206608
217893
205957
216148
213805
226014
227450
219422
233847
220861
223275
195709
203823
221696
261260
214494
209124
216887
215094
209313
216933
209922
209703
224033
209473
263391
221965
249051
211615
231578
207105
223090
198186
218113
213310
226161
230985
248525
217584
224638
221530
207893
249613
216272
234370
257461
205618
221052
216878
204796
262165
202223
206377
215009
200096
260612
267655
220145
211979
220639
200701
225854
243662
230282
215095
218911
211674
200154
210996
200843
209919
230161
243185
215653
219880
212081
205265
204542
273745
208047
224403
204141
202745
214465
211554
205611
207778
216268
230130
227096
257885
213725
203451
213553
221536
265317
237378
226999
220739
220958
195242
206697
217902
204861
272627
224780
210732
204165
259040
212323
217939
216885
194552
211166
213057
217047
254895
211047
232631
216568
259187
201723
210007
242297
242106
212032
207736
208859
219096
217016
248452
236386
216320
199126
223882
260306
209609
212283
218159
204923
212771
214250
221391
212826
212249
209197
214063
212848
198602
211752
200222
229702
219750
237922
220217
210472
208995
204730
217332
205068
216880
215946
216368
264976
221006
194518
223225
204666
216680
211999
199504
216257
243466
220522
259177
222785
209111
211677
218195
216394
217831
218822
201491
219265
270573
225026
228282
257780
208753
223838
211613
214032
205307
227100
269266
212377
272139
218219
209898
218385
215922
213552
206807
217389
220866
266807
216488
215681
218059
215659
256442
216081
244220
202798
210542
213741
213736
226360
209762
212230
220053
199906
202744
199857
209021
255416
216545
211319
200642
212362
215842
209966
223381
251242
251910
206530
207982
211790
223335
216507
210791
230767
215352
200809
198171
264577
193738
216308
191894
254359
216240
219978
201065
198214
269244
260836
262154
210604
219180
205835
215453
259757
217146
206539
206132
214575
237576
221413
210620
217901
265683
216280
218047
217892
216832
223644
222339
211163
249348
270376
249222
206456
218934
212504
208647
207986
218568
199136
203808
211458
197568
250098
203173
210813
217443
209374
211726
191203
212012
213982
251572
222026
257231
220006
215501
214528
205934
222347
210781
216875
219175
252424
266472
223244
201468
210362
222891
212871
253200
212796
218038
204224
219362
223931
205536
249966
192463
202426
251245
204093
205643
211520
203979
200434
190920
226338
212054
197692
236560
216978
217575
272422
222827
212218
204684
219509
207771
231594
212602
209179
202792
213243
226283
263308
207435
260167
209612
204080
255759
208089
255080
212067
205881
206465
229077
198489
219772
211003
262346
228628
217421
198678
207398
220030
201430
252411
210221
213877
204712
205225
196454
228213
231216
242059
204688
197175
213150
209961
219001
233666
217322
207752
212155
234751
221913
213095
205995
249644
207093
269584
212914
222271
209536
258595
219280
195496
228517
210352
201803
199696
208000
213077
233690
185547
215365
200094
212702
201815
216233
253303
255576
214851
210361
208018
196635
217041
208846
218173
207766
205285
198464
203896
215312
230675
212263
222954
212151
217252
217182
215227
209735
275648
244726
234185
206498
212465
210090
221083
203191
218162
210360
216838
193188
223154
210888
262866
257193
199080
202365
207373
245160
210335
227417
211191
209564
207135
205980
207845
221581
255920
270102
269928
227015
208518
203712
230041
205002
205418
203429
208021
206950
213752
209501
274841
211026
227920
244049
252352
269983
206598
202527
222382
265709
217273
201778
205332
213965
202329
212335
209774
248728
197424
223595
218291
257953
253885
261559
270824
208098
208847
205379
219756
198685
204148
204065
265467
212486
214040
205599
253543
271097
210705
196317
267991
209513
195986
205491
208380
230880
223379
254967
216519
269486
231428
215334
206789
201533
209359
209631
200567
203615
248686
200906
260316
213714
186013
278774
257660
212116
214699
217119
215732
216814
223039
217849
199149
211147
200310
206686
219107
208207
260036
206156
206812
206663
216927
210368
207811
204491
211730
216259
199146
202757
234495
242270
212096
213955
206761
224703
247160
206690
260089
194665
203820
201078
192379
219270
208078
212786
188714
209741
253930
259857
255498
219709
209931
212951
218400
240776
246077
219981
230498
256028
210328
212312
250176
203512
218048
208329
199839
209061
210191
207031
204579
211175
203596
221949
218723
205102
203779
209589
198382
195279
228043
206337
199748
215601
206981
210210
246806
259965
198730
204123
221990
216571
203849
253424
218228
196904
204886
232399
240530
196580
251949
211588
214843
206870
213706
268090
241898
218094
204819
213415
205113
242022
209097
201722
269715
228867
205541
254875
212803
204147
199041
258780
208004
211143
198620
276914
197485
208394
214398
253570
213413
210471
245189
283326
264894
222800
271449
207662
202678
215965
270233
210523
209980
209155
211644
226476
216496
202047
209908
194866
217637
207532
211578
212880
201089
213782
213413
238824
215080
211312
234669
198077
212088
208829
215842
212463
196418
193104
241655
205054
202917
202853
206647
208838
200381
218172
209885
203782
254257
207661
214909
216794
213455
215100
210769
268190
214417
210074
208283
197001
215005
260501
198853
210453
200385
199439
264551
270879
214615
214164
213363
209248
219125
213219
193222
262096
206348
211738
197530
198182
256425
201433
210804
210079
260300
248784
270555
209090
208980
202733
205945
229053
206442
207184
245625
197463
222517
220012
205171
218669
208414
238367
246912
209040
196867
264668
254757
229896
201248
201054
208232
209285
202129
209563
219301
198201
216373
211696
212289
197433
265848
214710
209898
200803
199077
202924
211353
200012
210620
207961
197950
202880
202820
211530
231676
224352
211536
199587
212188
211476
268377
199330
200767
207514
247582
210466
258186
211629
209595
199342
265788
266087
191008
220739
248196
192270
214067
236976
212948
244070
198150
206838
203200
254025
250343
199217
202837
265829
206982
202580
202575
246456
201041
253449
208897
230849
252483
269895
205869
202019
216317
232018
206196
217754
207931
212924
219463
199764
261500
212136
210533
213258
212482
259069
203471
205078
208852
200195
194247
267239
262799
206388
221460
203865
264047
195054
212105
228202
225091
214811
220809
194258
201435
201841
202253
205527
262038
203931
213949
215954
260437
246256
201995
259809
206258
249231
215741
205830
208344
224853
204149
203320
215510
259324
250115
255863
217859
208925
207419
243472
269099
207721
207528
211991
267390
207574
201380
202325
239936
236111
204771
202206
216018
227894
210757
215556
219257
210887
196263
210701
196551
244505
194581
206248
204820
194745
194585
211567
202205
238812
202347
215155
211120
243436
259535
203242
204446
202599
244204
232788
199105
209777
201432
191542
212554
200759
261333
248275
212578
217921
267716
200350
211961
210122
195718
196052
202176
198656
188760
209452
256154
208579
196555
205809
201000
240917
255622
206921
190604
218346
205961
215961
199071
203676
210693
240946
258307
209052
204093
205733
249423
203378
212111
200820
192742
200301
196894
244653
262858
216114
220368
260068
209155
207719
210624
194299
210443
247000
218619
212976
253292
213436
210146
190325
204365
196624
203202
216741
199895
198169
209424
256584
264403
239881
204228
200435
204281
271117
230635
208022
209770
224810
194028
199890
189641
214283
196167
217166
262992
264713
203498
198156
209656
260608
273739
255687
266012
245527
203413
221724
205389
212406
221339
260165
225968
205964
197912
205874
205048
203324
212855
205337
245441
209607
223724
263463
215260
210521
205363
208495
279835
210378
211178
245058
257804
200230
209835
247124
212773
224424
253563
209745
200742
202363
246383
209393
211167
247464
204053
201975
203582
203340
207527
213246
208051
229202
213985
256592
207271
257092
257692
193368
209224
198906
198533
206878
253162
223941
202878
245347
201213
205637
195600
197752
204447
192523
231832
196657
200540
201694
262496
190032
214618
200740
257845
204093
203485
200809
191948
206399
203630
209281
202914
208887
207966
197854
203353
204087
203703
250489
200926
212630
198970
241282
215412
189957
219766
212646
229697
242358
219864
213147
266590
232301
204965
242748
200378
216555
195195
252160
224070
210975
251139
201692
202417
262587
203726
215722
214806
198666
190023
214707
261518
188522
217317
212146
229850
202321
211563
237350
207054
198469
252958
201651
218242
240992
196918
207870
198060
193057
182788
194536
215796
265268
214012
181841
213181
206537
197461
260992
198913
202105
206205
201361
239923
200275
212416
200165
197227
210447
267072
221266
215332
193051
228963
203681
190354
216096
211751
235279
208883
191913
255476
227276
254860
200135
207606
215764
263765
203892
212910
205397
190445
259996
199251
264487
199735
208975
194424
220297
200074
211538
252739
252131
230827
190372
200059
218323
201761
207872
252162
249361
222025
213657
269913
207436
209459
197700
213884
208767
208965
204714
223729
247392
238680
237021
193580
227734
239677
205893
211781
186624
219744
216706
200000
251377
203992
208248
198652
207994
210044
207437
250559
216445
241716
231143
210548
191953
249733
254892
204755
208400
201294
199395
272270
215555
214579
205302
201333
226061
200036
204574
200512
246788
227035
202317
194936
200086
249208
218137
266080
208870
202715
256708
197825
194031
196700
257751
211031
194690
216072
189342
201477
200186
196796
216262
207390
214715
194246
217083
201988
232729
260663
189700
258153
194087
206661
230062
200119
244299
207746
196791
205051
211901
202738
246643
191908
205454
193248
183807
261209
196108
211537
208522
242879
202598
205932
214197
199446
218284
207321
202166
192219
196387
210570
209959
247438
204083
193420
194996
191058
242770
236522
225536
245810
194594
243391
195561
201597
218866
207154
198531
213726
247656
206727
203078
207635
204863
251438
188295
205554
201818
217159
200761
222824
213072
218599
245063
206591
213571
240831
195926
198032
198382
272499
239298
259315
191464
200418
244305
198912
267121
200038
197702
244739
190678
200669
262147
198957
198255
179572
203122
255243
249444
205934
199881
233857
212865
193625
245967
254930
198492
204957
207394
206543
199639
199676
198729
229325
198845
210616
251826
211728
200635
201498
256319
206665
210145
237215
205638
199504
221447
194982
201364
243627
210205
206571
249989
208351
219778
258144
199253
206456
226733
207479
202980
213279
214205
196227
211652
205396
208882
195076
205888
197702
229604
242172
229568
202485
198225
199727
196045
239461
247047
264525
203239
201921
197927
205833
255375
207605
199393
200117
215664
201988
233221
245800
225276
223262
245295
203052
211716
189271
211704
212037
227082
262129
213200
197333
195780
258153
191316
190046
208815
224936
244920
202349
196557
196546
196469
222294
223918
195388
193813
241826
259094
226364
205319
194020
192587
201209
245081
196485
216774
205667
213456
226991
203899
221790
198717
257887
244073
254405
199936
197568
199758
197112
198398
213420
242214
216525
217394
207003
199671
202931
209630
198400
217835
271382
199242
205774
252328
187882
204681
253226
189417
220951
275168
225873
198497
204314
266050
200089
204337
201462
227745
262201
196671
210729
217870
190042
236158
227726
211624
209672
213031
237449
199706
214650
184531
266387
197761
198887
263694
249719
245427
196865
228787
201236
218384
250544
242636
202314
206666
203710
204527
251628
254890
236780
202726
263824
243507
195208
212100
222341
252104
190631
247338
193419
209737
192877
207795
224067
202775
223579
198499
192704
249367
254991
192807
256549
202647
209907
262742
196359
209951
210808
262603
221057
200174
211187
200311
212103
199358
251930
210601
243408
257723
257314
251906
196748
196506
188926
205289
253152
218056
242748
230042
247773
247637
210790
211233
262583
203193
193562
193503
211699
182693
218454
252503
187961
265661
225132
262831
214703
182409
220916
201428
190957
197050
210710
264490
252276
204035
218269
203870
250783
230536
237827
185691
197834
194603
244562
208339
187572
207819
199200
220503
222883
217834
214586
200427
225179
188300
200031
233980
203413
193777
218995
198650
195941
251798
210587
196124
208588
205568
252507
192950
221277
242739
206731
202261
217823
207193
210100
258753
258120
257340
204955
192937
206045
213972
261474
210958
211694
257641
222615
199556
196995
227114
251995
192815
198444
192208
260063
213424
210269
208201
181524
235410
248904
199487
210313
214098
233663
195545
215918
200036
190836
190367
224648
201244
217968
210135
257536
190866
259644
198184
194700
213965
194283
196028
197987
192841
249897
197998
193513
205668
250691
191253
244913
205200
265066
214336
205004
196326
206681
204231
202093
200731
189365
210134
192787
213481
250833
247576
244381
209782
208075
202833
177378
234034
223249
200686
226067
206130
191407
187464
237090
242403
269367
197315
213178
201752
204873
226642
217790
259189
190876
205014
235592
205236
206448
237749
241325
203312
197986
196239
220718
238281
246318
204511
242421
259523
194702
192130
231370
205344
208893
231060
264930
257703
199743
257890
233641
238825
188823
198746
187314
209246
198097
202908
211336
231301
216261
240616
202749
219945
195344
196505
236033
260518
209859
186309
218221
208426
201276
202780
201109
247446
186595
203143
212986
224978
206353
234473
188839
189331
249648
201268
250340
230649
204539
202182
203297
194002
193943
185092
185534
199360
188955
244001
203778
193340
191884
211197
195075
201242
181000
205285
200076
200114
195357
181548
217711
214173
196935
231142
254860
240767
196651
210258
264782
242641
179896
193401
206060
190254
251096
195240
206500
196566
257698
233203
206424
201592
255010
256940
200168
245857
203513
186643
193168
195836
244962
190541
216245
198963
199914
195003
219781
243008
197144
196451
189676
188646
200180
193388
201933
244596
240272
201696
192986
244184
243835
232331
204215
199152
243880
197688
193374
250834
200132
249785
247523
189828
210632
235348
191722
190654
234778
189488
241945
211553
197280
225153
242181
194890
240469
240762
251689
246892
190492
218614
224856
187173
186715
237057
194522
229578
260196
274148
203099
201867
205243
221507
223050
188307
187292
198520
196561
224577
196923
261563
220617
231484
213429
192936
206043
243118
194202
243926
248468
216756
204944
230274
196297
245382
229904
236018
247275
208965
229976
233188
200103
231985
262900
250226
236505
196811
190828
211536
253095
196113
235532
201488
193038
223451
195058
243043
191366
194122
179004
186899
197596
204641
196021
200013
190046
196172
256088
219396
211793
180684
254424
217765
194114
196855
191889
209496
235232
262991
224472
193371
186284
189255
198306
213965
192665
203810
259483
194021
243335
227156
251609
218772
202138
221185
229574
226435
199165
202714
215261
253113
186908
178675
192792
213874
228107
200185
182359
229483
209132
234722
196304
184349
183580
194735
267380
204452
245126
208447
191626
194450
258629
211946
262013
243294
258510
194050
183370
251408
190357
256342
196921
193307
249088
192326
219444
206647
197666
197264
222038
229003
204781
196465
179745
251950
200839
240183
232641
194585
193103
217802
190813
245146
196973
192705
249483
245631
247254
185932
196062
203121
193218
189558
229264
235648
192737
199772
195103
208764
200510
208412
248573
202726
231281
188358
240314
203914
182413
205830
197238
187249
259521
203527
238205
179869
197177
193877
217251
196877
200853
211277
251471
193557
259273
192414
184238
241300
266131
219925
201229
254275
229117
260435
185059
199584
219412
218727
245216
203946
196763
211645
227509
191057
220262
187930
193971
191136
197426
256576
197884
187845
199024
220805
184339
188483
204354
238242
192534
240508
197135
242967
195780
186654
200521
223796
179497
232658
204457
209725
188254
234573
198020
201133
191142
204212
199174
251959
225587
228140
231667
194632
193143
210758
209095
206629
244832
182312
193390
203484
204390
197628
234663
213046
185139
200421
192218
194732
223998
188098
207318
194492
249746
213902
201271
195549
245027
251630
182756
199553
193042
231194
243593
196306
189417
209109
232401
226417
235048
183552
192239
174546
244446
234988
172999
190879
191012
181443
221119
234516
192325
197352
251816
216401
194521
203699
196352
217567
183322
190777
200755
198755
197083
226173
238003
195104
257685
182362
211826
191045
190200
244912
199296
190183
207296
250727
263725
198681
189659
199634
244380
238091
238674
195319
222220
191575
205174
188232
195671
193367
188454
235827
249494
211975
177549
211369
246592
193824
190322
230531
265864
206057
252335
243494
184296
187615
199950
179855
191513
195569
182424
252217
224535
239092
187423
194568
202840
201354
211606
187894
197765
200643
249112
220783
254680
248667
198992
192134
183687
190795
203434
250411
200609
186556
184622
182508
184960
194747
194402
253218
191085
191013
221419
229811
240456
181231
243294
207991
246772
207516
199454
197864
195311
182605
239859
196874
191753
246190
195274
238365
214791
180175
252603
196651
184725
202388
238531
219418
245523
265292
203150
193649
191515
197365
190680
232985
197586
203078
197601
232187
191905
191582
198804
233371
189355
213958
262941
250145
181387
198246
186024
234213
182816
202112
215581
181021
184546
202249
196318
194002
235462
211820
214716
194708
213258
186302
243983
179241
188016
200424
187048
181247
180540
243617
243897
254338
203096
226466
228994
209783
198250
216847
188310
186686
248940
185671
200239
199028
188644
219291
234410
263368
242523
190953
207263
204832
178112
184601
215960
216695
224197
194787
255786
190721
199072
189408
248243
261156
256876
248496
194311
190570
207398
221474
205548
203267
206557
247272
195060
237732
190505
194814
190506
191767
234947
202529
220407
218206
200480
188861
194703
207593
248012
199524
211535
203595
189560
190037
187009
217258
219870
197898
247755
218490
235293
184858
180065
219425
211736
205102
198430
209772
211273
232004
233310
232521
223166
180054
205241
186608
194180
213328
272764
229702
202151
181381
187892
181123
188597
206331
190171
189393
194996
194118
243086
179682
177582
208964
227171
235561
203599
236481
177366
194541
186904
182782
195577
196347
236876
246712
186305
186978
196853
190112
244344
235001
220464
196917
223218
193000
253199
187255
193170
190912
256495
230319
234569
214078
181231
250811
196537
204539
204412
176263
244637
194530
197768
245733
220117
195902
205398
191136
196551
196945
183043
252238
246766
189154
214697
185966
184877
181643
191188
251598
191563
235771
186060
247196
220996
193770
229493
230475
190046
206444
253583
228683
178782
206221
183470
257783
195541
183841
201281
207736
247237
193599
185504
191565
199624
181373
187996
197663
188979
184858
207800
250990
180830
192832
194135
191401
183774
205235
258583
179945
266619
240450
195748
198369
238055
181502
215533
238254
198474
221138
194451
195946
219368
219468
220874
195507
183907
185242
187489
179130
190408
241486
187509
241959
179214
217230
260487
189137
188178
184767
211795
180704
177388
200830
206828
184022
230606
255360
215675
204516
182446
184217
184251
229394
232630
194314
178902
228200
200614
196704
188659
182058
247743
226836
223298
173519
200050
249958
190229
200393
197401
187530
197255
188788
239811
222147
231671
185031
225494
196661
191706
228690
235949
186299
180545
228360
221108
199094
211726
221452
220988
177441
235044
198125
179820
265524
217248
204881
194684
184798
199881
191858
196851
181098
191356
259022
224622
186792
234221
177483
183400
194562
200521
221161
190356
236439
252852
179567
178134
182848
189299
189013
250179
180914
179544
216687
209450
191447
215341
239386
190702
235061
231081
182007
191748
251262
256701
172952
189125
229473
186181
240152
195815
195928
199799
221748
183577
189360
180519
198844
181898
187234
234355
194076
249188
189860
186971
234881
189724
183395
228423
198175
185852
205467
250880
185410
247003
209534
240156
250920
223872
231074
205858
190490
230825
228780
179751
227894
190210
249049
244547
176563
194294
223469
184214
183906
184497
183622
241941
184355
191657
200246
176196
233942
184155
190866
171732
193700
188480
216496
215133
189901
193779
237557
212314
182428
189140
244761
198263
195636
192504
224411
196981
198932
210810
205878
273290
226458
195182
245819
222086
186507
178097
173940
191144
212633
197797
192000
218487
206108
205636
184358
256688
227832
212466
224137
254926
203774
238585
256069
187581
230130
190174
200359
189103
169433
179877
192251
181731
184157
179424
190000
197887
224693
247363
207931
192510
190749
186283
218379
235810
205909
190164
218917
187993
196646
190748
208828
255616
181033
207119
192604
202470
243368
226015
237489
198242
188012
227189
226390
232553
201740
197581
195332
194251
188671
188992
221108
212728
184992
201056
189475
192640
225791
248497
231210
223133
226255
212972
240495
186886
182915
223010
182459
175396
195655
200049
183525
209964
195780
186617
186223
243513
245123
247194
203265
171443
179615
188207
201146
206988
250952
235920
189733
189515
200302
242422
247992
215740
232847
184069
178618
181288
177723
177984
265500
208814
209509
203796
199265
193656
183623
225353
244417
252768
241108
183294
184232
189984
202014
233117
255581
227400
191514
215675
244133
176890
233330
247779
190221
176919
195078
210294
209422
189424
208648
191841
257753
220545
185800
227905
185809
233484
188550
220676
177271
188016
184753
185034
198878
203663
210021
179799
179483
227284
236766
214881
196810
218954
242136
199430
223837
209764
181548
248992
223629
185250
189783
192685
237383
235550
209525
185319
214836
178793
179912
189982
192429
188477
233031
236695
217681
192176
196780
233606
247068
179272
188414
182396
247093
194660
191534
237712
196963
186026
206083
195199
186487
188837
225428
185401
233390
239207
237601
189332
187521
190800
189516
175322
196447
210051
228763
254552
239275
189794
230620
245988
183443
224132
217985
185024
194813
180049
185769
249478
215986
182824
194072
172212
185832
259734
170549
198644
201669
189314
209516
241310
215113
186982
218261
210032
217469
190859
228424
234634
229770
224945
218788
238311
189965
182723
192082
182983
175120
216165
235602
232603
210257
211285
213898
187953
193360
171369
185639
186757
183488
173875
237784
209609
175184
221654
191262
202847
230752
196443
178753
217300
186398
241338
227735
223911
191609
184782
190434
185247
186199
207499
198881
235947
199529
205062
183080
230327
180815
194557
231743
233560
218102
192411
220801
204471
209437
234091
227830
189290
178278
191718
192942
241031
178046
210900
189369
232747
256421
200556
190308
186190
192324
180943
179677
180614
246384
191247
180595
194136
199400
238903
243997
217614
187921
180078
186388
206017
184036
229778
235482
237559
174444
185608
238712
186034
172736
178289
221719
180491
187274
225329
183948
228461
245817
181674
176348
252309
238504
254224
236356
205263
176444
189797
193630
203012
248595
193269
179169
185533
252849
239422
217221
189928
179240
212975
206319
188741
189224
175475
193894
228629
220637
194763
223288
201500
220405
214912
223600
185304
187363
181532
201674
222813
219334
207265
225786
244912
183329
188541
186402
199218
184520
241436
182969
197515
177725
197954
187322
226217
192438
190597
200057
203871
206152
245879
197287
229280
192556
185587
187162
233926
184163
223998
246797
237452
190281
199766
220661
237590
184525
180207
193606
172634
171848
246092
194001
181443
174991
220338
202722
225420
244779
184965
211441
251254
243056
225278
251889
189687
207366
173432
196144
210924
187601
181654
181770
241443
225987
218500
189402
186831
232722
195600
203731
189622
184693
183613
227344
180618
178128
189365
245169
180036
224976
177046
215277
217492
183858
188560
181703
173182
171373
209888
168079
183593
209653
183027
215590
238444
169170
188823
185355
182875
238512
207542
227668
180450
190990
179621
184692
182677
177206
183211
191424
182808
183187
227807
231881
182183
194585
197467
220073
220452
221498
188159
212287
199452
222631
232870
197862
218446
187375
185379
198890
179781
234720
252421
210993
199683
236658
214091
203420
238501
211824
208470
211178
179737
223739
212466
226144
190708
222045
187392
180917
188270
188092
183484
224368
185931
186455
219857
244755
177851
177276
186784
198855
226128
234575
245079
193800
186481
194151
229122
223426
182823
183287
184378
185468
186211
195123
223966
183866
182455
207379
245367
230070
230226
212392
228217
182205
175154
172227
215639
172671
177980
231076
205694
185803
211734
240406
221507
207175
224627
230811
229611
217091
184786
192874
181028
182665
185198
186551
178139
182430
183481
174121
228261
211062
177663
184715
183771
190827
193385
223919
178892
218823
192377
182875
195205
220849
241623
232575
204079
233931
220280
212673
186044
214719
236129
213385
224317
200240
183221
169155
183737
200060
196977
188651
208617
222626
215644
222414
169026
179694
176399
203755
176823
230603
181898
184264
194309
179570
218918
244532
234034
198501
192065
237875
231273
238596
232479
234461
212116
196436
186787
231459
216380
184152
173835
226820
237837
189122
174808
174823
245724
222551
202697
218512
233891
171051
187857
224519
202958
212057
180180
176597
192076
239463
203001
208725
208899
224299
216656
164612
173624
220083
173327
209972
207691
192481
192941
231405
227271
180519
185597
188790
178186
182418
183771
191570
206871
206807
176077
177904
220375
215091
207869
210720
231826
210486
181803
204613
225526
216559
228417
181991
216201
225513
186504
186573
180495
222156
198682
180876
183024
180324
218380
226002
198581
211833
207528
186361
174155
185842
165776
181760
195009
181410
227604
228616
242330
257343
244521
232761
225450
189491
186234
224596
209952
221363
221784
216013
216910
224699
231191
242183
217827
239473
232137
221760
227688
172704
183741
177107
191087
191928
222985
186318
177376
223308
239553
236653
240436
214185
186433
235768
223127
216192
243545
245570
220077
228736
222550
221185
211193
182082
227352
218373
196448
193957
179630
190038
178176
229905
227419
233772
231567
208368
174994
175378
175998
219709
228809
227975
222343
176618
176196
174424
185757
191459
204050
195022
183986
176756
183546
185938
231812
230799
228293
202872
220156
216452
222512
210610
222543
219221
206190
210177
213474
206129
208511
221641
188434
171808
188034
167963
206583
206649
218245
208467
221614
195306
210490
197180
179897
187735
176409
178989
180109
187186
188005
181101
233070
246278
248308
208732
182367
181454
177755
216320
173826
208092
240920
224274
212090
224322
187874
182708
220087
219411
175177
193979
211786
220104
192079
181935
202502
234672
240116
245300
205461
207723
223133
180733
215454
233814
236833
180862
175834
174774
179756
175126
196088
230203
214645
215342
204888
234265
209719
211320
219934
159976
189098
196275
177711
184607
176515
187302
194055
236402
206141
204408
185489
192080
176183
183315
185560
182330
217090
204568
186004
220068
187121
178576
177062
228307
192671
184663
178572
185568
178316
211872
227191
191085
186047
188333
180832
185074
180743
175017
202156
214884
175121
226622
219063
227921
215560
213502
222236
180287
179712
176442
190160
204299
209478
205543
189495
183257
177916
179290
178543
222077
231995
227683
208098
213955
189283
188095
208552
163726
177902
183340
185804
205977
211953
217868
209205
185051
172709
183544
180370
195463
203247
210510
213420
180577
181863
210736
232990
232700
229476
185245
182001
183323
179504
180162
193403
172635
178111
231154
195000
215843
215751
227073
230025
228918
232368
219194
171448
224508
214373
217293
233141
173012
174280
211285
177789
186601
192095
204424
213907
183270
205260
165885
181068
186117
205628
217076
184398
185263
174121
178684
182029
176215
210092
225013
213260
223680
240879
239880
223327
225961
228789
240023
209372
226203
213695
172133
177806
173285
228918
165083
188611
176132
188526
185364
172963
212251
198537
230193
216824
236316
190455
185182
191175
172407
209513
220779
206350
174686
175740
228326
222314
224638
187269
174044
210551
192470
179276
170689
183007
187482
223595
183568
181272
193856
227734
175094
188312
187067
176725
198978
249033
234701
201226
232379
219611
213001
232619
225403
209181
180089
205639
228168
230268
225087
225848
225052
219770
211261
174926
220267
215489
205915
223050
199654
223319
168098
220230
243315
168548
220567
185582
183844
175943
167200
174230
202013
245773
184008
191118
177495
213039
214006
210987
169732
233424
180941
179117
187921
219524
223355
250504
171408
239424
206883
204302
171110
175682
216576
208513
231679
164433
172507
219667
224157
181776
164174
213328
215417
236357
213487
189623
203065
218868
207761
186764
168825
170252
221823
170865
184643
183132
243036
190645
189713
235479
229856
212326
175629
208812
209042
234747
238192
180863
215280
180754
223702
165425
170868
207034
175464
227722
170749
177985
232491
193299
192663
189657
216335
180287
220265
181060
177018
231800
209626
215020
222803
167697
186822
181980
212004
227573
211452
177929
215443
185912
228665
164355
166094
185651
203374
178446
220382
173581
176159
222947
190661
181731
229045
225670
164441
173383
239399
173270
173194
211080
230908
168515
167315
232927
233479
172807
175416
173843
241878
190274
237585
198795
161738
172970
179743
233486
224378
225239
215297
213813
172587
179610
209763
169027
240552
171085
184930
182869
165226
216098
221117
186735
208738
185986
188899
219082
167443
203564
197911
218370
227796
211312
174999
172066
170484
198541
222707
188665
215980
229450
223426
233651
183595
174606
171283
169266
180947
224620
239172
183974
212181
168976
228763
176275
231618
179926
175446
224656
180316
213907
180625
177462
226207
222159
183371
235529
182448
232927
238622
248265
174379
175562
242331
172782
186370
233650
236430
177897
169637
193357
175805
193261
173180
237927
234728
215171
178467
221945
167077
184329
168870
205633
212802
172266
218959
178705
175703
234770
168429
186462
218373
169259
225401
182038
181821
231974
228270
176175
187567
173079
173222
238315
171325
179912
208248
180984
188176
163316
175839
232267
178165
222941
222613
215063
186775
220631
161054
178798
229193
212377
177275
179374
198670
220699
223141
175868
219824
174251
224213
174408
216632
236089
176856
185558
190330
176238
216298
220264
209204
165179
189100
220933
214338
225549
172360
203957
168793
223644
211058
169095
209187
220972
180514
184094
172807
202406
234515
182483
200762
214009
207918
211625
234459
179592
234746
169354
212653
224256
206044
174000
225254
175960
232378
232222
167772
183552
239567
180537
175803
170628
213342
177145
165962
181983
225063
162203
198417
231546
220628
166662
181506
184461
208396
184498
213217
229025
239428
178184
168141
175535
187170
168172
220916
176983
191993
178463
175330
215003
223565
165257
182019
227717
199864
223007
173089
219615
178147
217323
212894
187517
211706
177839
198315
190718
214238
176597
222058
176634
234682
180329
172471
229011
179267
213968
164453
182669
177197
242271
223388
217849
199008
168546
243408
209884
214397
179979
178236
214401
222105
188284
172635
234062
222885
176547
165954
181084
182050
177148
178978
236713
233755
211305
228815
187711
200028
181471
172402
209148
167120
223302
209289
172893
181578
174641
242108
166872
183142
231834
217797
225923
214455
209233
174690
228803
185455
250504
172298
172794
174270
177321
174565
230621
217926
181803
218464
230480
170243
184906
176762
181341
247086
231356
205204
190498
184895
218178
180702
173285
225441
208533
226672
210817
175973
174699
218359
231359
182259
196061
216725
181224
222846
174938
156522
221806
169865
177698
182881
235839
200315
183583
222455
222630
205394
164974
213876
176636
188129
222088
176721
168619
169675
164015
223457
178592
207302
163358
219181
206646
182480
170720
178843
176707
175542
232986
255148
233939
242665
175595
175162
229390
169878
237395
214509
180286
228170
218210
182837
176372
215693
221320
169906
189640
172217
182585
216834
237026
217622
224237
222783
170190
232306
166670
175361
167568
162171
201036
168346
178488
219792
169289
175054
241441
218202
178275
219704
161484
232084
179742
183963
233331
216693
214248
173927
174312
182166
248061
172400
164385
224070
174674
231689
210826
173614
180092
232911
164263
217914
231336
179043
214319
231620
190683
174536
213438
166831
192463
177184
239671
225266
174781
225896
211191
175704
209035
220908
163883
250384
178387
214826
179253
174728
238303
172383
211324
184573
237681
223233
172280
180692
178554
203266
234317
173983
166240
212292
238623
214864
212555
170031
220235
246232
183746
176339
168648
178804
197082
215846
221731
180824
243901
174962
162766
168141
175755
231580
234185
209633
218001
169164
169887
207453
210026
230290
231225
184924
174926
227650
160228
190815
226103
171813
233496
180628
199835
228177
160166
234751
233236
211760
224085
182981
235465
208066
158350
184800
173555
231127
228492
236497
210312
160505
235971
168852
177049
219118
169077
217163
198083
221707
221704
170550
177827
177046
167821
225677
172555
173392
216254
181782
189379
221525
220220
176729
175354
178852
186782
174634
219215
234032
164624
212562
231724
233171
174116
232117
174639
232240
173029
200248
176637
207355
176195
220114
225763
225620
178198
224416
178613
212661
172525
230149
193446
160641
182974
177969
216980
173377
184326
175524
225258
218460
181085
218662
181978
166040
231195
211545
232612
224247
228886
177386
172029
237439
159616
201846
234629
174703
168414
165535
219006
204934
220471
171703
214112
176676
219120
174197
222466
236290
232309
166138
168583
239002
165613
211049
178600
162694
217995
182212
227132
179177
198165
224859
213347
175649
171649
178527
223366
226630
223208
218937
171624
171747
175238
180112
178010
225786
233932
171252
254146
166762
176174
169266
177223
177482
157891
220782
182259
169359
209980
174483
163902
225427
197457
229968
169467
162949
176477
167045
176932
231740
168058
212949
215385
172075
225890
176793
173907
239257
211101
232816
163803
229506
183649
180331
164087
239914
209614
168967
225490
220508
225006
175917
169466
175519
176271
168212
171496
225948
163536
236183
237149
217203
173411
205652
206258
223819
169901
164078
168763
230705
220825
244485
179443
198537
234043
185646
163056
209873
196392
218783
163572
181177
237494
194373
212549
221681
230124
177628
178919
217544
200182
178967
236652
237167
213009
207126
195178
217105
181387
166773
166971
232245
181815
220271
173898
214865
173986
177129
165095
223054
219973
166384
172683
170431
234346
225127
216395
167457
176308
203731
233779
212624
170809
215346
192498
180450
180692
168087
223864
168615
173598
222279
220901
202758
169384
174492
164808
214449
214745
238266
182410
230674
235349
213615
176591
170204
183529
210067
170609
217889
168139
200511
212772
178683
208033
176655
170871
223669
216286
170377
174688
183193
211791
170434
220773
168555
226654
228375
185668
187054
232786
172030
178523
166583
168795
171118
221604
228513
171336
210112
199682
210675
170592
220942
215473
178276
219486
173437
223072
172741
164843
214083
168718
236847
224885
172983
170329
225097
218073
172807
213722
210483
157309
240744
216471
176408
172506
218104
182421
225354
172355
220316
220900
173632
213172
225924
212714
173836
217094
173209
206793
177511
176639
212577
173739
214733
223528
172977
174077
205770
169315
248698
218539
177631
177996
229016
177536
232939
230022
169042
173474
231258
219575
208828
159631
225281
173513
227535
219297
232893
209471
174099
230581
177156
172092
198567
215297
197515
168934
184058
162923
216728
227557
168716
193651
169056
170287
217959
169463
228683
167800
175238
212680
182673
168441
170996
223491
212780
213537
170717
173460
229393
221836
178934
173074
228714
169469
222126
223802
172656
178715
233705
178304
216679
171261
236530
178680
223344
228632
163429
173640
176663
167752
233793
215098
213070
220824
167509
174982
168589
165711
202943
213424
227767
154160
223429
210715
213775
224681
173139
173895
219146
232590
172110
210580
219582
171078
212769
169071
178854
160155
180678
234585
231669
218924
222808
209942
177023
177959
215883
164683
209571
165806
175375
237535
229292
216030
173534
173866
170673
183720
174429
238120
235317
165457
168889
169031
175911
169745
222338
174181
216327
222815
222210
181484
238320
215724
230729
166676
170207
217667
160261
158207
211170
202647
215076
169438
176381
232311
182719
219210
238782
172169
173163
228452
213238
204967
170703
206768
215347
172723
232107
230435
226328
210782
229542
169217
183627
206206
169703
167913
212470
208067
171524
171693
218069
209437
173696
175680
203140
229745
207347
167851
233735
237498
170490
168150
227675
176011
171018
165752
174172
174887
229842
231369
207958
167166
161970
200818
158152
245482
217937
220462
223497
162434
175642
181621
172342
208150
201770
207827
175199
233867
174134
189653
217551
214930
176404
159149
192931
169965
160915
163464
168024
228156
199725
230831
194468
177255
213975
208820
169877
167293
165596
172878
232892
172488
207601
193465
161921
217832
208178
216021
162519
176752
230514
222308
183840
168717
169895
173907
172976
226744
164827
206305
219834
173768
183390
234042
173069
167911
229252
174041
223792
167044
172918
215087
225256
174016
220809
230605
224649
190512
168382
208785
213663
219245
214596
226403
168669
205205
160152
211648
195412
177626
225538
242650
167677
167555
241821
240499
212987
175046
220190
205687
226373
175498
211989
180007
211582
213691
214078
229972
181886
201822
206728
168411
170991
173608
175673
167101
231260
237242
226696
170111
212319
164463
204323
166906
210314
214770
171410
224889
216772
206306
176086
174346
167754
223751
165141
209196
169339
213076
205737
201543
182405
189176
173926
234986
208397
209279
174926
180555
213270
209108
224560
229174
211681
169450
169289
215819
217536
206076
166996
217528
164938
168311
180165
157776
217974
176668
168358
206536
161136
176015
161058
217285
171093
168168
208736
214380
226700
175073
165786
234683
237543
227751
166570
167189
163168
235596
226919
202493
164396
206710
182824
165518
167954
171971
232229
226065
167468
174334
175343
171591
162325
225808
216373
163615
165436
172229
212958
227485
176966
219247
202961
192972
166179
168875
216226
207494
164858
172176
167959
163740
210896
185422
221610
161359
174850
172289
167382
212480
224304
236446
173771
165703
218349
207902
169498
163236
206540
214250
211197
213894
164372
202106
174878
171388
173482
170401
173683
223365
217543
176330
168748
222239
175296
166541
217552
232692
158780
168290
163912
212464
174617
224815
209218
170479
216743
215602
167460
175108
196390
198952
176646
172602
172883
163320
220242
211407
215241
211026
166575
231607
154904
164805
204794
174201
227705
174330
225658
168789
157968
218407
216772
165228
161869
222605
161685
216721
211951
177263
172173
230333
214958
162673
167615
175112
232186
209755
231837
168513
166755
167938
179149
219198
219762
221391
168446
182363
203778
210762
167539
173496
227617
163717
177354
170053
217343
218125
185665
162192
211026
231142
213851
199692
197815
217643
208649
222440
177196
211809
167520
171856
221921
221517
244354
194246
173331
171034
196297
163197
234434
157956
224118
174644
221508
235170
169049
207989
213481
229214
222098
210649
171791
174669
213087
162060
171635
228228
216784
175333
166313
170776
222125
203273
171108
217443
228362
213817
171957
177952
163897
209935
168068
183289
219968
218007
171054
221866
205514
208858
166564
165615
166906
173508
219951
171811
209058
209439
165615
218984
172156
205108
165068
201774
174386
179439
170270
217997
227965
218171
212425
175317
212510
214110
193721
222795
172800
224082
216196
157620
211432
174582
194409
166113
177180
168462
222192
218467
227354
214798
200479
160833
168490
164911
179716
210423
209425
222219
165202
230176
161550
162882
160233
166740
209655
162802
227434
216873
221318
164758
166787
161687
201288
166110
167478
197305
205944
215210
207289
214676
176207
170845
216232
170569
216294
171834
205106
209893
179014
219040
210987
155846
168274
222315
159197
196257
202500
171217
162855
160572
153776
163567
223097
221886
168707
212607
198180
202184
155211
166743
166048
211712
174235
212551
223188
204182
170528
163610
197708
174931
233155
221975
173267
160978
225675
176314
166312
161918
203753
215786
200706
214980
222831
169856
226815
204951
158716
168037
173795
210119
225494
169038
168400
211199
220220
170297
171596
167587
202622
218463
173281
207489
170658
211018
166167
202202
203001
166904
224054
168899
222680
202202
224348
177404
169745
198367
222601
175276
166403
157121
238893
163048
219726
225639
153718
167551
170708
160507
175286
202607
168963
213705
212365
211108
168334
163225
172865
225760
201340
174063
226742
205826
162780
172022
155036
171552
231428
221945
216711
167512
168971
171964
227918
170460
200164
168690
197774
214618
162505
212402
166574
218771
160018
167404
173029
168781
166254
207009
213815
214386
222830
168947
175956
168998
223348
205121
163321
159564
237742
234021
171407
170262
157069
160406
225949
176375
214355
216079
166586
172544
167962
207433
229393
164704
168331
171277
164242
174323
220490
222439
172778
212576
171026
213758
220660
219523
215928
165559
169690
217421
211554
159034
167853
165653
167936
155187
219086
173551
233924
217678
206517
166974
221108
162747
169522
168937
171881
162800
216525
224246
206747
171706
175435
168218
176830
209019
228020
223354
171906
224059
210560
159692
221824
163882
166732
168178
170154
221594
167991
174825
222066
215549
161999
216146
169578
167893
169538
222408
204768
178961
198967
176496
164556
166474
209562
227239
209086
165904
178437
234337
171839
219644
229921
165061
223573
168459
231601
172077
224659
227283
163190
228504
165726
230601
157133
164293
206978
172771
228354
229345
214651
175810
215975
227148
205229
201697
205796
213173
171431
163298
174143
168078
217320
221948
168570
174986
158362
226511
236289
166110
156275
170924
163134
208181
159123
169182
212798
232981
167813
167035
229954
219880
162691
167433
182688
157967
209675
213779
208344
212881
174629
174557
212832
206660
227606
162469
196628
159011
167335
170586
214130
156272
230416
159921
162700
218068
206121
165245
169734
157294
156200
164086
211332
165856
209331
160947
172590
193086
202792
220816
225773
164065
175520
175615
221009
209789
241376
215731
155637
177696
229829
169852
177220
173322
207783
167000
202576
164417
166210
161321
206532
176035
175123
230065
216742
210813
160711
168374
162482
213149
163182
219699
222895
197454
166916
176542
161649
168572
228189
172659
159360
216485
212374
167247
156507
162876
169715
206823
223555
163158
213038
215421
165651
219025
161782
158628
218387
213911
225955
176465
167652
223578
192904
206866
169929
162891
226556
213703
159181
201482
217906
202135
168343
210797
210177
218419
165402
165174
217554
160371
162523
210632
221370
233559
162869
212827
169709
173577
165848
159001
170034
166614
215015
184420
161546
161667
224379
162833
172170
221074
223267
217956
170935
169475
171629
228100
166501
212219
169890
163410
216017
218782
154021
213842
225766
205891
169185
164775
202229
160443
157427
170371
218594
214723
214788
164448
213490
169112
213265
187973
168161
200612
204661
223526
159362
238169
161989
212802
210173
167974
164188
173731
209877
210270
176624
169988
165256
197051
164062
163905
155297
163402
168449
213706
202596
163412
220808
203958
162007
154371
171704
171202
202972
168416
207207
224387
162462
216812
212530
155119
159897
221984
229931
221098
152589
209561
169128
164973
216279
210785
169090
163672
214349
218285
234292
219738
218819
166796
210171
223160
219412
216007
172178
211999
164058
224972
171198
210858
220662
214843
213669
200490
179535
206415
229823
221024
221980
172697
173089
165270
171458
163984
168190
209971
168613
223118
212899
209502
163674
156348
168890
158190
212792
212835
210341
160304
158844
217231
221975
208343
169382
157961
175012
212515
157942
211229
159144
159675
164250
159566
210089
165369
170006
199651
155449
199960
203536
226737
207685
170335
217053
161303
220294
229024
172458
227458
171837
168650
171428
165288
214574
211649
206257
153670
201952
204595
158939
167006
221455
206008
171612
198377
173764
171398
178893
203277
210215
213915
161691
157829
168988
215914
220757
164079
226469
205924
170919
208873
161149
160587
213388
170009
201755
162737
207891
218095
163551
169457
175339
160955
160960
206898
166673
207398
167258
164891
212957
171988
170431
215134
208484
210059
159947
164646
160920
214592
204646
161034
210662
202766
202792
204285
165964
218890
165574
171310
167209
210728
164993
168233
219237
204802
165397
214187
164797
177621
164400
220659
226167
218113
221960
215618
216542
210112
161743
169365
167227
220603
217019
217464
154603
161704
164636
225591
222817
232820
205356
220079
159579
169312
214775
158128
167501
208307
169789
159817
154887
202452
212633
219248
218621
206339
152157
219990
232336
161816
156568
161106
165015
207689
203670
164618
163181
162331
217659
214254
211323
163657
155106
158825
210462
217954
162028
159301
170591
160097
177079
202639
162190
210890
214167
171358
196315
212759
162166
203757
209783
162906
165972
209643
168995
211910
162765
164323
214929
167604
218346
195756
210128
228315
170876
168079
162126
207236
162124
213317
211710
164986
164116
167511
202479
165881
218353
159510
161622
163404
235540
221168
230597
155268
152312
217219
156855
166599
163703
163755
214524
172557
171064
224220
208178
154796
175819
160887
165172
202962
217619
203058
160353
216734
195492
211933
167690
161317
216220
167400
158559
168642
155000
205989
171511
172301
172502
165418
165601
216412
157323
212416
215200
206771
191601
179357
165921
212553
166192
201238
214417
164728
165040
165283
161941
173843
203595
163078
165812
228336
226176
226268
214586
233323
220154
167809
162745
163665
163572
228367
162942
155368
196160
224967
160024
158101
166102
204573
186424
172515
213360
225460
216148
218941
162520
170406
154353
164654
160085
202879
195828
211581
211000
229362
175247
206919
167226
169638
221298
161315
175971
213859
156507
162684
156029
147297
220725
212461
209592
228027
163176
217263
165103
230194
162403
168941
153634
232363
158677
216852
180996
170688
219182
223866
163764
161784
218130
161123
154883
168507
193973
164648
157415
213757
209209
221315
220660
169585
169260
158098
153436
161171
177945
169255
215130
162977
152720
162853
162318
213796
219213
205501
179724
219983
173536
162267
193190
219284
199169
212013
226941
172250
169881
161762
219286
161760
166222
215994
212681
149242
171250
229676
224508
162119
162087
166046
166949
176040
156438
155307
212585
211005
159254
164750
164738
169452
163394
163699
205496
159464
221739
166672
210319
217813
211151
216957
207691
166649
159627
219851
226456
214195
161874
173331
215761
226419
210327
168437
206347
164489
217130
164045
154983
217997
210013
221569
160821
167081
209824
165949
150480
167500
215451
218348
169298
166327
200742
159387
216117
165208
161492
213997
161458
163007
211448
169803
218876
167218
215964
222258
170920
164602
214586
165309
162556
168384
166538
165124
161300
165148
206675
203787
219363
213220
222745
210691
165954
168999
160377
216327
216798
164614
162487
162605
165745
168086
162994
207099
168460
206524
223210
156106
168761
161655
214622
155024
170738
170037
169478
165351
225139
215911
210217
169563
154901
157484
165461
222153
159458
162660
160508
204600
233160
162621
164795
168629
200912
197525
163416
163790
168538
165295
156830
201900
159751
207768
211896
165009
216969
230479
164073
162382
209631
160644
160691
169966
223371
216319
160612
162553
154584
159715
163472
159858
204584
200586
213324
211576
163682
164331
160889
170263
200059
210224
200272
223016
210642
220037
161368
167586
164744
221696
158223
160981
153489
215961
164248
208419
165822
165462
199810
165081
176787
169114
209944
223827
169453
161833
214944
215527
168391
160926
159271
164034
157620
167120
202729
198958
208781
210365
156716
201850
159350
226263
155784
167750
162595
194265
206518
194132
221753
203715
217271
208922
168186
179339
160106
167595
162858
167576
197073
156890
198740
168618
159167
170995
157722
209664
214655
167795
165965
167637
209256
156536
204202
155420
158960
157816
219809
219509
163959
213817
165418
202676
162108
166913
164799
167888
163995
150234
206593
212295
193954
169827
202030
158369
166221
210989
195702
216902
172158
217660
222237
206674
161179
160934
160173
166843
201813
166558
226084
209817
166344
164405
220448
162920
161507
153812
207518
197945
204250
200800
209004
163229
164570
162805
206665
219843
168055
162251
169118
201391
164016
161505
162522
221926
160368
156463
164318
217955
212327
164361
223351
159798
198891
205916
166972
163710
161021
208809
164100
165042
199544
161047
196562
159736
220125
212225
164779
219288
165765
212780
216391
165137
166791
223116
165131
161403
160556
218651
214848
155863
169193
160151
164814
157761
217529
215654
163297
161310
164545
222288
165140
215521
212295
210108
204635
151436
171701
163125
201117
214246
212476
165326
160958
206947
205869
208881
162912
158164
157768
172932
202561
209217
170269
225048
226981
172951
160600
214756
152158
149398
158434
154595
157862
201131
216868
217000
226253
165869
167617
167837
171544
160964
161071
167811
213704
198674
164314
213975
211301
212176
180458
213954
169316
168954
167039
159056
225303
211593
152723
221950
211196
213014
164785
207160
161773
221799
219950
165853
159218
206759
208418
167982
159939
162399
167774
158427
212668
221078
216257
224412
205073
166455
154123
169014
168824
211567
220833
163635
158119
165379
208286
199389
210064
210618
170236
167470
164666
163360
212593
171160
165559
211311
157775
163725
206693
210541
172157
165070
222317
209148
160428
168275
155613
218029
160362
167162
215412
211346
211846
156250
159446
214868
163744
170670
217086
156918
167533
202995
173503
171312
207624
202400
206112
207513
162500
163562
169551
167425
169712
169471
169776
210070
220403
164515
203340
220798
168533
159555
163467
228346
203653
165974
167563
165051
192356
215486
163035
166473
163294
163731
165926
217296
164274
218908
206573
223295
162482
178758
214848
207476
153348
154407
160949
219380
165748
162913
210702
201603
157197
157154
151904
164794
166020
166255
220074
203597
202276
167523
159157
158446
199892
158648
206630
215726
153679
219598
216690
216125
214355
174257
168761
160444
169230
200132
211599
160040
154471
159241
220974
153446
163010
157700
226121
196118
199871
162161
153717
165599
163565
164156
159459
212556
161833
165224
164194
161135
163616
211738
197919
219140
212001
169754
206801
162531
149975
160395
156976
168002
211421
213500
154776
161679
154332
161609
200790
164826
204093
166357
158699
165046
163472
218963
166575
221259
160237
164491
164061
209416
166168
163686
218044
157762
163760
163174
164236
166734
211091
151772
208486
205751
163210
217843
161796
166317
156212
215221
157267
157455
164887
164648
209047
161804
162927
213439
167812
185746
209404
163448
171309
167542
231300
218551
213715
158916
198373
160895
163868
164786
161108
160383
154000
224306
211181
212054
162772
156741
161982
206812
206468
206548
160673
157497
163863
174562
163678
217945
161519
223137
162075
205992
165682
157041
162522
157408
210809
162626
215391
158933
161077
167503
160743
206325
218421
202863
156835
165860
167684
201197
163161
159202
224342
215166
222932
153598
168931
165711
203470
211320
221344
214849
170378
209149
157549
223938
209346
160618
153458
171199
166013
218207
199446
154701
162365
166640
164907
208092
168461
201214
213562
200330
162526
168439
206824
210035
190762
210992
170100
163564
207507
203229
167957
155960
172061
164479
224739
206253
217134
166084
163889
207150
212949
155547
163734
161409
161858
165945
223962
176318
211025
166920
164201
166784
215659
215987
168446
164998
206702
165365
207280
161059
208575
199339
209043
167451
167154
214400
203540
164758
212020
163535
171030
211931
160172
221291
218981
155555
156676
161495
160905
160598
165660
191240
214526
210373
210176
219346
161916
169710
168297
213231
161561
164092
163876
228765
205826
170666
201584
153858
213942
165372
209997
168692
162071
168399
183442
153243
209770
160335
157754
163462
163730
164617
161411
213906
207508
205527
158827
208345
160718
163562
218782
204920
210855
207491
163316
162624
218500
155569
164093
212276
202167
155858
161471
213899
206048
206904
160668
164302
160785
157818
205226
154217
208136
156624
165098
167600
160714
212961
220429
203758
157863
157867
161140
205123
165386
164245
164521
201149
159953
162250
167934
202739
224102
152208
153568
162279
218513
166392
165079
200835
213087
158846
158760
164928
209957
212846
162748
163455
164554
162805
160057
215176
164409
157432
166326
162731
159057
159216
219258
158181
161993
155248
196639
212073
216870
155703
159300
162024
161050
214659
207030
163915
164271
171284
217352
164629
213041
200548
202810
200728
224065
160691
168794
163196
211043
219431
162819
193519
161004
217142
166189
213245
216705
207446
157120
159549
220779
218414
154499
209154
156925
224994
157111
162071
210330
212646
217311
221057
167041
216526
161623
163964
157437
159780
208224
163641
212529
213819
211860
166988
207865
159752
208951
206243
154205
165394
160239
162966
206759
213710
163088
207947
155643
168903
204703
162509
165148
162170
157116
166647
222026
208730
168210
165602
164641
153888
163510
160239
164434
216773
216986
164486
168182
166279
161698
202279
201228
155765
155670
155911
210938
166561
222932
225009
162641
167411
222268
164801
204155
173741
165718
209886
207681
204752
206105
156001
165013
164633
157252
209595
160943
158297
202246
206775
164820
158004
197966
164796
162119
157636
163581
201214
160781
165060
203020
163272
206291
221797
188714
153365
157294
158318
163422
210039
205783
159340
158773
153779
212906
209567
166257
161590
163893
160713
160980
163848
226388
225644
155984
214213
161628
165023
162250
159770
164270
160230
210637
202568
158957
215076
154818
154126
211562
152032
157551
217972
214690
161591
220727
164133
155791
154228
213065
162812
217548
167789
155908
160073
212280
211525
213383
157279
159784
164107
173264
164681
161653
161734
164933
212810
156596
160891
163596
213159
164447
156327
215428
201882
205908
161286
164678
155672
158406
154361
208729
155375
156519
157316
207800
206878
152806
156472
165798
158573
165332
162052
211178
161558
162957
168954
157526
161042
154391
158288
162510
154303
159511
153575
157730
155283
216109
226015
171878
158616
156823
205023
220134
159895
163669
156387
168414
217735
207613
164900
164882
205727
204680
163675
168263
222570
160170
158673
162787
158423
154629
222735
161373
164070
223080
163301
150809
169482
206543
161132
166941
207242
200814
152226
169523
209088
209129
165285
151074
217505
221509
194085
159158
162832
160872
157405
154224
171473
213638
162856
211156
162514
161890
156234
218046
158296
154177
164748
209058
166082
162652
217311
202077
160746
154234
166195
157335
165155
160768
213553
164655
163881
205841
209775
159541
153152
156356
166333
186794
212058
229156
164417
213611
158121
170294
162788
162076
219235
163616
162019
166180
162825
162777
209579
216584
166842
153850
162335
156712
164878
154302
207836
151957
166007
164655
170156
169933
163972
164748
201814
162793
213425
200581
206869
164856
152329
163729
152913
156918
213514
161029
160269
225356
208535
160130
226827
206591
162048
161139
162226
219854
222537
157868
152697
155495
166644
203162
213740
162359
156974
155243
208673
158586
151084
156121
166995
162054
160401
159463
166546
166407
166084
162043
214991
211474
165955
155649
160469
161602
160159
164151
168203
218712
204213
162699
163984
217883
215489
188544
210186
212656
160013
198264
159410
164108
165125
168171
162517
162217
158913
153676
159625
153719
163693
171280
214025
161832
168486
203903
158856
209739
214799
153186
168007
164802
215296
159315
223644
206307
214157
156645
215107
163356
169340
163602
161952
160859
154448
160345
163383
164340
166219
195027
209903
158147
153247
153559
154621
208720
210441
221236
160907
173041
165489
163818
161562
215264
167481
160656
154903
211069
215146
151568
161806
167712
156630
210505
159209
161685
209535
213316
163979
153580
166746
210541
211385
157206
151298
209240
165097
208500
162966
162225
163751
217270
161006
165908
161426
204617
160100
213204
160518
213692
158538
216021
155786
214218
168976
217985
154328
162393
165075
159759
163637
166417
162431
210148
164730
217168
166193
154233
207937
161455
156170
207309
163140
164331
159192
212017
207184
165108
155855
164873
160500
161731
219789
161347
209622
214356
160300
175233
167025
156201
199833
155185
151834
162761
191159
166077
217518
167221
155371
166107
217296
222684
209129
210238
166046
154599
160490
204848
164450
165397
162337
163071
167656
214173
202028
159578
153910
197540
216399
182038
218999
161844
165584
167208
162448
153648
162440
164139
162216
164099
166655
163615
157532
209265
205883
157200
155732
164410
162296
157064
165742
208707
163333
213910
167195
217869
205556
159602
225012
161683
164972
165758
170623
159921
211530
200042
157200
155796
161570
166771
156988
164624
163597
211157
214526
167104
162866
167029
162697
160295
219576
156288
201027
154596
153453
157091
152859
211535
196866
165883
165123
155923
164464
169470
164817
162961
165667
154849
199215
158215
157568
208058
216647
163305
163106
215031
163855
162941
165635
205113
165383
164887
167137
219066
205038
154999
158448
221860
214098
159465
156617
218104
163894
153797
161442
161809
162099
166048
154538
152294
153622
216515
157147
160394
153692
154538
156106
200316
158852
155967
161178
163730
203698
154408
205048
152219
161174
213194
154862
160265
219853
203953
158786
213704
165834
210238
154214
155714
162052
154554
205653
165591
164147
214316
158537
170253
221977
168502
166594
161880
164282
162462
165477
168707
209861
208232
210025
166264
170498
167467
165919
157848
159315
153267
207479
155630
165191
161113
161339
210723
216058
162241
163993
160348
223618
209921
213367
201132
206617
211751
214815
214343
163004
162575
164938
159802
162123
210606
165578
202975
162338
159360
158689
162454
214043
162911
168277
163989
159377
166747
163668
163628
212560
207135
167553
156483
155122
166533
201828
166382
211431
207147
153397
159604
165071
223162
155134
162111
154366
154916
160685
163414
162405
161704
167220
163818
165113
163340
208359
218876
163529
204414
159184
206421
217686
157367
214130
152907
169198
157768
161628
166520
163901
225508
208052
153750
154291
164824
154491
157721
210719
163422
157541
163409
213986
224049
210898
158404
168746
161579
217169
161781
160631
161335
164741
211793
165556
215431
156327
204991
153909
215536
157346
158356
158346
153560
154764
178839
155853
167234
159820
158734
181340
166005
163658
163154
166512
167199
164829
159244
165425
165773
216348
202023
160872
200293
161626
166596
163934
162461
160503
164488
163111
209578
218728
164311
171218
222047
166531
168888
166745
216640
184525
156774
161349
160765
208627
171311
165925
163324
163688
221060
213912
205477
166756
179195
216261
153501
162443
171545
162641
165380
160868
166437
208236
164320
162856
213091
214584
163871
212385
165521
161054
220972
205687
156122
155262
156985
153981
155911
167460
161588
162552
213064
162981
160234
162217
165917
165987
161585
209152
209606
212311
163948
159321
166941
166810
161157
163613
165473
196767
166087
161321
162875
207188
163868
163496
161649
222107
208733
162256
214784
217917
165511
158748
163583
164711
165633
163774
165011
167037
213599
160277
165844
166418
165121
162248
161493
163241
164316
217552
217739
212571
161906
157598
158765
166879
210014
162475
154490
171287
211705
226372
160283
166021
203484
169543
197247
161148
211156
226722
189993
215894
163757
164908
163460
161719
207665
209932
163217
205549
161292
164568
165015
159861
224486
215258
164508
213817
164193
163891
159301
160291
160704
213535
205700
218415
212456
210290
219139
161713
163248
168189
162564
164955
161462
165319
163375
156028
161278
165606
157302
214226
209629
213642
179047
168904
209131
164546
204637
164044
165947
162041
167259
208456
222562
218129
222795
161527
162547
164351
169314
161031
168448
209862
165912
160211
161676
220535
161105
160015
202938
166222
166081
160287
204496
186858
165260
207057
156719
160397
164246
164011
166840
168595
160009
213892
161481
210227
164622
164373
162565
165104
159115
165844
155644
170236
217424
216760
165029
159894
169584
162900
164920
164476
162782
161119
165597
158981
168630
209792
165092
161303
163530
164132
153143
166829
220112
210304
164548
168294
160451
163276
168276
175646
208953
201226
161362
166863
163600
163915
158259
158785
203963
154447
203477
163234
214422
170273
165242
168023
167512
212692
159207
161281
217941
165349
218093
208585
210841
154289
163436
164409
165128
161710
212984
162599
167151
160920
165270
162054
213254
214552
164469
164348
160506
155360
159103
185723
157555
164233
164443
160083
211574
158154
166048
161123
154393
158660
162168
199807
216949
209376
219160
223384
212255
159559
160983
160449
162922
177352
165730
164656
163952
163798
164230
219367
160607
224159
167177
167699
206535
161558
163733
158578
214347
165155
163058
164448
165491
216974
213314
161093
165214
165237
217098
217032
162826
164354
162867
168072
164224
166848
213958
216423
156739
215299
161737
203478
204831
163053
164581
160918
211031
164130
157975
165160
216835
168390
201497
168602
164724
209395
201584
165486
202330
213956
167159
169165
166771
163457
163878
164972
159197
161637
162724
165183
166901
160200
165375
165789
200672
166343
159989
163394
156630
165910
164320
204950
163191
164226
158483
209440
162034
162632
164683
159667
162606
163838
212755
162751
165684
155756
206979
206588
157245
160654
157611
200639
164995
183729
163312
162276
154527
202293
195727
158567
164862
209388
165008
164975
164899
164582
221480
227717
169893
163425
166550
209129
170110
163996
167692
165904
163771
208343
164848
217695
214230
162427
163112
164830
165530
159950
162963
161868
162754
164983
164607
214639
164357
224274
165261
216543
163125
160708
163446
164144
217778
161517
223980
164678
163146
162918
156680
165795
169150
155313
208506
215699
161845
217191
166198
162953
160643
161586
154363
215713
168762
157134
211241
161697
207194
163855
161265
209473
159936
155442
204884
154576
157995
160957
208446
204128
165310
207138
203181
158428
166912
163456
157081
167676
210755
208101
164700
212594
163526
164074
162975
160619
169070
163545
161196
226472
199700
165116
195607
171912
211847
155147
160933
158632
164278
204435
203864
166277
161988
169116
164542
220900
155257
160330
157845
165565
214966
214257
208356
162744
197725
164380
154614
167205
209544
163487
164227
164423
168100
214867
161493
158232
164601
168110
165955
219568
212115
161212
209116
219246
159946
208627
162807
162685
163062
165937
164172
171581
196288
223166
163355
168457
161800
155576
159520
204776
210783
215763
166918
164322
164282
163786
218580
165031
218122
218048
206166
163051
164802
162980
215050
164640
219309
221258
215837
221304
163079
171152
166527
166373
189323
158805
218343
166477
168160
160720
162479
163524
163202
167810
171097
177809
202980
167705
206649
208653
161837
166585
162196
164155
161949
163716
216060
162226
163608
214469
222720
224478
165960
213151
155007
159516
164451
161732
165119
160268
164089
204262
160094
195658
158786
205778
164597
161233
213264
214604
154922
165190
168067
167632
162949
166737
162187
162989
163876
161570
165737
161559
167343
157754
164957
201502
210652
217519
162767
162999
212039
163517
161768
162624
164816
163099
167244
166071
206534
165504
165333
162934
160749
156508
207239
210137
162105
205428
212201
165923
207494
164739
164631
163082
163479
156248
168543
227964
165545
204792
155822
163222
162302
164150
166834
211702
161130
159857
216090
166075
220999
166545
157505
160751
225751
211015
165178
160172
216983
168209
202525
210945
158597
158967
192848
212660
155551
164742
167768
166171
165762
157293
159849
211745
173349
209766
213252
207461
162651
217348
158846
162639
203186
171757
156360
157766
204616
165895
206647
162784
165229
163452
165600
156866
207621
158299
168183
165140
167248
192854
212174
162436
164429
162402
161552
210728
168022
216904
220291
215598
166878
163841
167883
166162
215061
206013
177807
153778
159946
156669
165986
157519
169188
157170
166516
155229
163406
192655
168775
155862
163602
162796
215808
208789
160517
163846
165858
157813
156423
165466
161625
168380
161355
156524
163125
168454
165483
216937
166265
218446
213056
165076
161781
164079
160861
161062
218748
211376
168550
163246
216308
223437
161759
154826
159288
160249
220566
161753
157309
167380
165424
158489
167359
168711
209184
163770
161716
207137
198171
215334
206020
216288
219754
162433
157628
154676
161130
166796
220716
163868
163776
159738
161830
163625
185589
200918
160497
164629
159826
170586
212824
167865
209344
162052
208746
160944
159435
216822
161816
167345
199439
152330
157894
161660
162798
163514
214514
164552
162570
160787
156659
206955
162554
165307
216695
183601
220326
163886
167014
159317
163939
162792
169633
155861
158394
161507
159448
164629
218770
160898
206776
212828
218323
207287
162466
164128
226862
163283
159298
219449
208388
209415
165411
165705
217640
221273
165189
167028
165392
156516
202291
206328
205477
157670
162847
166398
161895
156750
165011
210933
208723
165605
165781
160147
211799
214426
162136
165788
155690
161225
167295
164938
163116
163395
169952
160598
220631
167836
162119
157305
155516
161475
166692
173770
161398
219909
162405
156459
159868
159469
163599
206848
162633
218059
160924
213714
169460
163645
161612
157706
158803
160217
163459
164199
212116
168328
191068
164475
222283
166973
163681
198685
165915
171542
221962
213639
210431
161757
172898
211057
216798
157430
162479
163097
211493
216706
220210
216586
160316
164303
157034
164441
165522
161923
210971
212271
164580
169722
168316
167740
162501
178185
214401
162585
218113
226132
164433
165060
159700
163812
162060
163993
161908
163946
165626
208453
165919
210933
204998
