215291
217496
224391
222402
209613
232897
220494
215582
212443
218674
220706
224221
214626
241039
211177
216549
212322
211559
203913
224100
226077
214236
201059
208776
212920
238572
224144
206975
217695
242370
221428
218075
221345
225335
238592
217208
227820
215333
219218
222102
225688
216476
223670
214353
203669
220479
227899
226985
215022
215732
226186
228276
217656
246782
232163
212666
213463
232666
222543
217040
216799
214242
236770
229139
235685
230908
219730
209254
222730
225892
215234
229467
220263
221408
234631
231917
223633
230065
214085
213940
214163
243389
235123
218605
215378
231290
209789
216753
222947
220868
235255
233528
224074
220271
203543
227137
208212
221790
211718
229239
223406
220031
223236
222775
217126
229755
207527
216179
225552
207015
236490
215972
218049
220600
212571
206333
233718
220767
213383
228002
231584
244117
201531
205288
212032
217492
217891
208318
215623
214151
234938
234185
225803
213202
209192
216293
224564
201969
217057
223919
211949
217595
219330
222886
220002
231130
230253
219265
216203
215138
224335
210882
224406
245574
215058
223700
214983
223721
219218
232336
213395
219189
208238
218921
220184
211422
239564
219120
206920
217414
226147
213614
226387
201329
220605
232699
247877
227691
237836
210402
214322
236745
204978
222665
221132
216507
215848
214100
207104
236433
223182
213052
214895
212146
225566
235065
226301
216587
212028
218189
207309
219805
214643
214836
229239
209862
228996
224662
228508
237599
222729
219168
215738
227949
218703
231337
229594
238420
214925
237437
212261
231673
221840
213132
217096
222662
228534
205260
212558
231101
220089
228338
218834
216368
225530
233626
235765
215157
250999
219132
220926
214238
206630
211978
234650
211001
213463
225744
231227
224179
223235
219291
205233
218480
218810
223999
221926
192286
234937
214672
211996
225843
208961
206185
210757
218350
240300
241106
211355
215268
225971
216810
238572
212980
217269
204719
216132
227110
224686
220429
268995
256381
244017
217128
205537
224665
209361
215989
221246
243586
239788
200400
223721
232449
205088
263038
223344
225968
204465
200240
222459
211853
230519
221920
235982
247247
241887
229699
218220
218667
233163
219754
214559
212963
234965
225545
214681
228299
254369
213487
237835
255591
228197
208454
214702
227105
223562
220358
231420
225498
233884
209001
222418
205991
224142
220442
217030
224088
230897
227372
207537
215418
208458
207678
220556
227768
208579
225022
217592
207473
215163
214958
214142
199213
214905
223655
221715
211645
215081
219949
213167
224048
203114
220759
207896
215119
213038
213212
221817
254619
210452
216390
211847
236581
223172
207151
204065
206991
213511
214804
234299
207013
213351
238628
210891
208542
250497
214822
221365
202117
201866
248064
223109
245837
225883
238519
217677
227174
214819
225006
214358
221638
209976
223689
226468
224315
224177
202171
218922
258628
224116
201082
219258
208031
215425
270443
212501
222720
220933
227029
214623
261863
219387
250193
203330
213667
210836
214433
215481
221722
220107
246509
228780
220508
258093
209257
263075
216316
215697
208871
214959
220153
266279
256254
235236
225825
195540
210078
201798
209928
217613
227482
257579
254936
231430
215017
213573
215807
262130
201155
228928
229567
211964
216187
218558
249664
215614
213396
221353
215072
203364
216556
241668
251664
210632
224990
230040
264096
217496
223422
203980
220309
219778
215942
216579
232958
223846
212983
221966
211722
230187
224974
218084
238536
248764
207656
220766
213167
210831
261294
244784
250077
217495
211041
218051
206530
209191
223832
257660
216997
211038
221734
198822
210729
225366
212156
216287
209462
236618
212394
221027
219319
217040
205827
230874
219108
226220
220062
203940
213983
216890
218641
228786
203279
216933
219918
208146
211835
228273
218228
210814
217210
215971
208990
207770
213757
219934
221373
217203
202633
207299
214212
218070
211238
206351
215361
222890
209643
254763
214486
236013
253379
224939
209420
216747
221851
199403
218992
214968
216542
214883
233370
226905
213699
205107
214133
199075
206060
210610
233976
218382
227963
209161
221130
229553
234671
215783
217521
253535
257862
239655
217250
220774
213451
236600
207481
207785
207820
210603
259123
230558
235483
206490
208938
235163
219521
212070
220052
206808
207492
216748
197731
208323
250814
221254
230644
222537
218887
255901
218627
226588
227036
228987
230350
221778
219798
207853
214803
244132
227534
223340
220335
206651
220540
213182
261564
269046
233956
203160
202753
218295
207916
210013
214408
215263
212638
206145
206662
244213
259666
243119
218001
233616
217980
204790
239120
216881
206399
207606
236867
237670
217259
214199
198524
224955
224422
256079
202707
206581
237383
223051
211870
218023
227509
224913
213276
216760
207348
254493
219064
221783
224630
216196
228941
218067
227963
225569
227091
197595
210133
231602
208192
216993
209171
211075
208110
222755
203576
205286
213527
241961
268802
213113
200498
224890
221315
250134
221022
201494
216668
211517
222635
213630
243368
211636
215845
223811
204012
209518
212972
210859
273016
206186
259343
210109
221530
207438
217975
220804
226814
210175
231846
222252
219364
224332
211590
205881
212352
210894
216159
212757
213456
209536
244139
209419
206247
221123
222770
209050
209013
224804
207117
252474
243277
209690
208662
221332
218745
241390
227243
208026
223793
216210
209287
203085
213459
205803
217949
216284
192711
230989
229166
205056
204448
191852
207551
213088
266946
254210
242620
212395
259527
211246
204412
265748
208671
214848
216489
203928
246472
255915
217318
263897
223015
214689
212743
213596
218549
229109
258761
260403
226216
201142
210288
241101
206057
219100
216475
258994
252062
222685
217028
226890
200117
219011
203146
263550
211750
207869
214135
230943
245035
224705
210748
209421
208826
229112
224101
206836
232733
224660
208411
259959
197979
205957
212709
220561
216400
208434
274932
241412
227563
211049
206416
215922
211933
223746
209795
212430
209061
243990
227682
230101
222869
202831
225227
214866
235219
215791
206660
208244
259897
251279
210107
207797
207341
192358
198278
213658
210323
211061
211818
231524
251442
223052
214854
246948
198797
216543
199737
219579
203304
217184
205222
212491
205371
214969
206483
210650
205238
209507
216133
214779
205216
250527
264319
206913
206733
218223
263411
206639
221552
209898
209049
202535
212188
228034
212872
256028
223745
259909
215002
234742
250842
247414
210981
218775
190965
205480
232946
200947
219489
215516
215835
220273
274896
213005
221454
218289
212195
259923
257499
220236
206203
212631
204978
210397
212093
213880
199468
219921
267530
271293
257448
207851
221002
246912
210251
232575
215429
213385
218635
210005
219565
207484
220377
202707
209697
210447
212628
216432
213989
199513
224333
225135
217049
207722
217605
206611
201441
209026
270750
219638
224743
207231
212456
250595
259201
274411
209799
201436
198225
254311
218579
207262
217179
235335
207096
254986
262456
210880
199938
212344
208569
247981
280434
258307
247189
212929
222814
196122
213936
205008
210570
211174
215449
210986
207012
205576
203601
219442
199351
212304
225350
213776
216146
232212
218051
218508
210454
205686
209080
223358
205362
221420
212632
208891
211666
216620
211848
216478
221673
207648
215250
206144
202770
216386
205632
208891
216369
204777
209902
195494
191474
217613
222816
259987
215282
206334
215536
210364
267008
270068
212710
231367
212439
223868
212916
199591
219228
211185
208314
223313
208877
220421
216420
215662
216812
215934
212506
215751
209974
205628
202199
209847
250421
206864
210861
206515
243653
262640
253960
219595
201951
230107
211575
211495
206563
212291
229426
251838
268274
206597
212379
206683
208684
220057
209299
229087
215828
206257
225199
208459
268684
212856
217807
218452
224930
213853
224278
203660
217659
209792
207752
217112
210105
222071
200323
197125
207611
240970
219890
208126
221557
209326
199673
249076
199264
205744
197730
256998
224934
211327
220024
199875
255240
255506
199997
203743
197595
207654
208665
208201
215733
227485
244008
220680
203241
202470
207615
272413
216461
217211
206622
212265
261448
197963
207553
217612
214740
207670
211091
214817
267306
265504
205239
247693
251130
214558
254252
275545
195546
201799
265674
265910
209064
205851
208524
210045
196362
221358
212155
212882
202570
272019
255836
223233
208561
202573
206775
211188
230372
216928
218681
225152
210889
208754
215064
213787
235196
205418
215029
208218
209417
221592
210970
221670
207980
221452
194928
209283
206404
203194
205517
185881
209465
223064
195461
216301
207357
217023
207706
247642
196251
239926
218467
208494
212223
205403
209754
233880
197392
207601
213672
246983
242668
256225
200078
207462
209930
200289
206165
193131
221484
197584
208252
222821
217541
215505
242127
199322
227845
208245
216864
211948
207532
210568
208203
205864
210938
211014
247197
260463
204195
211787
212795
213384
208769
203698
207404
210897
215461
218744
214953
236950
217174
205399
216333
195744
262198
254632
201295
225948
222655
217185
201290
235457
218441
222465
207593
213121
228287
225407
217479
231915
199275
268226
248809
199083
215500
205430
207657
214869
213581
219374
206262
206919
213350
204155
257660
269055
218291
206666
225811
215911
219360
205769
258166
251340
200809
210365
247117
209070
209578
204083
225080
209371
215992
210988
207389
203628
242798
223832
199511
223366
257475
209417
198900
215458
211219
215543
221345
203903
192636
209056
216020
214611
210750
227050
206194
248607
208735
204580
205790
201898
255404
254184
239582
253231
221933
215946
200721
263881
211445
202500
208805
209980
220718
210688
258684
262090
248274
196904
257015
235519
211350
225401
206617
200095
206940
213522
202487
204600
261089
262590
230244
217904
211058
208681
272641
214291
230611
197971
202688
221546
207429
203900
201782
265020
255153
212119
201704
208194
246062
198081
201341
201589
223128
200363
199193
213565
225568
218738
265614
214869
215339
215848
245479
246094
203982
213462
198835
199689
218052
242761
261484
257830
214719
208188
269621
279597
262393
207755
230877
214228
209757
234237
211081
202852
204177
213552
209381
271043
212268
236834
208944
206188
206831
197881
210119
212437
207086
227410
210031
248976
262828
240130
224511
245377
209310
264880
252621
201124
227746
206067
209580
208527
195036
264591
271763
203180
190762
223482
211126
213140
214075
198468
198887
207240
230484
206227
203615
210494
217921
212813
207438
196161
252337
197978
213964
197274
201285
213039
211070
193373
208873
206587
207708
250798
223591
207078
214198
195396
203336
247649
266792
215925
231235
272434
229134
198336
255769
216335
215751
210410
209154
269837
265372
196603
224557
204933
194268
195552
220258
216107
203891
246052
219303
210249
249901
262749
273108
210672
207978
216437
194254
222207
201615
196105
266682
237933
202931
211677
194383
244749
195152
197778
202983
199362
245226
263000
207090
211811
204866
194287
213056
216503
271330
260806
207379
196283
206633
208985
259559
267742
202185
225570
198387
211826
230922
211791
211587
200794
217336
254330
206146
195504
217096
269681
221883
203111
208136
215783
252464
234672
212848
273651
218583
216382
199524
274777
247078
245927
198096
206027
201820
189736
214966
196169
202633
199471
250947
217134
202903
202094
209716
272137
207369
223946
201723
195427
193174
196221
215507
207997
256623
266954
187062
202083
201708
204793
214691
214323
209868
202145
219583
210068
212436
211092
207457
254749
196276
244370
256360
205441
221381
210142
211938
211452
231610
242608
223153
270231
194789
198213
199155
202403
256727
241732
215206
192052
219350
218791
240904
208486
192818
205665
204944
245427
220261
201801
191460
227266
216206
191588
211911
201331
205208
263856
219192
201552
209362
208044
236861
247691
273696
198521
241976
202411
213657
210578
205143
231750
233759
269945
216685
199726
215201
212929
218802
246963
196668
210159
214339
273985
214023
211679
208275
206871
223158
225753
206411
220887
202470
224626
200284
208573
211292
200227
204483
194810
207378
225817
195858
250112
251975
195826
221391
198755
210698
201396
209144
205984
199626
206989
195889
242070
219372
211512
199354
240230
220816
203143
221865
250903
223630
260611
193675
198626
195650
222678
214353
205746
255335
199177
205793
195116
219288
196927
189760
200671
208175
200405
201538
223526
253332
251425
198923
201568
259792
222709
199276
205969
263721
205755
195543
241312
206572
257837
250963
242578
195298
266663
210445
208768
208048
192763
196303
241658
256235
254330
215986
205053
220896
207289
211220
196307
198784
208160
196336
205507
229593
208208
204024
252452
207213
188628
202245
259633
229713
221589
197217
203041
201886
230508
196198
224389
240542
211787
210448
230700
215283
250644
277321
251971
244127
204010
211457
189490
242131
213754
259431
253029
204236
212691
202281
197441
208384
208284
259117
259000
258873
219450
207804
244146
273911
245020
216693
190679
195924
262435
242223
206763
207271
204846
208792
208608
198432
209098
201327
189247
203500
196582
202418
241635
224410
268561
262990
250778
202391
221979
205451
210081
198537
205923
211695
206402
207282
205053
200870
249463
246554
261003
205988
204942
209747
209808
242962
214752
236049
196000
199655
196421
208044
207123
256772
196208
209344
202233
212410
202515
248482
256779
258763
195719
202668
214689
184752
198791
221231
197776
253047
201487
203228
215840
215213
205589
188035
215181
200979
206289
208100
236244
205514
218571
195728
213108
202155
205205
191357
242558
230736
196475
208649
198666
203604
207239
193681
187069
218323
200978
213293
253029
199478
200840
195287
213590
242032
185619
199833
241975
279066
252611
209457
202793
188883
215149
212257
202174
195544
200433
193064
215340
243089
252030
270619
250828
199692
205160
205589
212344
230349
217704
203416
203706
201602
197056
240133
263407
232573
236744
223513
193171
202067
198235
256249
250204
203189
202305
187272
242344
222821
204222
263979
201186
195570
241685
263626
195064
200442
203344
198195
211363
204577
207110
210156
193347
219056
204774
193809
201850
217390
213214
237824
269008
215541
201869
209970
199832
196380
219861
198415
219687
241533
241775
208504
211416
194675
201134
212943
198191
234468
211702
193237
208109
197011
221143
234782
228709
186294
195401
253478
246967
208068
223551
210640
197928
200777
208429
210077
238457
208780
239193
250607
211746
202174
210239
198138
201463
187710
188999
228589
239359
238192
185687
202012
210827
206800
206254
184186
214559
197414
203527
199925
202569
230244
222186
188665
199140
197103
211653
205821
199547
198162
201339
203384
210938
216770
233618
240608
191678
188318
230277
204706
212915
217224
191657
241769
200882
196517
204297
204142
206784
191699
248877
253227
197465
193527
260523
229783
249369
205239
209879
209865
205609
196688
206955
190442
209058
251727
200352
244725
216847
211431
196585
213080
207395
209912
201193
196132
204732
220133
203033
234142
211899
234555
199365
215555
198395
207083
191365
185914
199491
199347
214385
195559
211341
251198
219023
208178
200959
199949
203507
192251
198573
205989
219646
257540
209482
190983
205551
216723
224816
214750
203171
185977
203422
205594
198645
243597
257729
207824
197449
214148
180350
206949
213927
208398
200308
195271
217701
205547
192677
191330
193190
211949
268812
265627
208316
199805
220093
216644
203810
186135
255743
256057
246907
191450
205462
214624
201849
206800
199935
193993
191088
198591
198974
214213
192185
186867
218588
198823
208458
200206
191538
211038
246843
217942
206649
201730
194490
214299
218684
228222
202516
196214
197438
201912
201742
210298
202941
204131
202599
190954
246935
250017
245987
251470
215707
201104
205920
202581
205310
246762
183056
208454
203319
203383
267419
237399
250207
267834
187144
194461
199843
196287
192632
213917
238518
278028
266883
245701
238195
203485
201869
185457
212672
216116
199035
211362
196898
187411
198794
203750
220880
222906
252223
265333
205489
190391
260594
212105
190640
195425
196482
184490
208650
199580
204441
206524
200918
193280
204959
192171
211130
206655
183585
191330
187289
188448
205448
193259
239710
199147
203543
239767
217707
244649
251051
228759
210308
188864
209723
187628
241429
212591
240958
210050
192565
206171
238860
232084
200283
260969
273767
261179
195203
194166
186547
200784
256442
271670
240738
191871
196367
194589
200445
197497
211408
196274
243039
258344
193848
205737
238926
256743
228428
189149
253262
226283
202029
209918
201573
198667
203048
242044
216828
222096
202579
190662
198312
207536
203090
240728
250431
251967
190097
189502
220500
230921
256057
212421
218983
248299
202121
215232
209199
208901
200979
197149
202397
205934
188570
201383
196513
241691
243209
249860
213452
226112
247514
186303
201348
205402
202597
208470
228063
262285
247501
203028
202848
202991
190520
202285
205372
222815
256164
263045
194996
197529
212907
228992
197923
220365
236106
231823
206434
204275
241907
198255
192898
207873
209806
241537
252927
202981
197497
206329
216063
197760
199663
209033
215062
266896
251565
193886
196272
193169
229357
190925
203326
189428
243484
249081
225931
201172
201773
207652
193493
212447
209346
202281
199299
215090
212112
241529
186502
196880
191728
211082
187696
199645
269705
193109
194600
194842
189339
204348
246421
256601
184639
188368
192751
184826
204567
191318
202213
217698
213396
248167
262427
214452
223933
194670
196780
200116
206945
199961
202197
249215
260784
240108
232740
234078
244747
223978
186592
197545
191730
217785
184170
184892
201807
198438
215661
185961
237666
244469
242039
260601
227610
220975
236285
203801
185454
253031
193967
198089
197253
195735
189345
191358
199910
212166
250992
191546
196316
198831
201128
210508
186193
199333
214320
194765
198790
259703
177568
244668
193371
252205
194260
214557
196630
248814
248821
254370
206671
203781
180466
200323
189109
210752
187943
204244
203608
212826
257722
205037
227774
253544
245751
213022
186211
211418
221101
208539
191026
190791
198515
192092
241434
228119
250141
192179
229527
218797
197513
232157
273122
265772
265436
268851
259469
210703
198473
211274
186555
217825
253670
241877
214691
195583
194672
199211
185866
206476
218625
259187
255502
261905
192821
205327
213492
202741
198640
183792
194636
201160
200380
204207
251425
248430
246527
199771
188624
187538
234495
223196
206134
216826
227206
195520
191404
190299
201915
196031
196535
202988
192322
192391
200224
243667
232709
227562
193351
227747
183568
202346
193075
201505
198693
190411
198099
204739
247115
213500
195099
183438
209546
227574
194760
207048
238350
243357
212746
208033
197305
201046
186551
233455
231024
228557
246618
199083
181433
187049
199316
199587
256555
235974
187827
203074
192118
200139
228108
258876
267408
254255
195657
222541
265891
241141
211729
190067
192872
196825
202750
196621
204465
214728
203975
197085
216257
256088
247835
249715
253181
260587
189292
197149
189415
186038
197475
186180
181220
203962
189785
200050
190865
197680
207872
192402
248978
186595
205336
244324
251178
233075
201224
195611
217068
200135
209429
188955
187525
245445
191173
198164
193386
189626
203209
201559
202867
186874
183970
177318
196055
201289
240274
231850
189518
191169
191667
203342
199195
212937
191743
207565
198332
197581
201718
228221
196898
191154
201999
195040
237977
235819
209826
243589
256947
203024
215579
238804
247562
221336
192236
207591
229087
235546
216839
185988
192364
246119
240837
188133
186312
192161
229357
196524
203388
194692
192902
228396
196667
182981
188708
232943
183413
186068
207540
254247
245054
261499
252153
223278
195636
190621
192157
193825
193112
193458
190667
212796
175482
210145
199272
190946
255871
243607
207997
189075
199832
187269
249751
251231
197175
184073
175212
221457
205192
193294
224116
194714
193816
246424
212316
198656
175677
209310
257840
221484
217890
198813
187267
258698
206554
196997
195162
206293
192801
200773
188289
188161
254971
234973
203399
241271
250733
248367
220532
224133
203387
191404
215788
214205
244501
217398
200095
189203
189426
182954
238969
243140
244698
187684
200945
191670
176457
233149
236202
224818
204577
244283
208090
195289
242981
225318
195907
187351
183547
214539
193167
244305
223760
216698
208147
205944
199298
202216
192316
186705
239027
206848
241449
184648
196320
207395
217128
193848
173884
226956
200992
182264
183874
248161
256486
259391
197854
189030
190340
188621
194161
186210
200500
196504
220353
214016
243394
254938
230823
203876
212592
258029
210406
200492
224438
248925
247800
210720
205888
235402
234136
231374
237595
179692
201357
199282
238300
201183
197183
189364
203254
206578
185705
206946
194982
190030
190365
247670
253947
266027
222895
184418
185360
202788
204999
189086
227982
240918
228297
210473
245474
238218
219378
193653
199642
195369
247047
242201
199496
205901
191427
196779
197896
199071
197225
224739
182313
246879
204496
183251
188080
226154
251067
265291
222417
254936
192259
186876
213601
239083
252512
219469
190905
199693
199843
186177
200660
247744
243335
194620
205887
187131
196966
196790
256116
244170
236502
185213
185715
203850
207820
229354
215967
256475
254991
192914
197725
205396
190228
198693
193973
246971
249124
257887
188288
190844
228136
242989
179683
221690
194939
191510
238277
194637
243692
256704
237210
249310
254825
191367
179462
246095
246468
250600
242918
225995
196742
187409
189261
194827
196793
197398
194726
187653
198948
207020
239430
254860
268312
192396
193924
200450
213623
253698
227623
202396
244714
201678
199330
190487
213646
261110
191857
197439
205085
252020
230270
226680
183062
181533
200548
230269
190181
195318
173183
195393
218505
212467
200119
187143
235142
207990
194964
182161
196322
205864
187668
201730
222347
200148
189325
199243
196608
206448
231845
209494
207383
195677
189045
241566
202228
241614
207018
224078
238199
215001
185776
198611
190339
199176
213550
221930
198008
176876
205683
202125
190753
199159
194191
202276
256240
246525
182990
192203
196948
234948
206618
230385
211961
190110
211326
206138
196206
193027
199988
246041
245732
208340
206370
192018
233317
201963
196926
196077
190642
199053
223390
233081
188306
194019
256477
187509
190476
192243
239705
246289
225015
215286
213727
196873
185951
197715
243584
190714
186200
194857
220874
228814
245774
228701
200774
242646
271636
232626
188497
186447
184676
179308
187920
202031
220638
217079
202115
241762
256984
183228
190439
181286
199638
202484
250127
212851
224772
187564
200529
191662
181692
262503
191723
195487
213310
172135
235288
251955
195498
198502
189466
181577
185829
199128
188918
188345
199869
189361
201994
182545
204392
239721
255141
247729
233869
228769
237922
189698
225044
225576
233276
211519
188824
234036
225334
240812
190672
199558
182976
224176
214487
229096
251676
222864
195611
194499
189243
191906
198570
181292
191874
195144
202092
233843
246535
241937
248625
216748
188222
235338
241593
190085
190868
183899
196484
196825
209935
197022
201755
223749
229844
196569
188062
179790
192076
187914
189038
233024
198164
215228
217857
200261
195410
204307
190376
194039
184957
187607
187066
183921
231509
192455
223472
186154
190951
187924
236717
191868
229639
219575
182131
201782
193318
218546
193675
189753
231262
243015
238204
252217
186933
195753
203578
249360
238790
219647
216312
253773
198505
203869
188209
186352
188058
194654
193888
249497
252805
201893
216881
174084
185788
209542
190230
183977
188487
242829
234473
197703
174951
182220
205744
194293
245269
228258
202414
256761
187484
189681
202272
211707
252164
219820
204740
213311
216433
240095
213356
184115
179505
198814
181120
186591
190167
184679
190862
237227
200481
203878
179571
198218
203625
227418
232112
233829
216449
191235
201767
189476
204920
235495
238574
193625
193326
245037
210995
193508
181890
186634
250690
201214
169785
195818
196941
198208
224144
274677
193339
190673
187143
183892
233981
184509
179875
191024
213764
218993
212240
185338
195667
190506
231833
235288
221659
247208
245088
232959
224681
227516
186201
195518
187277
182299
188033
180137
194641
206413
189352
183893
196973
240347
215366
232756
188391
225278
194818
181220
182117
205514
236124
194336
190173
194327
174951
250434
261193
218347
193640
195845
181793
185749
194235
179262
195492
177648
174149
210785
247355
260686
254699
254653
178799
183895
195367
179619
180376
197538
202826
212575
232717
234047
180973
177023
218122
197474
191017
210197
241826
194889
224594
179520
219882
221920
223733
225112
241081
190632
212842
188109
230529
226645
187820
184555
182768
191938
231416
259597
211358
246864
188494
184640
184267
190180
184079
188960
185776
200961
189847
187973
192473
196785
239618
225755
241817
250598
243961
251575
191214
195060
180716
213045
192143
187769
209771
222110
183114
183629
190361
230965
203823
237325
251695
238023
190854
176761
236272
194757
186740
195424
206194
183287
233308
214412
185496
221433
251155
225683
200354
216169
223374
230550
184568
184008
221392
190294
194720
210014
203924
212145
196135
190658
191194
192543
223511
222888
184770
191609
200472
187321
185313
228380
233275
199069
202823
217638
208905
187805
196285
206818
176434
169085
190200
200076
212459
187694
194622
229853
235899
248327
256295
198304
223263
183820
190872
186864
184772
229717
189679
193395
193616
253478
237870
192390
236232
249685
197666
200213
178050
202782
197905
222654
209840
176390
187962
185740
226383
242816
250330
217024
188511
184876
192068
210598
246480
222967
197523
198905
188935
202346
184144
186258
196793
184857
186633
190750
184480
183616
185547
219019
196402
187012
224626
183641
192041
189701
184052
227502
246078
193556
198543
171662
189262
189272
185483
238088
242158
218538
194294
187996
220434
194365
175826
212941
234791
243572
182881
182141
182571
239816
219623
240079
241275
201115
214438
182542
249793
255450
236588
256238
238510
202398
210110
227365
245664
246009
234028
232526
197742
208221
192684
201483
195918
179835
190025
243615
242761
215468
193741
237818
235013
228433
179918
184456
187169
211355
207668
157050
183236
224067
202694
227150
186037
209010
187799
188929
180663
209329
224486
203909
212126
216035
196464
181575
181347
223731
235427
234892
226601
229227
225620
255754
201578
182656
193166
208928
243854
241138
245351
205665
187590
232339
198397
176256
175653
196932
236204
253690
217579
183312
198855
217258
226573
242534
191938
180413
183022
191940
190736
221605
219302
212449
191437
249930
250286
214638
236876
231413
225617
187370
229867
219263
245521
178147
225821
185364
187369
184408
182914
222603
242920
235070
178768
190101
183230
199097
191790
194938
178413
189792
224140
187466
185130
185474
223902
202849
220119
233715
206737
251431
243287
230871
211527
249845
242006
252269
191695
177460
169798
180362
179027
181426
214225
184988
233953
238983
239753
219578
182613
180470
218175
187847
236139
206874
221772
185039
188890
227679
191868
183622
178457
181366
186477
185821
190269
195766
210635
208080
246843
237813
181862
194583
231738
181430
184749
210730
222112
189493
181472
190329
211087
188672
189504
181754
240360
244926
218218
233954
186641
185548
240161
233997
246559
244343
237283
182835
185885
193405
251548
243175
183297
173916
188319
187378
256291
213010
247247
185284
172961
180139
190546
172488
178186
197682
207691
175423
249509
216176
207345
193680
215176
244252
260705
193879
230616
227189
220252
189748
180205
184580
214936
167379
213795
190253
176070
210445
188113
189742
175009
210311
195563
239767
235865
244543
182953
245099
218293
193954
202269
209947
184970
183399
183035
207548
218464
242253
237232
174534
189601
176243
193814
182574
246688
188196
242639
185280
178962
198220
178145
203118
264827
244908
220900
233425
205123
192377
176769
179060
187922
245855
240647
195596
181760
188071
171508
178960
195566
236431
179572
179718
176590
200192
250045
211662
205229
245039
235306
207285
218361
186037
176586
188139
224135
207011
190476
240279
207374
218369
255705
250048
233317
191502
169840
205048
188442
226823
232558
186900
179413
240104
230735
235278
199355
182253
187617
183268
203237
184566
192971
180051
219267
189886
227259
208124
209443
184495
203824
196303
180574
172114
176765
181360
246221
218194
218633
236435
246785
185690
214378
199896
187732
232528
215205
203945
213090
253308
188732
237520
227930
211142
179745
184183
196026
237664
214627
179206
184698
221184
234141
231101
221490
179423
208911
181385
186689
193961
193247
179917
218810
249350
183463
193163
179673
211327
189559
237789
238560
232172
201325
207963
207571
233805
223788
199700
182373
196917
231424
230736
232845
242414
220456
187135
245664
213304
184245
243274
227644
203119
192747
231022
243405
181673
184187
187643
192388
223412
183198
208287
185270
185588
186452
212745
181239
185183
187562
191070
222710
191165
202618
194305
176008
188158
196095
179122
181657
235639
223443
188516
176931
189729
226595
238240
238429
185835
175363
209753
177479
238521
245871
250472
230437
201747
189765
185482
233264
233747
218204
172847
184694
189949
177391
180649
175102
180383
183445
186835
183059
209480
172303
187037
201453
227817
196530
195529
183396
181653
223477
233211
217762
206791
196661
204135
258407
175489
228196
236145
241988
186238
244891
173774
180763
183563
174580
222239
242247
181983
190304
184388
207039
176177
180273
181593
184643
188459
184372
184850
192825
177609
169233
188502
175298
241287
251260
186188
185599
214423
180437
177886
181681
238310
247753
240353
185448
176969
210480
181982
176272
169104
246141
189787
238323
240334
222128
183552
186606
184337
185969
194396
220644
213068
180798
233492
238214
245409
179432
173220
184269
239204
216626
184021
200326
182592
181429
170043
185649
184864
237107
216365
176896
189559
183763
180288
176885
176113
189135
228463
173263
233906
248424
189575
178452
228332
219744
248353
191402
182484
175043
185099
179879
172117
221148
230619
206597
183808
227670
220757
235260
232159
198824
171471
217451
238922
209801
235913
239631
186959
181208
170199
184077
177971
199860
218423
175423
181169
169282
205460
176324
173377
229124
224732
231388
237535
202012
186487
176142
172103
173707
188108
228468
234455
227676
188505
190848
197373
185071
222079
236693
204364
211961
194196
199377
218394
227619
256893
227890
231393
237289
179791
171495
174625
174095
180999
232423
183487
183814
185704
239822
189876
193110
243110
211546
181418
185968
176703
183884
185385
179148
221734
225983
245077
248984
228226
175874
177730
177857
234023
237639
219147
193294
237274
236536
235488
240223
181187
225097
219466
238236
227291
208181
212643
238140
223320
180387
176780
216438
246318
219727
190126
186439
173498
197072
207517
200044
185384
243851
249797
243162
181488
209095
219869
185954
220933
249431
234372
232709
180076
183369
176183
220455
176735
177412
178845
190865
203645
229786
239533
239387
184467
194929
193961
178678
205500
188863
213671
208520
183877
170044
220419
243045
228224
223669
240563
209148
229943
221315
239449
230132
181776
171068
189505
217330
183637
185143
188802
184730
185441
246291
237338
238000
239504
188799
171163
201857
186351
202855
208207
192538
199621
211831
241971
215993
238926
222289
178485
233036
234824
241808
182855
184616
183653
228444
221290
181082
173868
197290
204063
243138
229153
223586
214877
178539
179085
183555
176535
207335
183644
192486
196432
185934
180669
196243
178378
208494
232091
205280
204791
237063
216273
240086
240208
175934
190187
184244
186724
233613
190894
197377
219441
223742
176275
176323
180384
202995
192885
220722
231889
247395
226691
231017
236065
173323
182485
174161
181593
175721
178989
180431
228739
191126
183013
208575
229658
183860
207498
226818
212663
221717
170407
171444
180944
171474
164773
175296
182494
236493
244183
214769
180573
195862
212501
226131
211020
171244
200942
179209
206476
197917
179814
190551
186551
182512
192722
183092
223772
214645
236528
223183
248058
229277
219110
225267
226232
220053
206012
187435
188994
180661
179817
172890
197199
241654
213495
213336
184359
179468
197991
224942
176360
176461
189189
189767
219128
210580
190968
171439
214170
237160
240271
247498
166968
204542
177159
203738
172809
171139
167374
184558
174600
204092
212470
180856
180652
173741
176115
217834
222304
223660
181828
200139
188904
197679
188188
187679
181375
183950
203656
241912
220931
216997
220260
227212
237706
200088
173205
224625
210679
224595
231817
230634
210136
172974
186992
188680
179902
240818
243690
227183
245014
225996
230778
209440
176250
177034
213711
244638
211283
182154
166400
188434
171198
182711
164655
168709
173246
181258
179816
183187
247587
223889
232043
216468
183950
215105
171388
189372
179994
179791
172308
174192
183908
185876
182827
181276
223976
246650
210694
172088
228118
218885
229298
202532
174766
189334
197407
213442
217331
186511
182248
193148
198701
174764
222699
184885
217089
216743
240091
204012
225807
181685
200998
170732
184208
213816
216639
174807
181462
178728
215568
196031
194810
212163
237535
223729
215111
192113
189668
190179
182991
204813
212771
217625
225785
227971
221745
168969
221271
221877
179454
175679
180947
172859
171180
174224
173758
235803
241749
217964
199505
182192
215712
161055
180233
177060
174969
189398
213554
200243
181717
163283
182406
231546
230091
187780
216972
199038
179690
231540
237015
194342
213393
245154
220893
231012
227380
173001
173602
220943
168910
184450
177108
173412
167268
234496
230512
249121
203780
224399
237558
225881
197034
216364
228050
225790
188110
180385
227390
251674
238239
233206
220968
187054
177191
184292
209637
220013
187911
205141
178900
186852
180603
172782
171892
188605
182836
189610
198939
173678
181636
185772
179480
177140
171952
173039
201310
228024
230083
209056
231404
227039
244224
230474
213667
186411
178771
226321
233328
175003
183716
176825
221203
178011
178223
174938
167517
167279
202584
209035
191214
223859
224291
233942
239829
229484
198632
171434
219774
188463
177490
213017
203536
220760
238312
239302
232969
222975
184219
177728
230290
175943
218868
233547
243547
227370
194380
194029
191167
230689
220720
195127
184483
177316
192044
178095
228891
225927
219456
168921
216393
222582
215033
212221
202350
236619
204531
236568
221249
244451
191115
210012
180410
188327
246860
240479
216057
189759
177192
181360
176415
171264
178395
216208
186370
170735
172087
232791
220555
239405
211809
207706
184725
202009
177618
173313
215304
232625
225730
222697
244155
228592
219380
182978
180890
180819
180709
187434
200385
190258
165036
178306
174028
186627
189396
178526
178983
181445
172774
228661
163462
179021
228383
240097
170164
184480
167595
167846
215799
171480
178948
180033
171850
175513
180685
216542
198254
227501
222734
219753
206764
236933
240254
227675
233102
193950
213147
225366
206193
239005
228236
238907
212720
223890
213889
230815
237012
221050
212868
235225
227958
227787
220163
240682
227356
227554
231920
230008
219873
200941
175166
176551
179764
174407
178402
176136
173780
186220
174055
183387
230161
237222
230423
240527
188657
224649
177815
168380
228657
245575
237476
232862
230860
174756
178197
169013
177018
184642
173898
169173
180945
216453
205436
217245
180190
172098
182576
237243
230982
243857
256361
239989
219422
186577
182021
180374
188142
177176
182638
209252
173231
186734
169104
173018
198212
180015
170923
177940
184482
200932
222296
231983
174332
173692
182854
177490
182531
209062
237398
245422
247225
228219
188134
184318
235325
236197
242213
177557
169640
245146
236124
233131
226551
176100
185241
175183
177260
180131
228070
198714
165556
176190
188564
179945
199827
214243
217222
204461
176776
178026
175205
174629
176133
219380
225271
170438
172120
179518
168354
165785
228145
227430
225231
248660
174431
168548
168844
210461
227334
218823
184127
221748
222768
207559
171151
169207
194599
169396
167038
167413
174108
187653
182986
205103
178086
209267
206875
170975
186715
172402
212429
216236
205839
199023
166752
177005
205911
229069
228842
223791
177815
204002
232265
216531
226546
176078
217316
186384
215336
181945
184660
216961
219905
234429
221635
233202
242726
243526
228569
209647
197048
219945
205241
188551
167845
218587
191570
210002
229084
220321
219683
175887
179399
176846
180801
170924
226773
222947
170711
238400
247302
179961
207529
209908
232641
217270
174912
174351
168779
190076
177352
181485
174536
167576
184129
177513
169080
236040
220092
173646
175733
187660
180497
164348
176760
171401
164229
170277
188252
176488
211441
174662
215539
234718
244382
214144
175001
167583
162652
183617
223193
239105
235022
236481
169269
173747
176968
182830
170152
182496
173483
166460
203910
215305
226776
240037
215580
241714
217120
168516
183272
172962
170233
215571
220046
223470
220198
177377
176425
222187
208155
215104
246603
241899
225660
220693
185764
173023
219573
239940
238938
237224
253145
231370
232581
222656
229210
224879
228788
245198
240637
184301
182381
181685
185461
182358
174253
169652
231853
230016
219701
220019
182538
168254
166263
172548
187336
219346
229651
215652
204948
176220
176249
231687
233208
229011
215565
244492
242576
215750
173076
169473
163386
172709
221098
185785
181987
186581
173861
185001
174416
197660
218411
181247
216012
220148
210283
182685
168398
203765
185230
182078
184277
182233
177594
217834
228159
179594
174683
202461
214768
175005
229503
231047
230623
167228
170684
225875
234308
220329
200944
172284
201836
208952
217617
224724
232599
170132
168300
224212
211374
172272
186834
173327
178934
173946
173632
183343
161743
166701
174415
177695
218641
211951
201387
207283
184914
228092
197470
203615
223928
221319
205478
166118
178665
176030
207637
229103
234991
215848
201021
171733
174829
175025
174732
206734
205177
163824
163731
223323
230550
226593
207198
244186
212135
231806
215622
231625
215118
172904
170994
170669
161995
178830
223275
163523
178502
158497
175135
176729
175823
167845
173362
185620
199481
217805
207667
220549
173980
182194
207174
182521
175345
176318
167013
178069
177426
182786
169207
214082
228560
242635
211304
204778
235071
224981
240374
169401
172402
216142
212793
207346
174040
169534
176660
239978
238551
213488
181529
221848
233409
233974
175794
238962
226244
231444
231733
210186
205720
194993
214875
177721
216455
161765
174844
172731
168118
230637
225153
211830
213045
227400
239552
235992
169993
170593
218420
208653
229178
159696
172512
173035
180228
206639
179410
209705
172291
182362
176430
175899
175190
175191
208932
173548
160929
170896
213621
232404
219385
230320
195982
212153
222177
211215
211606
178494
178611
179294
170728
171735
208057
219088
258327
175190
176740
170846
210377
234975
214363
180046
171762
177551
171502
230453
169903
229246
175449
202219
228440
218092
212207
164878
224945
227269
231165
212064
237012
253873
227349
176051
169946
209273
179644
216005
189032
181677
175818
166161
165392
236035
228874
238907
224432
214842
187289
170636
164010
177713
169650
210854
171553
219932
179832
227661
218661
229660
228248
206632
197182
192594
163821
179697
166563
201635
196583
235612
233829
229210
208609
202786
183319
174261
220879
206137
185476
205116
210767
206313
218016
206048
216062
224178
217164
174447
167938
218241
198938
204521
174525
171588
213222
225727
226303
233698
205512
159076
216547
172940
175092
239886
226180
212079
158121
179150
177103
168296
165679
212096
180291
213781
224866
224020
233463
210019
198527
219577
223849
212660
209833
226851
226145
201049
200990
203573
174232
204902
167159
171846
183458
236338
181677
169768
167033
170506
171389
205570
177714
171384
168710
170154
177019
183709
179513
199080
198503
222166
205306
210294
233920
233328
178156
176085
206440
181133
172897
218071
233208
239998
222501
229624
224327
172457
169357
179056
186853
174033
171360
166628
191533
226910
203420
200434
185250
205383
198742
164103
176715
176122
217975
235448
178180
174837
170037
218227
210986
213849
204239
217473
171267
207773
201527
201930
207253
211594
175733
203024
228181
177382
196621
171325
166263
208986
212531
222429
207879
206342
166650
175780
170259
214447
157260
177695
227123
233491
214985
172855
209745
206879
215046
189396
199619
172527
202370
169333
172479
170054
171566
168838
167131
162962
187661
166147
175556
233955
215491
163307
217398
217834
216848
219027
214951
167391
173294
160702
207665
201955
205612
222384
211850
199647
175178
179886
168695
165615
177358
171471
215391
163157
195123
169135
212558
213708
217588
168675
165774
197489
221437
239358
223009
240150
233585
235495
223122
170369
177354
157544
172191
190729
216886
225554
167251
164748
170409
179834
174453
166204
220179
206042
161000
175213
217167
229382
229624
226291
224105
240545
230126
224886
228170
199750
209964
228605
224166
167656
219248
197346
167282
199821
232788
217317
213684
174750
203753
211914
207870
213144
159976
203122
216526
194929
166337
223078
238642
235255
212105
206550
218272
206360
218914
230195
215736
182209
220257
210756
204765
209607
213884
217257
174387
175850
170069
170653
205240
204229
174879
228954
209502
196321
155394
158495
166960
201486
196887
164675
224334
220410
171076
167296
166294
174142
169472
179988
174589
178920
177277
164547
169162
197394
182011
177786
208578
171806
162088
166010
170778
170133
220866
226882
220893
218114
222646
221681
164668
166262
213642
208356
206562
213429
168711
168090
174881
178340
168932
179447
166447
203948
219783
173581
171292
195088
228762
236573
230454
211473
212637
191969
172290
206696
231194
206942
211690
213445
221576
226140
232367
219083
207938
225922
211421
209353
226830
219414
225620
222415
215570
166942
167589
209301
201611
197050
164661
207627
176753
197435
151061
194565
213247
160379
163090
165665
159580
205755
201142
217586
237057
223298
163225
163221
165452
166888
205199
218469
199919
182188
173954
215985
235602
216371
208337
225030
226449
235132
224391
230804
218944
204100
219481
216575
232378
211642
170202
223377
226541
165784
169278
201014
208832
201334
220159
213473
227649
217348
192489
181586
208481
207840
207242
173942
170122
165711
171135
220018
227579
229102
217676
209312
185087
190009
168634
165700
177053
164618
167935
168637
221926
240330
233934
224934
176468
170631
160068
172156
173505
163755
226068
222824
228262
234047
221281
201000
165322
203033
209467
224677
225766
246650
241086
232168
237950
241384
216063
244177
218061
233047
223393
230736
221962
217442
225260
232487
215615
219139
202457
202197
162643
156040
225814
216423
226138
224340
225870
176366
211754
176705
171771
169060
161435
172612
173799
206459
219900
209648
168466
171965
177690
177449
215349
206866
206629
233632
216443
218657
212531
171565
185678
168960
189504
194810
225917
213266
207169
210038
163978
180402
169056
177979
166334
174937
169565
198866
200650
205692
174320
172922
210818
176414
172621
169690
167725
217597
227705
226737
225432
220575
178864
177692
168186
162349
165866
181349
161848
166813
209104
201993
224551
229931
223912
225195
207666
221481
208973
164392
221073
213837
219157
230834
222057
170220
175677
164238
180725
204720
174851
182165
166299
163486
161756
159508
210018
193937
198115
208455
229853
236941
213589
205541
207966
159683
165916
156682
165851
218037
216756
200125
228978
217361
173922
174963
178278
169005
172476
230638
215661
232154
217563
210067
213615
167307
197430
194296
203605
206279
214190
164070
165264
200649
177916
168583
229952
220276
226435
243593
230583
228478
234289
198247
211224
166251
185499
168069
165381
174928
176470
164472
173584
167789
163125
171331
165151
169497
167979
169610
168273
215741
231592
230458
213464
176863
163182
177626
170749
172974
166424
166921
211245
219377
213552
221443
218900
212037
208170
213622
208998
162643
175075
168594
161572
169745
157380
211272
222110
174097
178598
165901
187500
163161
200604
224618
201577
153018
156469
203340
155056
173205
164287
160663
160690
176638
202183
201634
231646
217036
209021
168847
171084
166576
166809
165278
168610
177287
199201
213221
221473
213397
203749
165197
172065
194503
170045
212904
205273
219057
224732
215585
210490
162183
215700
199624
170287
169748
163695
163587
158760
158308
168909
169603
175523
165200
169943
160657
162345
200477
204398
215180
215453
222089
169521
170480
206737
167416
169299
167610
173803
226943
228208
228613
223842
232654
219220
210758
199539
196448
171028
164001
174573
172163
167170
169338
214168
193503
197171
195015
175899
169211
164765
230967
239053
223513
176050
180067
169105
172713
171641
170094
160741
179144
170000
170416
160624
166719
161742
167882
174034
169408
201491
208051
200187
168432
162494
208676
203418
198978
162777
168138
162676
154047
157826
164065
154817
155926
162838
164721
164039
167739
169647
171579
207772
215423
218020
226102
210750
208379
166886
219937
220659
224923
172021
173417
170215
168851
196814
235326
231541
211498
196565
170566
199668
215316
226460
225164
203690
206197
179002
174228
188332
212030
212426
165541
167890
165611
169826
168232
161181
161920
211191
217129
209014
205612
208958
219762
214374
224242
217787
213491
166903
201895
171571
164980
167297
163756
166763
223528
221767
223697
216592
206154
176794
167531
177145
168208
169940
162649
193532
213268
197227
158756
157935
205340
222042
213690
227551
203640
211768
219819
210468
220628
211332
216030
198505
198390
210538
215018
206231
167512
173542
158153
192130
196816
160824
162410
167990
209494
162846
171742
167710
153965
164881
161502
203025
165056
165814
159456
167235
205787
169053
161593
208941
217665
213837
209258
205266
217494
168736
195093
203729
166356
202026
201830
210657
226568
224233
227066
239652
230871
236474
220020
222133
231629
229785
221772
209079
167304
173795
222164
204541
212018
202998
203834
223879
158574
170181
165717
167129
225952
216596
224385
218240
215923
242131
168379
170082
176305
168429
196870
201837
204195
199370
213480
204314
174104
161422
160257
155569
193611
156234
208820
160609
202764
221929
204748
154192
199656
229861
221412
219894
231350
224185
211497
223028
221145
233113
227782
172098
221340
222386
213649
228931
222366
208860
165960
155747
167338
200685
218449
216390
213550
224219
211376
201701
227870
202284
215273
202415
220057
223202
224479
205539
215613
198494
208022
209448
165013
157580
224906
217222
229278
217923
233564
206002
215458
165630
170288
205366
198900
212625
201254
163214
167809
164759
202332
207991
210282
222416
215788
170230
213609
168017
162232
172661
176942
166597
201172
200438
223258
168318
201919
207724
198071
221598
198490
205069
205917
210745
212997
218275
170103
166426
168778
208085
225572
203792
211802
217978
236659
221317
219227
225942
223607
217080
213762
157553
164213
207904
229656
230006
221402
224477
219690
202365
171361
157062
201643
207943
204086
200226
205621
202638
173668
161514
164557
156232
167374
213939
217294
218392
217526
223220
199899
166385
171095
169416
165685
165707
211770
211082
220732
157408
211068
214151
210930
217182
215174
219041
213165
219562
202043
203660
214561
218959
199413
211247
214079
209910
212675
216926
226454
210217
221096
226993
173496
177256
210218
218986
212923
228845
164483
222447
222571
219544
229896
223253
216637
165791
163468
218574
213948
206191
221823
168564
168797
163793
162452
175360
165845
173604
169307
166445
164509
162661
167450
214428
225613
232417
218237
225882
216914
225010
218044
204091
206345
205288
213691
218473
215136
214182
221289
222710
230885
222737
230019
226740
221541
216196
224835
207271
221083
215148
166646
167028
164256
170294
169207
164497
208453
224747
217334
180007
226720
214721
208016
166652
173010
211797
215951
173048
168387
171153
161306
170608
168316
157526
174554
207848
203670
196871
211850
205501
201437
165862
168521
164837
164470
165987
169428
163047
171221
225340
227750
222620
217524
161610
171116
169525
215565
224150
222532
218443
227735
209062
235821
204108
200661
167132
169922
167379
204503
168317
210241
219795
209308
203643
209178
214421
165769
163640
201911
223227
202562
214553
214551
226629
216735
216379
227322
225104
246665
219125
217214
165838
177585
184196
169127
208004
217561
216102
225167
166677
167821
206998
174343
160167
211430
227651
163667
217923
206967
162418
213199
208586
206537
207443
213421
204968
213775
226337
229334
234701
230484
218120
214637
212744
233201
161853
163266
212845
207773
218407
209563
200910
205144
169937
164230
162988
162935
210538
204411
164729
169392
161279
169267
208801
166752
172264
167181
171081
180358
172401
171906
199953
197524
160069
201971
208354
205647
201083
205739
219596
202225
203128
225613
209789
212443
207331
206432
214762
213007
156140
160831
198021
207389
219660
209836
224354
221853
221400
236199
210141
220741
230185
218939
217897
213212
215018
204391
177136
165120
164677
164065
168268
163632
153186
216295
208236
207708
218804
225451
210456
206266
211787
210102
168125
166365
200799
211465
166085
152898
163550
165923
178802
181221
210394
228501
225146
212668
218471
205901
213566
220126
216298
214751
214134
200645
199366
201020
206445
197139
168792
217185
202188
217097
160427
165618
165476
163829
211406
219018
216297
215344
161636
164005
213065
200214
211968
208400
162117
200963
163578
204253
210815
213201
206969
207426
199452
197618
198647
206375
214299
160775
201858
216243
216930
209710
210166
230228
214702
199854
216544
213311
167771
156580
210171
217275
225765
163930
162602
205637
214654
204852
212128
219762
207987
218588
196603
212002
170946
220494
220694
217367
207663
206301
214580
220452
218443
226763
209573
209763
210991
215228
202511
203020
204826
205742
215990
215717
167682
161384
197168
183555
214885
211177
214255
196465
152808
208012
209990
167523
164161
166583
172156
205498
207876
212098
215149
210847
213445
220225
219961
197821
224760
209858
167449
171810
169987
217598
214421
220040
220005
217252
215183
218040
222596
222973
222221
210928
217861
208905
208971
206404
211383
205464
156994
168519
157808
157320
168658
167469
165800
164008
162403
158571
159500
158058
157038
155772
162498
151200
164710
151063
206040
206121
204504
157934
167295
152332
155226
202895
205305
204913
154212
195670
154642
213858
205698
206655
161748
158672
153059
157459
158571
149788
163591
212434
220723
209954
184350
162742
207642
159990
166234
202841
159639
168673
231990
218193
216735
220202
221667
208479
164559
156178
150946
153538
209737
204014
163011
159670
202102
214622
221245
212146
224126
225570
160829
205497
200742
209900
212744
224994
225993
204926
198676
202544
205842
216272
214976
236861
211397
222790
215979
220108
225087
216970
202970
197823
201416
210882
211490
201188
219332
219661
210819
172004
173533
163391
204193
218446
221793
217993
220589
218711
210779
156340
158239
223551
224470
225865
214121
156956
161968
216596
204591
201939
158822
156390
158862
162249
219634
221764
214667
225125
206993
216894
208928
208314
209778
211618
157011
220398
221188
223079
227854
226658
222903
229058
216378
212712
214933
217471
218652
230282
213687
216321
224191
211060
206373
218622
203814
199394
206689
203262
208083
202846
214984
215666
202595
219346
236675
211913
223439
221366
210657
220068
225770
219529
228871
209865
206682
219451
224319
223105
214065
212494
213281
218749
216016
218572
222414
220740
228255
220599
219502
207101
226110
220117
221251
221840
222728
214481
222610
218040
220216
214116
221703
220473
223671
210491
218626
217121
218214
211250
215524
222862
216281
222331
223211
223254
225255
223189
220161
218942
210981
199634
208117
220075
213275
219578
224117
220164
227918
214977
222912
224458
213805
230552
215268
206034
210176
215141
214237
212344
218653
207037
161469
156052
158297
160440
160121
200235
221954
207007
219353
216590
210834
221411
227611
229240
216812
224735
229068
214435
210488
215326
220327
228626
211094
230987
222744
208399
213438
225225
225915
216450
208330
211598
219048
205392
232113
227811
212725
212334
219478
214637
208656
212918
217809
215764
213622
209610
201664
199247
210826
223992
159937
157954
204524
197658
165276
221373
207069
217371
209304
209797
217053
216597
213612
217945
231452
223345
222718
222590
222539
201549
213509
218557
214299
218912
221107
207726
215986
209475
220666
211600
214173
218317
211248
210894
216443
222817
216154
197883
212872
226717
233557
221385
220334
216177
221544
220695
218640
203217
215017
217736
218313
226061
218074
214902
217904
232865
216308
230121
229275
214508
221150
220014
215553
218026
219145
229436
206610
219471
221755
219111
214402
218577
214959
219493
220436
174049
207217
173379
173425
165812
204394
222036
209194
209592
211324
212481
211736
215361
211382
201143
204649
203159
213900
160694
155306
169065
164287
216433
210453
162122
204837
219010
228248
217025
219620
215184
199621
156397
171337
163649
157518
168592
167330
162971
207941
209629
215599
210345
211926
200141
220086
217628
222739
207149
214043
212786
210221
212725
214722
224258
212711
200722
219086
208610
204159
211126
176718
173109
220512
212322
217800
221878
210298
223986
214393
213305
203985
216942
173176
194204
213857
158467
160842
165209
168062
159534
171598
216728
217451
218795
221280
213841
160807
163361
162577
219389
220348
218549
217724
226437
212711
225127
207624
164831
164175
162774
165194
160437
164074
162984
207706
223699
211034
223243
216430
214264
214486
222407
220093
209582
209909
167068
208066
207294
209538
203859
199111
206930
212551
207931
214592
160672
199720
192603
204198
214227
210184
207910
162112
158046
157634
200856
167195
165620
198908
200028
200826
229823
212392
217514
219457
217238
207698
213299
221771
226374
216097
212129
159670
164063
210644
210503
196484
176324
209833
223261
221333
212767
220656
216898
228462
216948
214236
216561
224084
216746
222376
220809
212318
218573
220831
215154
209659
217655
213918
208038
207846
207282
201264
207660
206945
212406
217560
207902
211745
221385
212324
211659
214089
214116
219604
214735
223397
217829
206560
205944
214527
202113
215447
214428
217523
208210
211487
212704
216645
216402
207226
196650
200664
214584
206312
154949
155234
169574
201470
203766
207925
154864
204644
203739
204211
196859
219632
163418
196903
210077
221126
201854
199891
209213
203131
162571
162904
151823
153376
161501
205885
219113
215611
210331
199002
197257
226335
213450
202397
211056
215972
209368
205720
213805
170579
201429
196330
201100
208188
211364
205533
220440
212656
203674
159679
163398
153048
157576
162645
153287
204405
202025
203093
206885
215511
229500
220882
222486
216203
160468
162114
158126
163825
158746
195402
206045
165755
158841
163111
163454
161968
160012
222079
219862
216389
221858
215768
217013
220550
221336
210905
227838
211359
205980
162065
175435
155056
201210
209559
163394
151230
152975
157201
158169
156399
159045
164005
168938
163046
180129
165849
165608
161710
153930
196685
206346
199823
204909
216483
220764
209326
218984
172493
165523
209082
216696
169117
156110
197692
208590
210749
213953
165816
177793
183252
208921
214259
163845
212328
220259
208122
215716
217270
205591
210407
203336
221859
209167
211394
211621
212467
218598
220250
221163
221141
218807
213221
217888
210898
222677
225628
215266
219466
224694
212548
214370
225044
233375
218060
213374
211422
225243
227097
216872
224466
222773
220948
213302
207096
204270
161619
206484
207259
220898
218455
211092
215866
207254
215860
213444
215451
209866
216684
222876
209337
157048
217675
214182
207664
225365
209689
198466
164636
160721
199195
206769
217613
215991
217019
213567
221557
215806
203334
207349
204570
215420
212608
211669
203993
212977
214583
216751
215101
210610
208518
203747
214152
208628
212192
212580
214741
214634
215714
163869
210173
216606
207502
216569
193752
190474
215538
219467
207953
161590
204705
204262
201385
198838
204754
212552
214488
224369
215091
212801
203483
209132
172560
158309
206567
220692
209496
217008
203176
206716
210115
196012
210961
199613
208926
198220
209415
210176
210820
205843
209765
230474
217859
226001
198789
199006
204329
213030
214217
213843
210567
212473
213619
202015
204593
207429
217372
206822
177914
202189
208508
213240
163273
166217
172254
199119
216184
213671
210017
201780
204803
191450
190590
165912
158723
219109
215352
216194
214380
216168
226181
218573
214079
215301
214772
225991
216660
210240
214021
216001
206922
223123
216324
223703
219461
221229
211898
208036
211760
218232
217377
226131
212664
217547
222612
221139
216278
209053
215890
220955
220123
224184
203681
220397
212955
212282
217836
219278
215925
223774
213345
213208
216181
231703
216935
205983
212540
210180
206764
209487
215396
210529
211255
210556
214317
211946
219594
221563
214897
216424
213404
216305
221385
213257
211761
211297
209735
211533
213967
209820
208365
210538
211636
216175
210377
206252
208679
208725
183880
213265
207917
213910
218448
214267
217178
214708
215727
208008
206800
199094
198975
200533
209372
203809
218644
219207
210919
215539
214709
209571
208991
222583
221768
214443
206547
217081
216122
217643
203579
199249
200600
201157
213719
211960
204111
217002
219539
210198
215876
216290
210911
221488
224355
215155
214320
217248
202635
210751
216500
212730
212126
215672
210914
197291
200551
205897
204094
196082
199741
153103
158138
155004
198781
194713
201287
196005
201541
203775
205620
201584
157156
156998
150731
194726
197830
205956
194827
204054
197094
159635
151955
156430
158164
156660
196042
191209
199764
197580
204005
157061
215496
199137
208375
154040
199982
198315
202781
210656
209520
201903
217760
199399
214254
208588
198723
209833
204881
207251
203777
202675
206371
218504
208464
216446
204822
202668
206164
212757
210781
198636
200961
206966
153576
202029
207922
223473
214277
212867
205718
212197
204749
205010
218817
219203
227771
221890
204494
214578
212540
211772
214778
219910
218564
214635
215710
219047
211704
215122
206458
209988
217434
211229
211823
209375
212070
206436
213671
209966
227638
225005
221426
207192
214638
165514
219966
218679
212619
223361
211225
223485
212505
212562
223172
211230
216797
212874
211024
219999
224352
207992
228931
226010
229070
210301
226013
207338
211600
210481
215185
221659
229782
224363
216365
219253
215316
217473
206407
212042
216428
209742
227179
215565
218798
204203
227034
228466
223551
215132
208624
205383
201835
208234
207099
203151
200051
207506
200020
213803
217002
222462
218926
227672
208445
219808
227171
216758
209009
216369
203685
150458
163812
173224
160292
152164
152251
219021
209867
206832
219247
219475
211418
215413
221460
208223
225652
217286
227349
211807
206706
200984
208166
218305
216975
223932
215467
215468
211262
215746
230368
209792
227513
206850
222014
213147
209414
213196
207305
214122
213427
215731
215034
214507
211513
205018
218356
206440
224211
211455
222948
217960
218366
213054
222422
220946
220064
215307
217204
214943
210976
213350
207242
198419
206774
198438
211106
211662
210892
223475
213293
223281
211487
209323
221609
211770
211643
163341
212199
209246
212484
219866
220602
218863
217035
222501
219412
220514
222950
217812
229537
216490
221133
204738
166077
160722
162525
169027
162445
209105
211020
213063
203365
209540
159795
161349
162357
159164
161121
210282
216335
203517
208837
219139
214914
209132
211545
159100
212385
208295
163410
210707
214976
196443
215168
228312
160268
156256
161228
166075
199041
217161
213532
204207
220581
218168
208006
217110
215227
229343
204130
222791
219552
208974
199392
185538
207874
208916
209594
212489
219130
211838
216698
215366
223375
214046
215445
210351
216210
204034
204832
204729
176873
188557
187663
206664
208042
201212
186572
205071
201289
207834
164824
164293
158132
181279
163945
207240
162568
195604
184078
202117
190881
176752
168448
216790
212738
208207
211286
220137
209927
216485
224524
210383
212885
211325
220299
213910
220282
203981
197550
213822
223118
213098
214892
223401
222135
228326
223440
205283
206676
217103
201152
206942
210454
214708
209788
206546
211561
211856
217564
212607
204272
165213
160837
156950
210498
172111
206899
204055
164008
155883
205321
210295
211141
204450
203095
156751
163182
156079
160498
161365
160981
165034
165850
157782
207530
205773
161196
204015
211782
156760
161943
161486
210229
206838
206370
202899
210443
214436
217134
207970
158998
151753
155192
159979
205505
209005
203656
212995
207084
211276
202335
214505
209475
210471
213554
200995
217848
209122
208958
161405
161435
156924
210074
195316
154201
158659
154554
153568
153132
149285
152704
155280
154806
152449
207842
206140
206570
162167
158771
157275
161562
153762
151923
151853
156111
157018
153948
157438
164375
159118
162904
163141
162798
162634
162995
160296
163054
157436
162358
164080
163940
162223
163563
163024
159558
159616
164126
170272
161302
162854
167270
167239
161671
200073
163633
165033
164201
213789
156452
152176
156783
157089
149478
156160
157950
160601
154035
155662
154875
154367
162389
155363
157233
155960
155688
153560
157686
153333
153377
151902
161520
156368
154156
154978
150502
151130
156432
157489
157308
164943
154106
152265
157934
157133
163268
215243
218206
206888
154205
164300
167008
206674
209789
210771
209149
220257
222668
226851
222916
210663
210464
165822
164977
156073
159394
160645
162814
161669
163962
167050
162274
162965
207896
199835
212334
215296
218640
219419
215166
217537
204790
214351
211912
219701
214192
212629
221899
213506
214960
216759
215499
208239
217313
210756
205443
220491
215207
220832
205930
217999
218934
210356
210977
210111
211324
221042
217440
216439
213822
221428
209181
210306
214903
206785
218052
210367
216479
216566
214422
209553
205807
216545
210729
214276
213326
214174
213866
215381
211060
209895
214745
215319
216911
212978
203151
214393
216530
213184
207576
214552
221805
209376
219564
217388
220161
219571
216751
209832
209250
218643
210953
210105
208779
213417
210167
205003
207481
208137
211333
210191
215932
213613
213420
214754
221380
207244
208380
213371
210202
213111
216199
204893
212071
216033
202297
227393
210527
216458
208626
205808
218101
206736
214099
213160
217652
210640
220060
210977
206497
205724
220855
206836
210311
205098
213378
218618
215841
212102
227197
218724
217686
213471
215239
220522
212684
212302
215688
214734
214379
214813
209734
217307
217204
226401
216686
208777
216938
211252
204382
212920
220146
219908
209761
219626
213849
218548
221467
222247
218830
217745
221927
215038
222594
221871
223250
222121
216956
211631
210401
214561
211327
222532
219360
213616
222867
220078
217985
219295
214021
215740
212974
221299
222467
219060
214031
217028
215435
220425
224207
216815
215649
223560
216753
210928
218897
214798
215771
225483
214710
230486
214890
219644
215766
216728
213502
204606
212836
214430
210394
211549
223521
211077
212264
210180
214678
211568
206052
215455
217082
207871
215632
218250
213165
218740
210858
219540
218803
223680
210912
212139
211825
220997
222390
215097
211267
212931
217355
227018
207085
213883
220993
214201
219814
221291
212825
224138
218603
220767
225275
214826
213642
216572
214095
218863
212958
218655
217660
222183
218806
208305
218326
225090
212733
222914
211305
223154
219640
217164
211613
217958
215969
216634
212973
222483
206151
207514
220168
220820
219471
213828
221338
218315
214244
222688
221009
224813
222150
217939
213822
223721
216790
218006
221422
222694
216647
215150
223713
216924
219698
225345
218735
224508
223698
212722
213694
224941
212551
223924
214589
215168
210748
216211
213236
217277
210106
213537
216304
214523
205291
209321
215882
212660
221313
216496
223916
214714
219707
219340
221771
223519
218783
216960
220072
217750
212678
225464
219656
211199
229023
215399
220891
218578
219872
220062
213196
219797
221866
219705
219780
213697
208592
222613
221493
210482
213795
219603
215776
208209
221079
213921
210286
217612
219046
217996
217196
226521
224015
219383
226893
218001
222439
224196
222781
206546
211812
220173
223534
217608
221674
227833
215873
211491
212133
216915
218169
216401
227767
223155
222940
212116
218919
216816
224973
218669
212475
226121
220505
227887
211250
216362
230663
211302
217394
218413
214733
211543
209547
218243
213134
213011
217835
214657
217107
225306
213805
219760
218668
223049
216911
218657
222898
215505
216229
214437
219134
215027
218356
209329
208924
212135
214371
209177
220345
212430
218852
222495
222875
210265
222879
226047
215259
216458
219571
208176
215794
214027
214182
226682
222066
224251
213528
222275
220817
217547
217598
218101
213253
224088
220365
219249
208074
221351
210636
223038
213006
212211
217268
221074
217604
217229
210941
214062
215843
218662
224295
214845
220206
216541
216061
212857
209551
221854
211679
211505
218131
220127
221896
217843
219236
206910
210895
217432
215932
219380
213399
212595
213895
215328
213739
218682
207746
225270
224645
218666
217744
214403
218153
210937
213263
222274
217549
217564
218593
221666
222105
216427
216666
213339
220157
218753
219707
225630
209702
209081
220400
212739
216707
219956
227876
222475
215396
218817
209725
220058
224184
209037
220969
224762
214380
217403
215976
216375
218847
218689
217441
210860
229156
217969
218344
220714
213928
219060
220708
216026
214246
215490
215082
216376
218994
218160
219887
207440
216711
203609
210805
216440
205024
215444
215025
212773
217970
223120
223273
213921
215054
216474
215542
204723
215540
221758
206969
219805
209201
197188
216209
209444
221365
211182
201432
211906
209853
206928
216339
227058
210251
210720
218529
221763
213947
214223
209784
219363
211413
224802
214133
208579
215544
217995
219996
212126
215682
222463
215621
214437
220196
207064
211962
211935
211180
217916
215461
211690
205651
203188
208292
217284
216618
214683
205074
214538
218875
224077
217015
220968
219577
211926
206758
212841
222218
212599
218232
218149
214305
213619
211596
217038
216299
214666
222665
213207
213078
205735
209591
211928
220759
214496
211858
216340
216208
215408
226500
211171
211517
212629
211402
209115
215266
221491
216711
205862
207777
216298
211402
216549
215370
215107
216222
217756
211567
220364
205079
210509
212225
220428
219471
211051
211641
210007
214726
211687
214617
208800
217022
209427
212603
213995
219992
201230
212067
217789
210230
217492
204248
211159
209386
211396
203959
203119
219647
228304
214211
225908
210910
206588
207677
216387
208912
208845
211105
215255
211086
219437
218375
209115
211741
213099
204152
202118
215435
207757
206027
209899
213257
214315
207856
210748
218610
213399
212915
210708
214549
219620
213344
212123
213924
214349
213500
210762
211948
216907
219201
213755
217669
215525
207609
214949
212926
224401
213390
218723
214843
215930
221098
221127
212660
223159
205450
213157
213643
217049
213665
211366
212122
215776
211117
211749
222633
213751
217546
220051
215094
216336
217528
202392
209271
213136
213120
223017
216254
212048
208802
204087
215944
214067
208798
217252
211807
221477
220585
204445
205023
210222
214937
210653
220787
216845
204751
208638
211121
215718
209619
210761
218067
207226
216182
215588
214338
215511
214516
213164
214570
211357
216013
211852
219368
219599
211256
217961
225236
222798
214954
215155
219153
218790
222433
219650
221501
224030
225947
210681
209201
211818
208954
221755
228022
219144
211473
208345
206298
222680
212475
214005
221334
216078
215782
211382
215818
213935
210943
215300
217545
218008
217503
217075
205463
215028
221015
218529
221534
220954
224744
215703
211135
213766
213034
216321
210979
215794
215929
218388
209268
211668
211384
222926
206786
217597
209282
218886
214412
216733
218194
219592
218523
226765
213103
209646
211414
207578
216158
219095
217932
215279
219425
215803
217025
209349
214495
213144
214643
218284
215205
208898
221233
218485
212899
222113
222595
216124
216801
220191
212454
221199
211122
210956
221366
220743
225870
214273
225678
219447
215051
219886
221240
217789
213654
223067
222804
218163
224222
213631
217231
216772
213694
216133
218250
220067
215079
220318
227000
215450
218016
210772
215307
216037
214685
216627
222142
222545
219995
218600
216067
218806
216724
208762
221929
215544
216346
214955
217230
221218
223932
215503
221430
227432
213788
223896
220884
213477
213541
211757
215993
216025
219329
228507
214321
213962
219137
218410
223070
219183
222670
213431
219210
218131
209298
216614
209517
218036
215568
222685
214516
216065
212054
221682
216307
220118
220576
220907
217709
214886
215454
219540
216228
223060
216431
216701
217161
211440
215355
222880
220252
221615
214449
213221
208125
209698
219809
217216
216828
217119
216176
219196
216338
224278
212736
217339
216564
220924
215238
215903
212330
216816
220358
222112
215775
216371
216129
217268
214227
221687
218716
212388
221535
213389
216262
216529
216058
221302
215899
214945
221984
218132
215086
220279
213035
222498
217694
222891
224928
211810
222179
217871
218822
212012
215328
215346
216303
217858
207011
216999
210881
212146
217974
225343
222907
218198
213966
214082
211640
210166
217934
218365
220262
213612
215948
214072
207556
210460
221775
222015
211751
214625
216164
216437
220844
211142
214176
219342
216077
215798
222526
211901
211806
209284
211361
213152
219275
215755
213187
215482
222028
216044
217032
231524
211543
228479
218823
222397
217874
215350
220335
221192
215293
213264
217511
224673
212725
214058
216177
215595
218249
212499
214968
219685
211643
223362
218857
212685
211799
219038
220832
215392
215045
214281
221249
222885
217784
216995
213969
217417
212444
209972
221750
219489
220254
213738
207810
213746
219656
218325
213197
221410
217510
218773
225947
209390
218695
212829
217511
222466
210422
214678
220966
223567
223361
225607
219063
218814
215366
215740
216164
222069
220177
217127
221120
221929
217865
225503
218672
210476
209536
219477
220710
217826
218048
223202
220664
228080
214461
227030
210418
210909
213763
221871
217634
218825
219116
209592
218510
232174
222251
217429
222688
222003
224987
213178
209440
222074
212523
210626
212666
219748
219937
221336
217047
218695
219580
211432
219054
218779
214796
217452
219442
220533
227847
223175
218322
218062
215408
226026
226250
221489
220801
208135
221119
221012
218798
212728
216992
223210
218756
220333
227042
218893
214098
225155
214090
212424
217843
219871
215830
219716
219225
210317
218862
221837
213093
225488
219688
212136
214364
224814
217265
213411
225320
224289
209012
223693
219630
223666
221241
212305
213195
222236
217034
232779
216664
211730
220925
216170
216056
216563
217242
229641
213558
225008
208667
220671
211129
219624
217646
223735
219663
224694
217085
