223019
209666
218158
204236
228281
209920
206655
213985
215274
242193
220403
219824
224871
198678
220185
215959
214500
228371
224356
220087
222949
221309
220845
235806
214936
222676
218398
264250
234571
233215
220713
208532
219032
226753
215896
222747
222541
226785
219610
226051
201955
224108
226069
235668
229126
228093
244658
199086
207152
231055
216484
212724
227172
218514
224747
221114
222588
225412
208753
214050
219570
219109
232285
216680
225905
204217
225987
224134
209745
209935
218339
213718
232527
222612
247599
228992
237801
221013
225519
210998
203594
212295
240232
213253
202472
215572
217146
199104
229871
213115
216871
203202
216432
220455
210184
219556
220834
218139
216220
238993
209700
215908
219722
219839
220957
214868
227034
222357
231081
216996
210929
227726
232313
209754
222551
213596
214345
216079
215043
213547
219851
224648
223592
217823
223093
227362
232309
229940
199939
224121
207941
230837
234526
219158
213210
216075
211908
227157
220757
215593
216383
220096
226059
228056
225448
217997
226762
220838
207199
222781
226054
225015
211986
220271
219107
219260
216949
219715
240205
210618
224531
248409
213624
228655
236187
245377
218184
235188
230681
242957
213660
227462
206661
220384
226738
221177
244756
219336
222971
234134
209691
217033
215321
212146
214997
211401
218045
220380
214512
214406
215049
227873
213179
224540
202715
217971
217436
215173
208728
227461
239631
244794
247780
239790
239099
241961
225440
216669
204588
220188
212002
217481
220449
208430
223532
222198
255219
210602
218655
219382
244372
198018
215578
268336
231971
221368
212676
217493
225226
228966
199450
216281
229226
210008
211485
223440
224050
224105
243951
247404
208361
213811
217307
201242
217002
204985
244586
220970
204439
213910
220369
223174
213279
243350
207748
216476
213515
275598
218923
223336
207302
218818
216829
241344
213123
216668
230239
217214
204762
206759
216418
216549
218205
235551
220398
224917
210629
225505
208103
218660
226833
265825
250767
238564
213486
221060
214150
229646
212364
202211
221183
209159
205396
206858
212183
208384
211750
206639
212111
225706
230349
194511
204511
231056
226766
213981
238108
227744
225241
222751
243685
211023
235175
223305
209744
258090
236872
232185
211692
225708
248842
215267
218327
213044
204104
217959
217562
237955
235058
220433
219955
221856
211667
223489
214523
217414
217099
253774
226738
214274
223466
213818
252695
219445
220960
220427
225655
228248
203965
223921
220833
220994
235382
220723
213699
212873
249832
224028
215733
196725
232368
222785
200291
203788
222844
213565
225539
218935
254709
215731
214997
223779
208263
235192
206023
216585
216783
250801
229138
208035
224583
211186
232251
207528
225636
219780
208321
212086
217507
222336
220536
201250
222967
220613
259439
224263
214465
226698
220903
223262
219774
218554
200721
206243
214535
213917
215090
226438
245037
212619
218422
209130
250249
220449
212849
219757
225197
219614
220064
232036
211596
251683
212390
220776
261953
217081
201817
223406
211294
226663
211795
206489
217966
242293
262044
223850
221605
220528
213294
195129
221330
224404
221735
217001
276048
213077
222426
207345
209692
214070
212753
218162
213763
224293
223802
215616
224115
217809
227736
212042
211227
224121
210426
227187
220251
214136
216061
207461
231147
239295
213728
250833
231293
204635
223402
204374
211872
213209
207422
215693
228693
212549
216657
206499
253038
204569
217047
219042
226521
222453
220773
198554
221366
255780
207755
264458
227093
218505
263173
237113
216105
209687
214860
261966
224620
207470
223550
212300
227246
200986
227443
219395
227073
218164
215639
215471
215983
215447
207170
231040
217219
197688
220731
207722
220929
198702
205189
218298
206337
222141
223367
224742
245055
227142
215115
226182
211600
219266
209856
228232
218015
246088
220123
220340
212144
229167
211402
216018
209523
219600
260877
208909
217196
254041
212693
213263
250261
218521
204120
251255
204225
190716
213072
228532
221219
219583
209055
214021
209042
223558
250139
212314
250040
216663
223756
213829
215339
220721
221304
220178
214173
231701
220330
216523
229119
212807
248956
219489
211196
219625
204524
250047
211040
214960
215275
202532
209527
221987
264345
228497
224246
218948
212512
220393
207377
214843
216714
212786
206359
220140
226909
211784
223902
216620
210898
219576
210229
204606
244355
249502
216313
217606
214030
218838
234780
199968
218771
271565
202979
244365
201367
218803
211218
212318
208880
220693
248903
218659
204392
224377
204424
220451
215530
233156
221083
252514
249012
187234
216812
263791
216057
207307
214295
219784
216145
214036
206094
204894
211603
203852
224613
221358
203007
215227
219034
212872
209383
219748
216873
202242
206019
212161
210457
249246
215617
247536
201045
202816
256489
226800
206317
228789
218792
216793
263892
210628
206069
251951
225129
207455
205636
198169
196368
214408
226161
209680
249463
223087
201937
226979
218160
210975
257187
211941
228610
217315
234795
236656
272793
201547
211726
207938
206924
262054
215545
215133
217804
209653
217408
214061
212555
222532
229020
254804
209107
207081
267897
223282
205165
208525
214708
206747
210519
256212
218224
200804
243820
212725
208436
218024
218182
204833
221049
214677
235418
222384
222640
209965
218256
220209
204196
227560
219277
252491
234602
225647
196644
214194
233055
274732
197075
212318
206785
254873
209942
209045
204775
254956
213091
195461
254088
215595
272173
207031
223648
211242
211781
232565
224958
213009
204656
202649
215355
218800
200533
257577
218665
223074
203719
204084
220577
228791
209324
206738
220610
257267
215955
215377
213511
265680
213615
208795
222898
212332
214138
218295
213888
211903
212946
225896
216761
213154
245465
227006
206633
208444
202560
222127
253346
213214
218628
221369
245902
199424
221981
216777
256097
213224
224264
207557
223891
205595
197825
213244
215227
219043
197776
226845
210106
233234
206588
264092
211821
208354
201828
207576
260215
221778
214481
208112
221465
201658
232492
202293
205843
275815
202453
236741
207813
223958
207471
207080
212624
209805
236177
268270
217251
217278
218103
247447
205988
220785
229355
250705
229877
259864
225706
211221
212886
202967
207925
203684
212856
213266
257673
265959
218127
226631
251479
213537
205457
264880
224800
218258
209644
213376
197108
213420
215141
202184
216021
205954
202107
217434
212431
197404
224414
225704
222658
229688
213015
218971
198204
189462
214676
221765
225595
276303
201552
205499
198114
225388
196003
212335
209957
226983
260255
216497
216300
211580
216317
221302
210967
204245
211303
201375
248119
243641
207312
209947
212385
200412
214759
214644
208907
214422
216161
209423
209375
203145
272917
207134
212790
266322
204301
252009
210950
216745
211147
210396
238805
216824
232811
243876
266337
251143
240358
219897
214827
212263
209538
240047
226145
218397
249279
209856
211117
213863
218643
203674
219656
205270
209672
211168
203871
202493
192130
208866
249773
211513
210253
206080
202134
217206
195722
254142
220107
210564
213627
217746
218732
218042
243317
231564
265453
203650
201055
206795
251822
198272
196087
209879
209308
200087
241521
218643
204488
267911
209039
206349
212376
217682
271133
204221
269941
200544
207148
197987
213160
186358
210860
223282
198798
200506
207040
244941
222770
215782
255785
210745
215152
213251
221615
200897
216575
208412
212465
261041
211294
256333
209825
205544
229921
249379
201030
230094
268533
261735
210548
275886
213425
215580
204603
284541
218730
256924
218795
212781
211655
212868
206652
207161
205649
214959
209770
215843
200669
215302
217772
248352
223156
219199
250716
206543
229871
206034
206505
211945
209643
205096
213200
218942
270065
271695
208744
273243
209182
244568
206949
239232
211660
219150
214753
194922
194760
210262
265778
200197
243559
210454
219133
225769
259395
196167
257000
219109
210786
217491
222037
267252
221659
223322
209518
264417
224606
218200
207953
210414
260994
211988
263254
255776
260330
228810
211079
213994
206297
257528
211064
199211
202094
209487
215594
273341
213107
206705
211991
191429
207844
220483
219565
254921
195464
216161
208367
215076
206038
214331
207945
208969
220087
204772
206645
214189
214202
211789
224399
203362
215176
204111
209499
199283
218096
226193
247786
189606
210350
216466
213373
197659
215535
258181
258049
200419
219171
258619
211488
198032
199681
261452
223434
208196
214522
209984
213664
204149
213148
218848
204369
255113
234074
255850
200822
200934
221177
216623
222898
213544
212370
206699
199112
247104
242991
224805
210998
204336
227856
205681
202107
229553
203117
226820
219278
201261
243094
199448
272416
208291
203314
215712
217653
208426
255070
217806
266485
208941
244937
246003
208790
203964
216611
214388
218682
267451
264221
204581
215677
213041
212125
218518
221132
204105
209417
214324
202242
222495
274862
219688
206530
225929
194591
208251
213807
211975
218635
199907
257948
213373
199108
212215
198254
211113
257673
213171
205284
208020
212436
223479
252178
261828
214540
220473
202728
210912
212841
212870
198912
262120
208654
204679
197348
211871
253181
213323
249394
235701
228653
195170
215434
201306
261116
204719
234586
200213
261413
218616
242848
220269
208557
207502
204801
193237
210374
265447
200401
257435
204007
257344
207849
201583
201795
254117
211697
219205
202962
215150
219633
264939
207909
209851
214090
223028
262145
198960
212856
214096
258151
212720
263707
239977
227630
218200
247501
214542
219750
212493
269197
229121
206560
199236
204207
205230
239041
217061
201868
212639
207863
212806
226495
210856
262556
212796
210164
254609
213494
226023
220964
204118
207861
197119
208856
207507
222496
212277
199124
194657
210425
268484
211249
194043
207446
199437
220615
225874
205668
207827
202996
195935
202502
195058
209701
228609
206716
226904
216880
204003
195170
211595
226614
214794
209341
217096
203584
210188
219044
206061
239978
200572
211803
195714
254156
207310
192677
218240
200882
199496
196923
207918
249301
201781
258736
262762
200771
213988
191477
213313
223584
246063
201340
196770
219714
204215
214509
201803
207121
255549
222663
207509
214083
287447
194482
196156
263322
197626
199393
270024
221449
208053
209253
218327
203027
262638
218286
213378
216727
234679
252532
213900
213047
221885
196815
201475
198911
197094
223582
210933
215297
206773
214397
208959
216818
227299
206010
260550
210853
246930
234693
216346
228159
253103
259048
201998
209237
199350
224175
199833
210008
219707
196215
204190
192688
253079
192550
219310
215614
210410
227407
266604
202733
220096
204193
249783
204666
197529
211963
193964
222856
244866
218763
186552
202395
205555
221766
216215
199695
215282
286673
214638
261113
197248
201541
202294
200005
267624
202724
219362
230046
271846
204846
235435
203632
206034
247707
203675
209643
202450
251006
226998
207395
205618
199732
201083
209300
199340
241909
209076
224000
232859
197020
208299
210264
211067
253169
210755
261163
205257
205791
222853
206357
265018
217684
220341
222664
220278
222355
221016
206470
206664
279014
224098
248389
271742
243168
203761
211966
237996
198022
215835
277720
191436
252965
212366
208675
277353
265460
205899
197387
203601
201624
196917
221261
207436
228904
212129
192623
207076
207340
215214
217064
219664
204527
197099
196136
244091
207284
209527
224440
233166
255423
219558
187495
212064
211123
195537
239117
196209
206097
205541
220976
199464
202488
263046
203405
203795
199450
196211
203030
212523
202530
238870
196480
196231
218405
212787
264278
270880
235394
207516
199054
200515
262723
277034
193156
191927
210214
209414
202976
210665
217114
224258
259292
202544
222380
210352
191872
262959
270369
212437
213412
225742
212790
207558
204797
222381
200493
220846
208018
248724
209647
201517
210589
212914
257480
205407
221056
197849
252830
212605
207022
201665
250511
209256
204318
201117
213747
248299
204892
265228
210233
253658
217351
212998
205395
209473
202866
196907
207803
194368
210468
206566
259747
210529
250074
251770
204094
204141
197633
265416
209408
212082
205275
269997
238983
205903
202091
269511
254950
192012
213550
272441
270076
211296
190866
220961
212947
211135
204865
239462
209739
216984
223692
226510
223076
227970
231201
229024
203651
200675
218400
198482
187964
200238
209397
233167
203813
202868
207984
211674
217647
276241
186410
203563
246430
216359
205261
209790
219629
203727
206060
221577
205320
193337
209904
246914
223371
201574
213576
203324
203441
202741
263507
228297
218582
226598
235770
236991
207929
195420
193243
207925
238102
209855
197470
192982
202118
186864
217686
253058
191241
213467
265183
263717
193284
204816
203956
196603
206829
266872
196531
204645
205511
217292
195837
202022
193006
238905
208201
205991
204589
201504
208338
204968
212607
203474
196802
201322
199942
202157
209150
194505
214768
221515
255151
208116
208530
211863
213140
199831
192389
201493
197481
205301
203211
247259
197170
196271
191138
206101
208689
234183
250723
210954
201394
220651
256186
210526
197984
214748
207378
254218
252615
247072
208878
199660
252533
210879
207307
227860
231389
187627
203259
203581
236757
264974
203608
195836
208124
278786
261524
194529
211417
208481
206969
275475
210759
206815
215387
268014
205006
205079
202934
214639
206524
208414
203304
203012
237330
196571
202132
197437
231484
192006
197608
193777
203964
200891
198330
282294
211301
268898
244522
244717
208077
259468
213194
198104
250985
206445
197857
252404
232313
213202
191452
251642
204334
237131
191539
200899
211584
222955
203293
196065
198379
201336
204143
225905
255181
215632
210642
198098
203392
189102
202227
223617
202883
259028
214461
241834
200053
214115
203140
243343
204116
250188
202572
197694
247571
176809
195684
218505
208394
213818
195859
196881
207254
204739
214978
238785
207298
198109
261666
196408
199660
207636
265555
260435
191620
198103
232992
201486
254362
208033
187508
202613
202522
195913
187452
214552
237044
216331
192462
215533
200438
235776
234738
199532
204658
201998
195673
193362
210788
229666
255595
220555
246667
209599
196977
202816
268450
251358
210631
207905
237758
198257
201247
258130
205950
208831
202285
215211
251809
228178
197521
195003
198738
226364
200307
195617
210855
217431
243666
220687
209302
201832
202406
243792
223805
241342
192595
193733
187229
237094
253952
195970
275198
260297
199238
241804
218505
237070
226571
195802
214206
233503
203769
209648
243763
209154
256593
232273
199744
242201
228014
204098
276945
200653
200776
241494
204138
244912
217501
195364
215691
251572
232837
192400
194492
194444
204779
209832
194819
186704
210030
235971
201125
219917
227684
196127
264978
250435
202904
254378
203951
213801
266947
196274
194561
200836
206514
240543
201601
209585
223187
196230
205474
197295
197304
205615
191414
242270
222399
216690
226456
257485
257816
215598
187298
211515
214574
242412
192354
222733
265124
208794
274490
195927
236990
190586
198944
206745
203296
229960
193833
211747
259248
224271
212974
211604
184773
239257
244308
195609
201987
251230
256195
236413
194048
195229
210663
213238
221918
245382
202443
207816
186496
233877
255880
210858
267831
194691
198002
191879
191418
202337
223651
191021
201888
210177
191626
199600
278263
237550
249150
208278
209673
200836
210101
229547
206891
185495
190782
221192
195099
235571
246472
207674
222697
198215
257488
241453
254763
247739
211470
192996
260485
203386
261025
264482
227842
214148
207667
257015
208331
197147
213384
202602
204360
215042
257384
252590
272362
227621
184418
220790
198407
190345
247798
207025
198845
261157
234788
186825
197652
190867
191083
263903
209203
202832
255465
263512
200770
217235
224447
203301
196647
203145
207209
227148
267001
198744
201629
194516
202031
235362
191961
224743
193048
191083
208298
205048
232545
260234
202044
214330
228851
240814
247427
267253
199974
252022
214504
216519
274186
209666
244792
223477
247141
195222
197495
220340
213081
210982
250228
213410
208320
253135
269768
228538
238354
202941
193641
226676
232371
197994
190822
206528
209889
200941
246001
183170
207920
191963
204536
201744
198146
205443
228194
203535
205229
238735
192237
204736
256192
231761
237236
217361
214668
191406
187448
252841
216871
202117
204440
193405
202269
220723
268996
191106
198086
255315
254892
192310
192073
221473
203979
233485
229513
243709
204928
203455
226235
259515
200873
235372
194769
195185
259947
187857
200627
194065
204733
256864
233452
193743
234291
205602
229771
241775
203652
210194
205727
199831
206393
243055
202457
239141
196185
190778
218839
243636
207385
244093
203317
201991
210825
238165
197528
218723
195949
245574
206287
241519
222876
221785
199575
197368
197075
218789
248788
207814
211733
196656
210148
218892
201389
174376
258496
257560
266767
222464
211079
194841
196739
257833
216354
274895
219007
193690
197946
255821
185645
199603
197145
208732
197860
196895
235512
207497
189817
191614
215756
193596
214952
201498
194428
196749
249276
184464
197457
203899
255969
200192
263552
239340
224793
221569
240534
215017
211002
206748
239902
211176
207122
197799
206082
201443
229434
197565
222783
182837
242298
191001
255186
193923
247904
216277
195762
206231
200934
241397
219348
198840
247724
220994
211783
248147
218393
269401
195938
246301
199434
193989
218377
193507
187866
193959
193265
236811
205392
217078
211754
235652
210405
209799
241909
198720
201509
193590
207816
197768
232444
201348
229857
190024
256693
230132
206082
192374
195017
220853
216718
247645
194913
197433
201108
200136
219878
237704
222373
212616
254648
196678
265453
212714
213406
200729
179636
187906
192121
205249
240057
196421
222536
193934
186742
254260
208238
235371
255365
241655
202508
253643
252046
184015
204189
244058
227149
213868
191807
207943
188316
222384
193096
198944
253124
248517
194786
211058
193482
228929
249914
262913
244018
247662
189576
218836
202882
200463
239676
183600
195881
259192
220822
232965
202741
202485
253511
195816
249658
240508
185547
192225
216375
262793
190712
195418
198155
200300
232208
200797
200030
223077
208171
189427
227934
233230
225874
246989
192284
252908
194112
227309
194703
184023
215855
230489
256714
234249
208670
206550
186445
189323
189281
229821
257480
202395
193710
251980
257494
194202
254401
202943
208627
207841
193720
200693
236224
243656
206937
246072
216012
191826
198129
239562
249445
189817
202632
217635
190553
200102
246347
237879
264996
246504
250631
192550
205702
211343
197736
224967
245085
264797
198369
183836
197353
288097
252755
195065
187119
195275
205626
208671
220864
238596
235382
205212
226968
232622
246081
182989
187075
192566
199623
236787
264943
279820
191587
197797
175383
206081
184099
224797
248075
217788
204442
234169
221388
254833
194393
208753
237710
226839
201914
190774
193481
249405
225905
186153
203410
207204
213845
261944
232536
197562
201404
252151
212468
235026
195420
243763
213154
200659
193946
229532
207214
251914
244615
233202
238324
189807
247208
205767
188030
248525
190178
193329
189723
200976
194086
202819
198764
231003
242639
208499
211513
266388
193889
229874
222878
210339
203354
201235
199144
238816
183257
205332
193920
194780
203818
239642
200362
255804
253978
237923
188150
194115
193244
195346
215810
239091
195190
183596
203349
197306
230027
249855
196512
202853
200451
220215
196238
190056
221592
189636
196641
193964
197463
196897
186674
195701
188339
211129
232916
226326
263103
249079
214996
199187
201682
201412
180489
210916
190151
184498
202928
204612
245659
239902
200375
197749
222037
250128
186258
264870
220142
252716
193342
186634
236723
202148
190843
233647
255137
191340
226190
264349
198723
187554
253872
247483
191630
242930
195596
195573
193346
223203
244092
248365
191837
219197
180229
217630
195551
188015
245612
233884
189420
209159
245354
266995
195213
190134
187585
192215
261714
208867
212263
248080
209045
243950
194946
200111
204019
199442
238552
192981
201278
210205
249436
195186
200140
193855
208937
250611
263537
197696
205324
185376
233804
234451
236369
225832
219082
188661
215039
256771
182834
214105
250022
231479
189298
222047
242974
192944
198020
194894
240209
249552
192376
241562
242749
256752
239777
181789
206036
228001
245562
200825
224539
198308
207253
197082
195214
212886
204216
242252
191218
253803
261456
226355
237454
206314
204988
190178
208993
227765
252225
203107
227611
210811
234694
228090
189784
197359
189242
215160
204246
222186
212382
208108
193346
245494
191812
192554
187052
252628
245453
249294
198158
272940
250281
197964
183332
196786
216233
213898
187347
256614
235076
228469
203115
195770
182494
225207
205529
235346
194175
249946
223077
209562
190688
188505
192623
172653
183680
202013
220176
262367
240880
196728
189351
200876
217603
246304
236577
206016
206272
209647
242460
190913
200725
258496
215047
235591
200323
223171
235192
189775
191632
256933
239131
228521
248518
216139
247335
234444
243677
189391
212879
176529
203399
211999
199444
191133
207372
234154
252577
254231
192796
251011
216707
206574
202531
193710
232124
211306
190112
247289
201107
193522
194589
252772
192818
196046
185445
245021
240016
216606
189946
188660
197981
206914
204373
191281
203338
217238
187395
211127
223545
237854
206973
193532
180806
175297
238056
221425
209943
218045
198132
257051
182479
255224
229859
234989
195384
206951
214937
210989
213752
200941
183178
207942
219749
199891
239463
210317
182194
240794
224486
182190
215280
239073
189435
192423
254721
224341
206858
189596
239755
223965
209028
211822
229048
256902
224039
188079
195767
217361
200453
222435
251620
254414
197673
200052
223115
177237
194480
184406
195135
217627
237543
236061
182408
201654
201363
244536
243540
213653
221327
212103
202206
189559
239477
190006
219735
197324
239908
221940
171542
250034
190359
226188
240182
248159
197953
220128
233191
198624
225088
246845
238581
188725
252193
248713
191863
203273
284508
232573
199307
192031
257510
194814
184245
236682
201671
271700
237940
191426
227285
193195
233502
193681
217459
195210
196121
241662
258486
200102
185358
208891
238973
208499
192277
200509
189344
192982
227587
228285
239781
204248
251322
245099
246005
195885
188561
221645
195661
238493
185790
253513
235558
242229
257267
202967
209545
193211
219038
251063
223308
223847
238642
186382
182727
234371
226118
198363
225057
234950
202154
187546
193461
177517
226148
257675
224922
225741
223440
231839
207583
204779
190055
263574
262387
223319
186946
191624
195933
226129
232175
232708
231551
175103
222722
203385
202072
235633
223633
222454
224579
193700
209988
228565
243835
241195
254988
204741
197191
192846
250180
231347
243166
245409
186839
190904
234230
184842
187940
227658
267461
208425
184349
185765
182495
234565
206088
207356
184512
190790
232166
254293
191170
221219
214808
200351
224729
191196
193556
243200
245376
205817
183368
199318
173817
227749
232128
206159
187023
218614
210995
239216
232949
182794
187137
251229
217969
181542
190843
196445
188563
206457
244178
219185
185852
202540
222582
239656
188922
236830
220717
218282
258873
196601
252346
184860
237947
236176
189736
201289
217938
219763
243647
193445
254786
203261
241165
192675
232707
236936
197780
210112
220731
200449
190545
246736
220758
185018
224134
184881
227053
187858
224727
234025
185322
220936
193735
238277
242328
245928
225963
190923
201210
191555
205471
249092
224899
191969
202549
244734
211840
193924
194441
201770
248099
247963
241433
232303
186017
189438
217029
196740
184720
228832
240449
209199
232493
228020
227222
246453
257969
219885
190937
234946
207039
230266
225692
235290
237403
223107
180176
248340
182466
201833
188746
205734
205643
242071
247273
210045
182434
234317
245136
194856
250013
222197
192097
193690
240815
261047
233286
186362
223914
252077
247138
181150
246950
184447
197900
243861
229806
244671
209407
223138
175504
210210
203072
233616
250683
213559
193805
186139
236085
221488
186245
190851
233049
250931
193102
191785
227611
231440
237746
193037
191678
188251
236710
192924
226761
180638
185844
258043
211409
179868
243375
224206
209805
195238
253377
228487
224109
207089
206219
216215
223877
229374
215734
193677
227929
236528
221934
215016
220907
187591
192159
225834
200969
180829
212260
185155
237344
208556
186261
190994
229283
245236
217096
184555
189717
175963
214176
261549
213025
202986
182724
240715
193402
223470
182321
203377
255426
203401
231045
186370
236022
219444
191733
193290
190185
216976
248197
217848
227405
236911
226744
176210
192690
181105
256623
226912
232366
218964
207249
196302
194884
173647
202963
187479
214699
211663
176833
225018
201340
234178
191922
206822
175573
240833
252271
200866
199353
179859
197853
184788
239961
245671
234427
199734
246880
191334
178564
191336
239325
228418
259265
206379
191081
192894
178343
178835
243962
197441
201117
207806
255328
236556
227900
187190
180763
230497
193139
237004
191639
192018
179912
181338
214130
243212
192639
191776
181129
221638
232250
246129
183755
209360
256583
245389
200698
180049
183521
261482
248073
250439
247156
211684
227093
233494
236714
187384
175826
236486
244548
191729
189576
187185
246901
249428
243082
263379
245010
245273
238087
189022
183862
208374
196619
246538
214813
191888
238335
175210
185888
195424
193733
231570
248486
236991
182308
199684
201931
227713
188366
226494
192493
186005
248470
232511
236186
189634
240076
185456
257706
241833
244712
215438
238425
196714
229534
226915
187972
198530
229773
247663
234603
178162
187366
233620
197481
253876
222569
230679
246424
236602
244547
191942
239027
218247
243544
182655
236519
172461
222575
234989
197738
214676
252676
192885
184257
237315
216371
226455
181163
183239
223228
241748
196180
239829
185368
181117
191776
182970
242008
224163
231057
217149
182537
243006
238081
237511
166776
185864
235071
251936
260292
183922
251462
197470
230146
222291
228279
183184
192157
223131
228817
225601
197321
220947
188155
207628
220765
253503
178967
195522
234233
207935
239786
194900
228588
247713
167795
231753
219078
225729
206028
248208
202627
227666
230869
245073
223494
259755
216692
208225
180082
242353
198554
234739
236670
248632
215493
245947
192921
173941
225535
190978
215108
167111
193061
257247
240929
245750
176610
213572
180993
169013
221785
178436
227403
223511
253317
210227
183856
224496
245885
241156
187038
193187
228142
216944
194412
206785
195308
227759
187499
187228
231093
222998
170956
193637
188662
187139
237934
179521
186211
177671
240974
233483
238500
185502
235054
239770
215103
229828
208245
234733
229163
253644
275115
194867
187506
193053
192115
258517
223570
236630
183673
189966
220473
220673
231597
216443
192600
245606
231425
213581
189534
266557
196223
181264
176641
189663
186366
223480
215866
193494
189337
235001
227410
246093
216766
208355
186696
189501
248155
232129
228175
244382
202462
196504
191517
210842
234865
208857
210213
231117
185505
223204
207049
223253
186844
186057
205077
221665
232419
182385
191944
180792
237708
248925
180634
239585
218852
209992
177130
185462
251026
175466
253143
196411
226437
243479
232184
216715
233411
230627
244039
230751
189652
201913
225193
181882
233760
235315
252497
248123
179027
186854
215205
185925
234394
231346
218010
181721
242059
239224
183714
176372
181807
212768
242737
200998
190609
248768
181490
221282
241568
248556
229946
222438
187410
185237
215515
233675
215601
215132
188049
236502
194820
207741
246745
182891
226256
217936
242630
189110
183931
188920
243486
228431
180603
218033
194772
199181
219460
220910
186367
228976
229143
186270
217185
192322
180758
216129
188880
253534
218456
174484
257298
207396
186800
193004
199463
230281
239787
231952
176087
209559
225142
188380
237044
212249
187826
257531
234948
204321
227177
190519
239475
256910
238886
182715
198659
231241
254234
232295
252661
188490
223568
190442
234778
234768
250105
179649
207082
207603
227973
222774
210262
236441
194578
194357
227563
247256
229637
239655
248398
188756
179758
195753
190637
217719
245961
236135
232777
218361
182363
230867
236697
225009
189639
177323
190235
204465
170921
231348
228652
253664
242912
198529
227588
218366
182842
238784
177842
188438
233135
199889
219928
197961
234250
172266
237627
234504
186284
186284
180214
182125
179781
175901
189697
233967
229536
233963
240150
180356
189603
214873
183351
180362
226801
245580
225085
236357
250653
234712
241104
182980
225022
230405
240054
169427
176139
179402
241785
193276
240767
196204
172080
204055
181099
239975
176196
182758
182878
190051
215246
250178
221363
188280
239967
200608
180665
234626
228844
234229
245523
183322
200261
179640
214549
217480
242124
241644
226583
188009
216203
187906
182251
210026
222624
215132
191272
233214
220808
192847
207764
248546
211421
174297
182670
173742
208876
216427
224262
226234
230746
249264
174817
229807
169515
179992
237518
235738
240718
189570
184910
218410
182379
179577
219645
238209
254805
244396
188939
229380
227065
224360
226428
190864
212007
199752
184510
187314
238078
172879
188264
234441
178397
236103
224052
195808
191081
176444
209901
217326
228775
179498
231012
188185
186308
192248
194561
183920
240612
235012
181523
240074
222267
218499
223965
171951
242012
192656
197547
236553
234341
213163
204948
244597
183063
190130
211897
189007
223592
224477
213968
246723
241754
178576
187014
188000
238715
251460
240681
173426
242232
220594
226496
217627
237977
174643
236776
215504
240711
171987
225210
222598
207171
183901
239219
235172
208299
222353
240794
214487
192749
210397
242693
218536
240140
223603
182850
248767
165944
229159
231909
178109
178774
184838
185131
217542
220551
189867
224644
201026
205672
236810
190100
229737
244110
219593
189452
243297
225168
192758
173135
231254
235516
178033
188893
224464
242448
227280
170766
175470
173684
212626
241379
226372
214067
212828
201826
247832
176118
230495
211857
236935
218577
175890
201821
238226
221807
175133
199105
199018
215731
225300
178831
215859
197455
242891
226571
184144
187956
183708
203638
177856
209360
231924
222306
185142
225469
229140
186206
264095
220164
224874
226536
221743
167764
227419
245489
189238
234647
177625
235561
179035
238293
203955
185770
186010
247511
193017
207709
237486
163547
205232
182100
221894
230660
200280
193926
231732
206350
222289
228567
231716
206049
238945
210469
240863
173535
239702
203691
215178
181600
231035
214540
242438
221569
230662
192632
232107
234010
249428
187807
243513
239422
186773
188426
226422
184711
178979
247548
243977
182606
183004
175256
190710
245041
246342
222176
182847
219002
202943
222882
243960
225011
242947
204184
197987
174372
178005
171517
226304
234909
187741
176507
230621
182676
241971
214312
189357
193018
212737
216325
223837
205933
231952
180771
234630
180911
215019
191472
192213
222072
238873
242651
223376
171510
218041
185098
187344
179647
238976
236421
226780
190135
184685
226427
182101
239854
238154
181403
179318
175934
162418
226954
246779
247125
182049
222897
234990
177901
230176
232857
239200
174259
191516
227382
236596
235347
228751
187951
176413
238388
211204
219461
182692
231156
182685
254937
220574
198629
180927
208193
181890
186330
220978
205952
179542
220954
236791
240249
221234
206320
180804
234253
230719
194409
198338
222923
208581
177098
180191
215603
187187
217672
228181
189959
177054
195369
224441
206584
236557
172314
179725
213898
252958
208726
174547
220580
177865
187977
176856
212897
225295
231786
203576
174238
226272
201960
220119
187075
235312
248650
213817
241207
167952
234873
211204
224394
170009
209492
228298
226695
222875
197195
187663
227823
189255
241717
226023
183889
240991
166975
230540
224198
235782
204020
193830
221479
174635
237297
233624
172880
189933
230785
173265
176655
229683
221884
240610
231363
183465
238064
243394
202722
227125
188454
214094
201336
175969
206120
228938
218443
236755
227339
181858
235261
175834
223632
233553
232520
235955
217051
188819
230801
218331
166843
234228
234930
223162
233586
186188
212898
186073
176874
200193
227458
253243
246593
221791
188444
204902
182977
172689
179138
247730
229769
230766
222987
204869
180378
233445
178842
243926
239410
233327
228726
233036
224096
183149
224545
209624
237889
242235
180765
209355
180093
171081
228248
228616
216032
216318
215526
213557
181577
178133
228698
213220
220988
217647
227837
177924
216786
178572
239722
241749
175602
215441
223261
232480
214408
206110
187090
209132
218942
187092
223408
174316
250750
226832
230749
206675
167954
243377
240627
185923
237028
223537
235850
237237
177263
235290
205754
179387
181043
239807
254763
206962
219210
233962
214006
240021
236650
233744
181033
252669
236407
186625
227821
180168
170891
242129
231077
185380
223590
214912
220137
185103
209118
237305
225417
216988
183717
183435
175108
185671
242199
220349
177904
234790
180847
177622
182436
236830
246352
225591
237037
183598
172013
183797
207488
176810
198636
204652
252921
241600
169983
202263
179407
203754
244178
173726
240916
240409
236904
176592
177189
161955
175063
238398
254137
248991
186398
231620
219058
222712
244981
184977
226421
230202
176379
232899
225667
232707
223154
238061
206287
179449
181022
177041
228358
221183
239128
181552
212358
235090
228596
183604
180120
225331
224153
170688
175839
223415
218657
203480
218280
185044
178993
231070
238221
187329
207809
236637
232404
184757
245841
234421
244176
220251
210587
207542
175427
236748
238202
231497
239595
230161
238242
231564
203743
227054
224533
215115
211791
224906
225442
218325
172517
174491
237000
228837
176191
221095
184289
180485
200252
217357
208959
169941
234812
234095
234028
211936
187658
242551
214737
173829
227962
246463
221403
215224
202844
199589
240616
228559
239956
187039
233212
181689
168790
228983
174128
213422
232366
227456
227395
181818
235227
230773
226094
176154
219170
220607
242936
182171
238260
233450
233506
217799
182231
174309
236130
237178
224574
174945
232694
214842
217537
234333
175894
217123
178493
167747
232731
205342
180922
229241
222503
223631
227971
226060
199078
170169
173617
247731
233532
214308
167787
222776
214638
228572
228673
228530
175634
173266
161770
234105
178859
190295
213678
234669
179536
175465
248861
224288
245557
213311
189430
189748
174265
223696
218103
181865
223590
244737
227378
215910
181701
240592
209765
175287
184945
220501
216802
202925
239857
204297
234654
183632
242838
231798
180769
179429
176371
221054
233142
235531
193037
236046
212250
181135
177854
173862
228759
237447
240840
236119
231946
201918
218975
244470
180522
174427
178466
211795
175299
232254
201177
183289
216381
224271
226342
230131
204989
178943
234028
240265
231011
215551
172882
188410
223717
227792
210355
236540
190021
236199
173711
187283
173855
166261
242182
229752
228109
209182
221757
224110
211475
184346
173347
233311
238934
222576
173172
187399
180221
196401
168181
230190
207916
178978
231022
217724
222159
178388
227253
215808
180338
219990
223410
179593
186498
241006
236291
222663
191056
233886
224511
229710
213714
174025
248715
174873
167657
234224
217324
214232
209110
228424
169731
226803
220124
181964
179448
194713
168925
211005
232839
225629
191915
228315
172905
234975
208575
222406
195632
170952
175815
184730
211680
215676
202284
233231
230526
226232
178858
218698
212848
231328
188680
224380
229167
227758
218289
205072
213147
169228
184834
185354
174245
234714
177317
175459
212990
234094
221326
173390
169650
174303
211490
233465
211507
210046
207912
234769
228761
174503
221976
236945
217467
230780
184236
174192
222274
190321
175022
238391
218352
230627
170142
202228
174854
216571
223671
220102
175019
221091
244648
181930
166582
168695
168419
178058
169177
233028
191432
184364
180539
218753
223325
248339
213946
180832
171944
221015
224195
222282
232425
223890
208845
188956
225612
176791
160433
221219
222395
237538
210753
184621
212211
225674
231838
249287
235298
242579
170815
204700
228846
207935
225809
189298
210275
215271
164859
216850
229066
216703
227452
172996
198290
182793
181435
184998
234713
229862
204416
223337
219898
235586
198049
172674
180863
216755
170882
234279
201458
242137
218511
219758
208699
175596
188852
235317
205739
185777
220608
211063
177320
183199
227581
242606
227153
213037
169360
237379
171364
177364
179275
201251
220133
221652
179259
203634
244602
175732
215420
239921
238003
213085
232247
207360
225872
183256
166013
215458
237675
238358
165118
176365
173833
231268
228872
227433
250677
231897
236769
180852
178044
206527
167126
174180
168558
171516
235507
170031
169685
238672
212288
205965
221566
172829
168873
240335
232261
237210
172669
239519
215666
213538
227684
225552
236347
205744
248081
176753
217839
171575
216420
212488
236285
212555
229471
210249
185922
219076
220869
209260
183536
206636
209513
235175
201556
253130
222812
230258
177641
242461
223329
225592
238398
232615
220187
232189
211531
229197
176882
227992
232555
235688
223416
228400
215919
206395
177866
239252
227857
229108
229814
165175
178980
228237
224042
215603
202566
166621
212445
181624
172136
211209
241086
215368
227948
180920
208159
171743
233818
231504
230637
231593
233579
219646
236269
218160
237689
239788
179218
179054
233964
195634
225498
233477
180286
232591
218867
216687
168604
226031
209822
222816
223932
168909
174835
208121
220676
216908
225198
221226
230447
177243
206783
205050
179048
217191
233512
174780
184707
228254
180398
192319
173798
168911
226374
220644
217463
185932
217081
245853
189912
237269
250471
203038
218054
202978
218560
162911
177849
174440
214577
218611
205309
176338
231413
180323
218347
177351
228901
220233
231826
198987
171798
172345
234042
234378
211492
199548
219468
207263
224410
238098
229483
237911
171888
204431
196788
213212
189731
227074
205547
195744
199143
230831
163821
226607
224294
213298
225666
225811
175409
238501
162659
213103
214034
185085
171126
182393
245932
241612
219563
221449
177942
214201
177498
227927
228539
225648
227641
219942
222905
233965
182705
233620
226906
201905
207632
219690
219373
236113
171730
177281
175607
203058
228820
234013
226678
224564
215033
242023
208108
240171
224586
178519
215846
231485
225276
164798
202560
224513
227452
230781
220874
226709
226428
234560
229430
217896
170222
222771
217342
238792
217976
177921
186448
235211
222069
240436
230453
237663
233543
233803
232675
236272
223171
205026
231197
217299
231848
243082
205816
210288
222177
174202
224785
239304
224485
235412
226970
176099
176786
219054
232068
235583
226528
223484
216319
234140
236188
170596
230506
225814
176164
203006
239165
175473
231035
200863
235658
173066
237580
168216
177951
169127
223094
220094
215329
224658
229365
181398
232106
225538
214218
164246
173786
177294
220612
245168
206739
218025
237569
233035
209089
221097
180416
215453
215833
230903
236937
211409
207827
226610
227024
229849
232801
176506
172861
226177
218619
234372
187072
178451
209620
218710
222861
220159
216961
222802
174391
170246
208723
221610
165261
207004
179438
228211
222880
217055
232551
226725
206657
179149
225304
219139
227594
229460
219668
179176
209366
232070
218221
221331
232094
200590
227220
213736
228792
168871
223822
230821
231688
205427
176072
227203
218605
212921
205222
221596
231382
215915
240460
164802
210663
166600
178917
205207
214603
182616
209566
220344
230192
161678
219490
224550
212265
222759
179662
167048
170359
206699
210689
217417
236594
234245
200430
226031
242929
234293
180440
221615
234347
213416
207352
223339
179308
168911
174349
216031
172216
207604
171117
226778
207151
173258
192419
171786
203068
233243
208857
224979
234779
228357
213923
167681
222702
175461
239832
177438
222036
233364
224044
173143
177608
221405
216559
238801
192174
214527
213598
223598
222396
229315
226977
226607
217722
224351
179067
201390
220612
241773
204086
224386
163099
226692
211350
223632
178879
212318
213839
180889
232049
180335
197739
170718
231235
191203
225808
212143
176651
224305
215342
228542
229675
214128
229952
179084
170117
180990
225208
161885
209213
219641
232314
174189
225353
218983
209305
213866
236633
174615
219573
223696
218527
215497
201972
221938
220121
225236
239658
231790
211473
234400
227167
221911
173447
222368
224875
174728
223355
207457
211689
229698
220290
179408
208409
238671
241456
167911
216700
226235
218584
215143
222442
162379
174231
171682
158677
171902
216144
227165
221276
174508
210502
216791
220988
211851
176333
220020
205003
236728
229714
226327
235409
234773
218162
179361
163537
177201
218659
218378
183222
215327
179733
228825
159937
165369
216255
229847
228851
160271
219282
225042
214103
215126
212529
219250
173712
164620
230471
224980
229964
231821
214037
224308
241524
232454
176322
212974
222042
224279
184108
170593
229826
168248
177767
211639
216489
213813
208219
220492
184868
242595
227696
222682
174515
232841
192829
216026
164603
169551
242664
213941
224345
229805
219094
195308
205382
180415
165343
178759
219272
241719
219902
228973
215538
185577
165705
218773
216612
177068
218330
206376
223529
231978
204734
211383
215733
222124
231582
226923
230732
232085
197780
179710
179784
218671
215366
238280
197524
182372
173647
219789
217301
227894
205889
232550
240261
179920
214464
165398
216901
205358
215778
237236
217404
217449
221217
211102
175979
168513
220297
225149
217296
218117
205952
211569
179598
171377
166172
171887
220243
218979
182138
169700
217211
224898
224727
224849
222180
205284
170237
168189
170430
229104
186202
158731
210512
211301
226204
212543
164390
230124
210367
218127
213131
218572
219984
236192
218794
224077
229912
160657
223073
205154
235513
230708
234981
226485
207882
218907
215306
169671
218234
219650
214792
172056
175850
225030
204226
213635
226176
176020
205240
225672
169473
231204
229050
230307
172371
221647
165046
169830
221006
221389
234647
219811
226074
226470
179057
228674
199219
221669
225521
227761
219113
224083
217236
202746
221578
221069
207349
230891
211554
218820
221790
227984
219222
239276
206262
195456
202191
164652
194614
223527
166976
207815
205081
221314
230957
170333
221176
211930
228328
224233
219420
221644
236657
178466
207996
172228
221989
232456
231026
183566
164268
207354
202811
225708
226111
179825
169164
172955
228562
207638
216197
210092
216241
178930
210939
170819
212414
214462
221241
215555
211114
219370
209164
173278
170174
216439
230608
223944
224062
228714
205115
175840
209797
210137
166234
169685
224137
226437
226041
221178
220977
234300
229430
226824
208119
175297
227286
207382
184166
206851
219251
224049
206182
213786
204212
203425
211725
212984
222825
209641
220930
204842
179326
200857
170201
221488
217951
220817
212711
159388
219038
204447
161192
180597
239270
207896
225693
230653
221460
244231
162601
168214
157589
166992
220982
212113
219490
206398
221401
231166
168067
224631
206219
179197
224472
170867
221233
217063
227041
223634
207660
205896
174153
217578
224840
208367
206607
211299
209478
218893
223987
227099
227206
168278
211490
215252
169221
173472
214089
233821
213968
172245
172126
172835
219702
232962
195751
216159
218475
217445
224012
229941
170086
171313
171947
172438
167399
209371
227854
213031
217537
198741
207326
217929
148912
172425
223059
210489
170082
227459
206200
208391
228287
172833
235455
220115
213150
169241
199648
216383
218511
239940
216031
218451
239509
211292
172036
220937
206036
223203
169706
168737
165106
213373
223439
222449
233620
199044
163151
204778
217549
219897
231298
197858
235240
178389
206762
211860
210125
222979
232111
223408
226452
170228
162375
166546
217419
220914
174730
223626
221936
212006
181175
209960
204106
217427
221775
212361
218083
225652
205990
220845
229645
236836
218074
173407
196227
198557
216896
229777
227874
226922
221623
217607
218961
220976
223672
223763
230897
216927
194500
176980
175443
216726
213026
218878
221250
224469
238996
207490
236253
200605
210355
231416
229063
218591
218538
173241
169011
234484
233907
170411
211277
204785
221974
157957
202359
202843
216005
205712
199054
218415
229064
168071
199951
197665
217853
213904
172347
206642
223602
169436
177239
225233
217357
226433
154377
208154
177601
217049
207437
164839
166830
220123
220189
214729
167077
171338
217843
218379
169401
199077
232243
166783
220649
231025
233399
231741
165091
171424
166108
162027
222774
196477
216818
166502
210283
223701
214660
242157
202385
175763
164796
225091
221019
208615
219762
203653
168905
229671
225543
174152
209048
212046
219927
215668
224141
205351
219421
211276
228725
221467
207827
168813
196470
217664
217615
229479
183002
161973
229131
230464
187710
238075
229278
239154
217767
218052
214293
218411
214899
232236
226499
204024
217531
199516
214684
171869
182339
219576
219523
241925
214785
170516
219534
228792
167718
169741
164732
212242
217915
239324
215777
205418
201194
171734
210638
236757
202840
221405
225477
225253
219012
169271
172473
166773
205169
170973
203507
208346
232117
196519
219645
218935
217530
158991
219420
211418
170549
200765
215371
221053
222105
232334
217985
213134
234356
158932
165728
231590
166456
157072
169966
224669
226506
202325
164348
215489
231728
217979
228875
212185
175392
165526
163295
177372
216769
224290
213739
227566
196628
164383
169456
206855
222349
212300
213715
211506
168726
195433
211514
214728
219472
224408
218471
225060
211094
228017
220454
209026
214144
215458
223357
218753
216838
211566
203897
224769
225690
216549
230450
216352
206829
225865
222942
167758
169458
165007
165782
208982
217776
164649
209928
223565
233178
218825
170768
235583
206369
223455
210187
219992
222546
208574
225128
163105
165355
172021
214873
231404
215763
205806
175957
215001
164966
203764
175741
210381
170245
221222
213024
226547
220211
225388
230805
176046
231679
203259
234516
202895
215294
220334
219564
227799
219541
203719
207575
221626
221526
217249
223389
171356
173533
225208
204291
218006
223044
165552
169963
213364
222466
171140
220360
209094
208803
162791
223693
230000
219551
164055
221793
171037
234013
203567
215524
214495
227521
170530
168777
207680
226881
216042
203092
225158
219191
174623
208197
168116
164320
177531
178782
220252
219599
213481
220121
228373
173889
215376
233683
227739
174247
177076
157078
219689
216290
185664
174441
215661
209541
225540
209469
202969
209182
209706
221058
238072
205666
226616
202989
222613
216118
173245
210762
178671
168120
166825
214979
224186
221086
211758
206337
211255
208653
166906
211391
228912
220355
164231
169531
216600
221743
214616
170578
217408
167668
222985
226018
219009
225619
219035
197310
173486
167871
224432
206158
221199
225796
229883
205694
207452
220106
223141
187557
166675
221175
224246
224428
230195
212914
214549
206142
215451
220372
153815
160161
221999
225051
225616
226560
202834
213439
208482
222506
220110
197283
203143
198182
210972
216482
216180
208325
202204
200800
223437
221620
233455
169777
210206
171278
197654
228331
215006
219830
168447
171396
211293
173398
160767
228903
213974
180874
203511
218800
217190
173348
160515
213260
210332
224058
161268
167915
195920
168425
225752
212402
229351
203123
172277
212297
219129
215502
165035
215802
221401
225342
166515
165332
220543
217448
216841
214293
218753
160971
163942
228136
217546
211933
217616
204634
220782
223808
206412
221424
217018
217109
213963
212974
223736
239595
231408
218970
168086
216899
207583
223914
203424
233333
203646
225420
210029
167644
167258
166139
210507
213682
229737
202340
216498
166760
161595
218190
230841
216333
220387
213294
227255
227334
217441
170227
214670
219784
220147
210693
203280
226757
222681
215470
214676
216875
164679
158121
222280
218156
210093
217872
218090
216591
219234
210203
228601
215908
207649
227824
230949
212854
212115
205083
219337
225447
212986
167366
202454
208241
209288
207416
221606
205982
220409
231867
209489
218599
214613
211242
220177
218924
223557
219436
204291
218443
172910
170792
225982
212198
206068
217525
232339
169987
158075
208072
223187
165004
218218
196009
211435
215740
224339
214462
230759
223632
226052
216801
204268
207247
212181
212248
221781
173135
221937
224019
167284
161279
197293
226195
229210
232187
218943
215175
221599
223807
212344
169053
172947
164598
209753
219460
199559
214620
216419
209732
223821
228706
225950
216077
214500
214705
222716
205599
219951
217893
202045
212390
215136
211941
205003
231212
219077
223508
220463
193095
219031
218168
206661
203604
208215
221298
211654
200296
169108
155255
195190
166440
213860
228327
218022
213964
213580
219702
159970
189767
216914
214169
174942
207243
211737
214292
214976
160277
207107
224253
227786
154588
206356
216944
210533
209891
210915
183598
219171
209775
213315
213990
226409
204193
225967
227629
161222
224503
169463
162949
203857
229401
231886
204670
227633
215389
227724
208795
214289
202717
168087
165732
212732
222508
163927
166695
210358
208150
230978
227802
210101
211941
213973
165628
168544
161290
162646
210174
160912
212338
231534
218253
211490
215073
214782
233178
202692
173013
219257
174524
225086
233481
209323
169447
192764
220248
222910
166766
218835
204670
229790
206065
220753
219646
217369
230398
212095
207189
224276
209154
177117
156529
200951
156075
214932
220395
219691
212948
223791
207128
230406
213753
232715
212171
227526
225639
166237
206791
192324
211081
210797
200872
218928
165005
217599
205042
210455
203302
212480
213369
208901
208867
212748
215912
223135
211234
200924
202158
207228
175310
194359
214898
217238
228074
203353
223495
206920
222221
211456
204607
215569
202423
224849
227386
215744
173637
232291
210796
226998
153711
205592
206279
198665
225461
231427
210994
226054
215325
195690
211159
170796
165686
213377
173814
212028
218816
223555
209470
215245
204727
230993
198329
166824
212900
223194
162232
194190
226124
222597
228540
213203
201300
228119
217493
210890
212047
200409
208282
164789
215395
200681
166249
216817
215272
218167
203588
212879
164428
221180
217827
211468
219492
215885
208454
164132
164872
200364
209559
208201
227278
216701
217497
208902
218362
229129
208870
159211
209402
224981
216967
221269
203342
210532
217706
225922
207343
153279
153675
213264
209678
216181
212888
220657
219335
210562
207810
215047
206482
204567
211218
205611
209804
170969
170043
217440
166598
217599
211036
167507
205086
210129
203915
214275
212474
207711
212023
231588
206868
218834
212001
220189
218108
215613
172216
162697
216151
208954
216318
215202
218856
218512
223250
166033
219029
221711
222694
206096
164468
214681
204092
170525
165370
210289
206857
207966
210997
223007
212774
226690
165502
207578
216489
219329
224104
225931
224533
211023
206992
200864
221867
212400
211544
210030
205415
205597
213344
167672
217581
213772
210095
179368
222854
165850
170217
162647
216330
171222
167217
202925
222767
220702
186551
217175
206207
199361
215895
215668
204489
227904
169238
212613
168270
163975
167909
163726
199756
173060
202209
206701
208610
158880
212342
213441
197981
212313
216841
222361
172147
218337
214755
209808
218018
174537
207807
215867
216704
204633
218682
220503
209474
227109
215496
220035
215881
223280
221336
203381
224140
169968
171202
221566
202250
221147
217084
225817
223888
211371
217132
175997
156830
163653
215497
213062
209688
214216
226065
223457
217804
224635
219915
207624
156890
197834
209789
201199
199971
215600
166216
219444
205669
213802
219823
216674
217755
229719
215373
164664
222922
229406
233942
227180
158532
210324
207712
220276
220406
223497
200537
212132
214117
216384
219532
216866
203896
215707
234046
208442
214795
211623
202707
217252
220411
223565
174553
210326
216989
205363
223158
215414
207777
206399
230232
211868
222708
165166
164243
217717
207226
167515
158883
213395
210220
171964
210859
219379
210876
207769
221846
203550
218246
230659
208001
213921
222595
219292
211516
219406
227466
161172
213698
223058
222946
203260
171032
213111
224494
208667
220059
223957
210055
215806
219064
216386
213085
216522
202377
221293
224885
220937
163501
161087
210602
205720
232255
209921
208118
231854
203758
204192
206877
210332
199157
164161
207541
164526
209508
226287
212198
222622
212553
156923
164065
212397
204395
213188
211810
217909
204441
169926
164343
159858
165420
211286
162168
161307
158731
214126
210983
219772
175572
201035
207150
173897
170615
177111
161108
213531
218279
221560
223769
164849
206440
162975
215796
218428
196026
158397
209559
215804
163390
204379
222478
221024
210361
224015
204347
185589
156037
201079
210942
215596
221573
214311
209175
217845
218448
211882
213300
215416
221649
163802
207906
205549
203931
192734
160431
171261
224948
218949
213057
211837
218242
219221
226195
217808
214071
217016
227645
223149
219980
217531
207525
214614
172074
220079
202213
197385
210275
214583
210970
219629
217506
171624
222554
222178
214445
208961
228983
212515
205648
204330
216748
211604
210348
213502
214942
213225
164032
214434
210634
220544
162050
167853
165934
160941
171527
212094
211930
166877
214264
216759
214885
220325
208559
164634
166009
200138
225164
161684
211100
160415
201756
228199
206943
226776
214318
218252
206679
211960
219240
223294
208729
159857
168132
217467
221705
221119
215410
208039
166953
227904
189115
167117
164042
218514
220578
159526
166555
199239
164610
205638
218582
217228
206024
215172
172098
160323
200817
215225
214859
221939
208479
211651
166530
169550
218629
165966
201681
219310
213298
221301
203061
212109
212232
222808
226098
226969
219308
220525
206182
222111
210781
222019
159129
163301
220444
221322
225586
158465
212866
211303
207536
200829
205116
209598
217451
213409
208333
214275
234375
206107
214955
222104
227190
216183
215241
216988
218731
210602
206699
167714
154491
213621
209624
209941
218806
194065
199301
203303
202169
221678
227685
222527
227260
227650
205643
208160
212007
221085
204150
214479
211439
222672
216894
216336
223285
222986
212052
195210
216245
209881
212263
217752
217211
223298
222961
166496
216270
208129
206721
212171
222289
163077
165825
209171
217590
199653
223003
210541
224144
209531
208162
211206
222734
217224
223251
218388
225245
221955
217939
228588
213418
218196
217250
219347
174869
209955
203396
169786
166875
203112
221219
213103
218661
217760
216973
225545
160130
225729
215210
208350
221429
213597
214785
201659
204495
219217
204977
213936
209370
221831
220274
223206
229281
226534
214580
214251
230753
209988
162009
166104
205958
220372
218992
203838
162035
153690
153985
218642
221112
154329
161542
164066
213476
211156
218061
162509
205397
210369
171580
201480
218500
214211
208426
221996
216340
220005
205541
220322
213228
198522
216023
214949
222736
213637
211158
218037
232779
221846
212781
213656
213156
213372
208868
162501
165616
172460
213968
222874
205465
199134
221558
212730
221531
219640
160694
167889
176279
209530
202281
218380
220704
219579
221015
213904
212926
215625
174020
216757
161099
207001
217880
221539
232708
206139
217144
215812
167377
162047
213174
160665
168444
212475
197188
157403
164166
218888
220537
216906
218795
218767
231221
208548
210731
219542
215343
216932
203382
215679
216585
227270
227968
227958
218238
214010
203777
170480
213497
212717
157249
221651
219709
198324
214555
207728
215030
217747
216360
164093
166177
200273
209812
211585
213679
214408
221328
211844
156159
166604
209298
216343
159026
208390
213830
212540
209006
201817
213687
214257
219243
220110
221851
227158
214193
207867
215877
213558
152607
161073
167772
206161
225489
212836
207539
206649
211631
206424
208964
210075
215071
159885
158482
203800
209404
169435
207908
220518
185269
217048
212518
207767
206486
169633
204157
216782
219992
220108
221515
210050
200307
204912
159206
220474
163376
203773
218183
214193
212093
205984
211415
165725
158301
223312
210921
206816
222391
218022
213429
209444
216372
215612
202342
162009
156702
180964
217258
217044
224564
154391
210351
213639
162028
169501
165180
221251
230085
225464
217297
208701
210544
203934
216866
207119
205984
212495
161455
205781
168964
166585
218553
219828
218949
217068
212667
212720
216987
209961
219535
214832
217341
224781
210298
165330
167845
212714
207566
164159
156676
219089
205777
204823
197902
167119
160295
203073
213033
210845
212764
203988
211032
219270
212108
213072
202372
218726
217839
210516
206638
220531
199595
221047
213685
223431
210235
204958
173726
209186
213797
213715
217473
210221
216318
214448
197305
212871
157324
162508
200658
158411
155709
210835
219092
215433
219196
205343
215803
222890
213698
218481
212357
218236
163254
159865
218645
213548
204474
216074
205691
206555
165710
216824
201820
164884
216467
218063
221724
215038
219502
207083
202333
226495
207994
181222
210993
209177
216138
218743
212977
208748
210769
217673
216778
221143
216713
213709
220125
214808
217542
210597
212099
207251
199508
208447
204092
212130
215823
222788
165574
212294
197381
211746
158975
162112
166728
193242
211334
216431
211084
212908
165042
210816
225386
215314
215968
200931
219366
166578
216395
211887
213558
218421
161863
213105
160268
215307
209981
203109
213723
214919
221099
214604
220104
205658
210132
162618
169593
168290
220560
213640
210837
220862
216173
208187
159057
202690
217207
183504
217767
219113
205497
215870
206424
223566
213423
221900
216302
212606
157020
219891
215279
161977
222553
164398
216895
168831
217533
210724
208874
215107
217229
211789
205550
228351
210058
207608
213317
214107
218571
216342
212273
208937
209750
220072
165349
221288
208618
221553
218298
221502
212221
214748
215978
205014
204489
203908
218678
218160
226465
201949
211092
213485
217770
223000
209988
215819
231926
217295
215380
210146
210358
207037
161451
209527
208596
203120
204493
196016
215711
164353
166224
210655
207771
219764
206748
181010
209544
212409
213683
213151
197820
212232
212650
222290
215021
214188
216454
222725
203563
219628
227120
221557
218507
162797
167580
213445
199291
161498
207669
214536
214242
156398
211452
207744
216766
221479
212953
208549
164531
165515
163605
199455
164370
153059
162246
165671
164568
162559
164962
208304
224598
162650
157970
160524
208596
171961
159864
163589
159317
211201
203899
213764
162345
214212
165946
153545
214314
210562
205902
218081
204516
210055
207471
218333
161963
165632
162451
167122
166545
159731
223880
217477
215913
229503
215583
214065
209592
204989
218838
215036
162462
155221
157410
158913
157599
210546
164330
160171
166528
206392
219486
217407
215312
213279
205903
164725
221793
219099
220261
215395
212352
214292
157750
210678
161278
158976
154213
218890
217440
209823
215297
168484
163889
160337
183647
211372
216351
216330
227503
208193
217082
222332
216768
209778
215085
215988
210036
220762
213456
216352
219093
164463
167808
210305
216719
220847
214936
220122
215799
224086
168344
167814
160092
205264
208865
221907
205308
214086
160100
216345
216429
211745
221752
210721
204672
228553
208247
209990
217452
211985
216650
212325
216127
212766
217798
203771
197406
209185
197613
210906
214867
217601
208249
217191
220463
216117
211771
217181
209839
218622
206772
158366
211692
223120
214008
223687
223212
212084
158139
215638
218878
223355
214139
209768
211913
161722
165604
206707
204215
218609
215237
218625
225869
219606
214017
212687
210171
216998
204302
217333
224479
218930
212542
216815
167022
160384
170175
220755
161328
167769
165859
201694
204434
215860
225376
213403
215723
215991
217560
217197
196718
216270
209873
207968
213512
204689
212534
216135
216262
217774
208391
214274
226077
216922
216880
210902
215659
212752
216093
209778
208867
219142
221704
219374
203744
210434
221216
213871
217510
220185
161771
167285
195790
161026
220991
222871
211511
230462
168621
163865
221111
217661
213946
216495
220538
222955
216965
211984
208082
207651
153420
164870
163284
207632
211411
200131
208538
215103
211125
158603
216577
213191
217507
223855
224124
163124
204253
210893
228616
214030
211322
208212
215732
214478
225145
218699
220577
209988
223436
213197
215634
214642
227251
216630
217299
207703
213712
209786
218506
161523
163540
164120
158584
211974
208194
228120
214435
211712
215520
212465
219223
211159
222730
218086
213703
214473
217801
219261
209439
204623
208573
217770
188568
206332
216211
204970
225681
207651
205523
211501
215562
219356
212652
209415
198829
205911
221370
208092
217811
211335
222837
221361
222356
210397
219772
184648
162800
192821
217721
183918
227766
221632
220787
217441
213581
217985
210185
216107
207769
211731
202041
208591
221053
209880
222724
206902
223114
208728
218134
217798
210621
215837
206332
221253
216371
214008
211324
208590
223505
166144
163302
215636
211543
213301
219522
217052
225859
205028
222781
223112
213905
166996
160851
170026
215368
152566
205954
215216
216930
210321
217035
218485
211617
224262
226548
215459
227145
203901
164492
162384
206963
209003
214085
221578
163203
206826
214032
223643
212644
168133
162700
209348
217123
210916
213402
222057
206871
209812
210819
219528
213654
211375
202772
153901
161168
164405
162725
208977
214341
151845
206359
219087
220737
217790
220274
217424
213281
218531
215020
215174
223498
208844
219411
214631
211965
207623
222137
167353
168006
163839
168130
161345
213674
216034
210418
223268
211428
212807
204244
215850
217816
216395
219273
215643
206065
216909
216190
214683
217677
209500
215433
208389
212636
213071
207400
210897
213140
160960
163627
208778
211677
204278
165300
212724
218108
207416
200232
163408
151471
209533
209902
212694
152952
202282
216360
207960
212002
206757
208829
202687
208136
214003
225973
216009
216392
213632
218712
166573
217367
215752
214824
216271
218117
216738
206935
167199
217177
225939
225961
222935
224510
210895
207692
215624
209488
206674
219194
221685
217292
210126
209043
213920
215387
209238
223109
211565
221905
219901
203965
214226
210590
218456
213366
215446
197024
222196
212425
212975
165385
224175
155015
218515
209068
216207
213305
216224
208475
200965
213723
211458
166495
202360
209475
212717
216618
203712
216275
218104
212817
215200
210499
201883
209863
211021
207897
163081
157056
157342
162471
206158
203288
218644
216239
223539
209350
207373
216181
166202
218710
165609
164087
168615
162732
161423
212980
166317
161316
213249
162009
167867
163726
208073
209148
216805
215290
216058
215909
213811
223463
212587
225259
214410
213303
209688
212858
215473
220586
214403
216543
161898
222196
218193
213873
213452
216374
219554
217281
211739
206248
213791
211525
220209
213144
209756
164259
162900
206954
206456
232198
216133
213064
214630
205924
211090
207289
216112
218464
221818
221076
221380
158170
163704
163779
165053
167379
168002
218575
217026
206211
215679
194909
206277
208909
212833
197074
162646
204293
163089
162893
216476
206485
217164
216354
223353
215162
164106
161804
166360
167520
154346
204415
210570
217911
214362
225741
222953
157973
167541
166938
165941
166913
164447
164288
163870
163770
161805
224950
211379
222839
163612
160248
222791
214583
212102
214904
224133
213444
216459
220270
210930
224614
212695
212968
161304
161274
162726
169610
163362
218389
212881
215754
160389
219973
216838
220746
212996
205692
152743
162821
216923
221780
214225
208247
200473
216880
217825
212039
160501
210670
222014
214765
212593
214929
216396
226075
213446
213205
218636
216831
224983
154939
215576
165506
164569
219778
155012
186295
203331
215056
218005
221053
219105
207917
219580
208139
215818
214827
215756
215027
213131
208366
208604
165691
205322
159393
212812
220681
165587
210642
219095
221368
212106
218123
216438
209989
216461
215266
219608
212547
201931
204036
214338
163479
164807
211218
214522
206256
223201
226117
220381
208850
216379
219200
159307
157504
211654
216906
216223
212915
217655
210126
215573
227860
218313
213242
217464
215006
226424
223594
223736
209853
215993
207196
221144
213894
216279
216513
218765
215234
213249
217385
213589
164105
212560
218581
214457
205318
218737
220173
216709
217986
215699
225620
217743
219092
217689
206737
216298
218341
213205
216009
221747
208984
220346
168519
215722
217061
222479
226009
215563
219006
214416
219434
209680
211358
169822
164443
163761
162254
166906
213268
212702
217538
219239
222612
217158
203542
207939
212222
166831
213316
214070
206455
207982
209799
205789
218567
211759
219141
162716
161543
221963
160445
164379
163839
216797
212956
206065
221129
221121
161828
211103
217064
219733
217518
220189
210934
225304
222200
218793
223512
209690
163023
224654
216903
219549
221421
159390
158956
163824
165829
162857
220966
219806
221744
223884
216343
213963
213935
221629
216003
219099
215556
163564
208542
213804
215269
218668
214562
211386
218197
219308
221680
223107
215042
219717
208812
213899
220320
220019
202712
170629
213403
166402
209699
215754
211166
206518
215017
209493
170951
218315
213087
211032
166251
206857
214046
158255
163225
166161
161104
205724
221912
217008
212956
220064
217767
210524
218079
218307
213441
218094
220941
215449
214256
210840
206822
213833
207598
155642
206320
221214
168527
156541
209849
220456
167464
213433
213556
212262
162625
214687
167675
217349
159134
157289
156079
164970
156395
207057
219557
161742
176301
161564
213236
212952
220239
219238
225085
211477
212552
222344
215216
220180
216824
201740
213956
221584
215327
167288
217725
214771
220188
219210
218530
162994
160330
163373
166978
211093
211532
163005
160365
165837
207844
217247
215876
220905
216679
214538
209955
219566
207753
164241
205941
206026
206121
207917
210361
215708
221071
223829
219344
212232
220708
203029
205888
205489
218602
220337
168250
162764
167768
162822
211347
163185
218512
213859
219995
217154
214499
218832
214776
209329
218965
209104
203965
207524
205219
219750
208093
178414
202246
212242
211339
217355
214879
202608
221025
218048
166747
170480
164026
161717
162558
207418
216911
203283
216922
218449
211488
160436
207741
206541
208661
214739
206714
217787
218668
215335
211620
211342
214287
226325
224319
216371
214037
214952
212868
207812
203516
208682
219293
210211
219166
196638
204506
212345
228133
220814
215776
208610
167429
164130
165518
219491
215485
209757
164078
167933
169131
162473
209918
210131
216635
211340
210536
215647
216328
212242
221002
166392
217423
220988
231569
213396
218602
199746
210605
215253
203976
206697
171661
163155
165299
163808
159707
210721
210853
198804
213923
221913
220588
210585
214424
214467
170420
164712
215675
220753
214355
216501
165019
210639
218122
220147
217181
231440
210101
213266
220179
161914
209088
210583
207900
219865
217021
214232
214524
221179
209805
205113
212662
161708
167792
213176
214685
211229
217743
209262
213222
223064
223476
210109
219774
218794
217782
208055
223554
207498
163373
215298
215214
220542
220441
214205
161113
220474
208577
217318
165618
157719
215064
213286
220349
215539
220986
180497
208332
198394
216621
211701
162847
161216
164086
214097
216834
218203
214476
164215
219538
205757
212803
218657
221402
208780
216286
219091
210279
215835
221266
217527
212143
209299
208630
214067
220879
217828
221171
214242
205476
207590
223034
205828
169711
213439
219392
204471
223169
201334
185855
159546
168200
205205
158397
210203
218063
219353
227046
213548
213332
215477
218405
216681
168658
210483
217605
220073
218534
203833
201754
211731
221043
209982
204070
219250
218143
161582
211261
215471
216488
167090
218003
217926
211873
213668
164519
168162
216910
217295
216684
204571
215690
217514
164485
208974
158432
164702
176098
211171
213182
211190
212238
223784
220420
207644
223350
217429
220752
213756
200647
210965
215638
167508
220592
218025
207863
218046
219953
208925
215209
214978
225027
225251
158459
161244
214204
215978
223906
215437
218607
210531
216584
164460
218944
221296
227836
217252
202219
218801
214858
209288
208957
221554
219495
211435
218415
216144
203744
213241
174425
213755
197852
215991
207910
213637
213010
222777
212918
224152
209032
209542
162395
160480
186179
210657
201737
213695
200368
214023
211276
215466
211327
211586
216109
215678
163211
158363
161994
218456
217121
215517
219855
210444
224533
220552
211148
212380
218707
215254
215736
210047
227983
210923
222295
165712
214312
214128
224985
211234
216097
218329
207823
156923
206874
209592
216339
215445
165845
216662
214166
217813
218320
160847
217794
225534
168225
165196
159023
210322
216025
204227
204546
207060
200446
217504
216350
196463
226836
217075
219360
216590
213958
211509
212138
220950
212626
199989
200195
163696
168311
202215
215707
207820
212212
210827
213277
218328
223828
218274
162627
164550
165962
167060
208556
215533
215547
211896
225474
217861
165595
216882
212622
219643
209897
222323
223587
214501
213046
215948
217769
216098
213133
220508
217173
207603
216185
215663
209266
210739
169110
217932
220004
222781
208398
218703
213825
208119
218664
219609
213611
211110
215784
214039
217083
207765
212812
202479
211429
212333
206204
219935
213673
164453
216804
215422
220790
160846
211107
207882
216809
165221
164870
166337
163260
164697
163397
161940
162297
162343
157789
215833
215221
219378
215688
220277
162840
163111
222586
219638
157244
161893
160814
161918
163323
224086
206249
215509
162714
159294
164020
166373
210263
214899
215168
218818
217208
212142
214773
207109
208905
217102
218581
215801
218691
207755
164684
165384
215697
214471
212903
215795
215502
235662
214860
215710
216867
210273
215129
212251
211422
221546
227595
218230
216909
225180
216636
210129
213481
222199
212122
219620
223603
214073
212020
219514
161348
163236
165651
164245
161533
169817
165532
173781
159502
168961
163954
168702
215263
205216
211355
216857
212371
217748
213040
222707
220724
207900
213573
212562
176953
156267
204418
216690
221602
168786
162964
167698
162035
207008
206586
222369
208797
219453
212667
164554
210333
220152
210684
224468
202684
204581
205635
209052
224184
161298
166159
166364
163038
164767
207251
212875
214197
216893
220699
217449
215967
220953
201892
211302
188277
202160
206105
205362
208916
212741
213946
219677
224371
217680
218648
162018
207597
217534
219938
211548
217006
217518
216377
213864
205692
212660
214587
212735
158727
161439
163085
163857
165727
163478
203585
212624
204988
221362
233895
218619
159210
162722
207101
206527
209207
197449
210400
203876
167564
166051
203293
210425
205578
203024
217856
208481
204990
225518
221922
210836
222924
209623
230302
224299
207848
207269
208485
218495
200955
204076
217099
216786
205296
164116
214463
212109
219452
215170
219641
208487
218911
213840
215002
233894
220074
161353
165814
163344
214159
219041
161692
165500
164319
164090
204541
211423
213434
220775
161345
217280
164505
163013
