205543
203329
199002
193285
192136
201235
202116
200552
196700
209220
210136
203354
196916
189354
211929
198156
188297
203171
194099
199114
196433
198779
193544
206357
197191
210319
201354
197736
191706
189985
189997
206113
206728
203801
190432
196858
210391
193410
196681
190919
215418
203254
207793
191747
185342
192449
197181
196800
197728
207266
190885
194554
207622
186778
196727
198911
191447
195754
199369
204995
201260
200136
194763
201555
204027
201707
192182
199656
194550
193215
194497
201353
195628
199639
204980
218162
204942
205019
198766
195524
196770
196219
194295
199045
199647
198589
192900
201405
200072
200756
197403
204296
194741
192882
202975
195222
189218
200174
187773
204197
