200995
196070
199746
202221
193509
196728
186630
202447
204573
193824
197763
200377
199932
209858
209165
201790
197778
203487
205364
209048
206171
209627
196463
200149
198738
198691
203231
197593
190569
202292
210915
201097
203651
199574
206382
199678
202039
197224
206356
199904
195328
195073
204825
198828
199312
197483
202411
204902
207667
195765
199629
203826
196632
199551
195829
202114
195627
196141
197270
190296
193885
203349
202007
203030
196541
209925
184608
191747
203134
218914
194179
203136
197848
195537
202040
205952
200115
210412
194335
193000
207684
198408
202887
199935
206195
194587
196530
202850
196906
202699
195663
198808
198712
204364
205453
197397
208020
192134
203254
207562
