194925
200859
199434
202247
189531
199705
194407
200609
193264
200992
196238
195605
202254
208357
195783
200140
202643
190968
202577
187814
196937
188963
205400
199876
203139
204048
195085
199899
200368
193207
204341
195963
192556
195295
198884
197190
204556
203823
201333
201871
198574
197379
196617
190916
200189
200839
195469
198007
201081
196146
194434
201701
208476
201947
202729
209401
191423
197671
202436
199609
202800
198878
201552
204471
196479
203680
195641
198674
214752
200964
193018
202406
200026
203947
195284
195655
193947
201572
185389
196580
194271
202076
193533
189309
195086
191961
190262
197258
206075
195524
202276
194126
207684
208077
197511
209611
196096
197925
207994
205778
