202727
192742
196224
188893
188493
198312
189809
196850
196006
198345
200784
199764
191468
200840
188644
194269
192658
199005
205069
197662
197775
196904
195696
191879
194757
198472
193976
199826
195237
192753
191099
191058
193980
194003
189866
198460
185654
198709
202585
192477
191687
200268
196873
192871
202208
197278
199262
202022
189112
202494
198348
184099
200877
194266
193483
199126
188054
190929
191833
201429
196320
196524
188364
196718
195089
189383
195960
203132
186628
198821
193021
193770
193251
184823
194406
198779
195876
191413
195326
196814
201087
191313
197656
198486
194657
184759
194825
201455
191438
186439
196377
199108
196133
195382
193218
189667
197928
197416
199442
196692
