202077
207115
197850
197971
186553
204100
194268
204420
192256
198908
189258
206565
192521
201510
201462
198803
194231
208015
203370
200952
199102
198648
194741
201045
197043
206477
193450
200916
195577
190362
199410
204148
209264
198919
204542
197109
204446
197833
205773
192059
205782
194423
199219
196808
205708
206337
204842
203443
193043
206648
203573
206020
202663
204217
207790
197844
198900
196668
195645
200409
199870
197584
207112
191195
199906
193356
202095
205021
200589
198998
194447
199028
197005
202167
193616
199726
208065
201236
196897
204279
194215
197356
203602
199655
200282
202061
203068
203980
192774
191524
192829
201178
199780
204481
196964
196798
208369
197743
192826
198424
