199491
185853
186708
190818
189199
191017
192491
193625
197616
194891
194460
186985
184024
189579
191974
197384
202558
192657
198891
198120
186198
194920
192589
200460
183816
195991
200562
194913
196505
196848
193776
190271
200580
195620
204285
187473
192383
196919
198652
191995
193177
193373
192095
189310
193340
192775
202363
186918
186329
182105
191826
197369
188814
180497
190283
195987
193493
194671
193839
200984
193252
188811
191457
199024
191831
193400
192483
191578
193435
192315
187725
191313
191700
197957
198106
203374
191258
195602
197426
186007
190222
192951
193491
192978
187904
201966
200672
191618
194684
187333
188869
200419
195811
202714
189990
198533
185305
184228
195927
197916
