[0, 7999, 5647, 234, 869, 33, 425, 112, 2649, 10473, 7796, 17026, 11, 5990, 15707, 376, 50833, 51835, 0, 861]
[0, 7447, 4978, 86, 425, 48, 458, 48, 2109, 8801, 7778, 15778, 5, 5262, 12147, 205, 55279, 62289, 23, 338]
[0, 6659, 6359, 85, 248, 31, 693, 138, 2882, 8290, 8146, 15875, 10, 6078, 14915, 451, 58676, 63922, 0, 521]
[0, 7696, 6643, 102, 427, 85, 667, 261, 3010, 9097, 6689, 16394, 8, 6043, 15852, 507, 52008, 60705, 9, 261]
[0, 7740, 5818, 62, 261, 0, 317, 58, 2215, 8351, 6660, 17820, 5, 5538, 14166, 728, 61358, 55158, 0, 668]
[0, 8349, 6716, 154, 348, 46, 627, 56, 1997, 9030, 6686, 16319, 3, 6450, 15153, 617, 58820, 55277, 9, 840]
[1, 8908, 4926, 204, 472, 44, 328, 20, 2499, 8656, 7387, 15614, 7, 5216, 13795, 662, 59469, 56628, 0, 315]
[0, 7511, 4228, 126, 681, 38, 626, 37, 2183, 10783, 7700, 16810, 7, 4388, 13374, 431, 58623, 55594, 0, 625]
[0, 7953, 6296, 199, 440, 58, 314, 76, 2133, 9325, 7651, 17110, 4, 5953, 14299, 314, 58763, 64752, 0, 703]
[0, 6854, 5972, 114, 465, 30, 399, 12, 2974, 8524, 7188, 16247, 6, 4783, 15474, 398, 54357, 56725, 0, 217]
[0, 7444, 6439, 168, 520, 46, 624, 6, 1544, 8737, 7848, 15976, 7, 5600, 15218, 196, 53641, 56928, 0, 480]
[0, 8271, 6712, 0, 176, 36, 670, 9, 2432, 10143, 7625, 16548, 7, 4687, 11885, 410, 62181, 53813, 19, 460]
[0, 6677, 6133, 96, 852, 15, 307, 219, 2132, 9016, 6417, 16584, 10, 6051, 14269, 699, 45529, 52847, 13, 464]
[0, 7488, 6274, 105, 258, 11, 462, 129, 2955, 10619, 7757, 17239, 10, 5835, 16239, 625, 62620, 49046, 0, 711]
[0, 6686, 6065, 29, 508, 98, 316, 99, 1835, 9173, 9211, 16505, 8, 5533, 13885, 240, 55677, 52155, 0, 580]
[0, 7398, 5265, 39, 366, 17, 621, 152, 2110, 9928, 6906, 17418, 5, 6114, 13746, 614, 59054, 57793, 0, 721]
[9, 7535, 4895, 108, 527, 98, 363, 0, 1825, 8815, 7439, 17741, 3, 6465, 14119, 434, 49980, 52469, 0, 656]
[0, 7271, 6338, 175, 528, 164, 557, 2, 1823, 9544, 7499, 16800, 4, 5448, 14483, 365, 46641, 55414, 1, 443]
[0, 8757, 6077, 102, 385, 65, 641, 96, 2785, 9036, 7478, 17769, 7, 4864, 14031, 493, 55081, 56474, 6, 817]
[1, 7381, 4562, 51, 598, 55, 160, 66, 1807, 9445, 7076, 17309, 6, 5623, 14980, 355, 60319, 58340, 0, 377]
[0, 9592, 7198, 104, 370, 16, 722, 0, 1701, 9812, 6317, 16169, 10, 6415, 14420, 508, 56738, 55375, 0, 686]
[0, 6401, 4598, 69, 494, 0, 500, 48, 1748, 8945, 7559, 16944, 8, 5319, 13484, 343, 56910, 57975, 19, 417]
[0, 7042, 5376, 17, 59, 27, 634, 2, 1215, 9847, 7608, 17153, 12, 5015, 17738, 262, 51664, 50189, 5, 714]
[1, 8620, 4939, 184, 141, 100, 597, 259, 2454, 9300, 7351, 16004, 14, 6330, 14166, 275, 53890, 60663, 0, 577]
[0, 6653, 5753, 185, 804, 68, 357, 66, 2356, 9834, 7361, 16530, 9, 5757, 15510, 390, 64320, 52417, 15, 634]
[0, 8013, 4969, 245, 506, 39, 568, 159, 2642, 9818, 8228, 17459, 8, 5789, 15113, 415, 59425, 52020, 11, 400]
[0, 8036, 4195, 73, 288, 11, 955, 35, 3407, 9828, 7900, 16194, 4, 5098, 15256, 362, 59636, 48732, 3, 943]
[0, 7263, 4790, 85, 398, 38, 440, 281, 2790, 9058, 7913, 16124, 6, 6131, 14272, 206, 54946, 60241, 0, 580]
[0, 7371, 5617, 91, 633, 131, 740, 22, 1725, 9374, 7466, 16480, 8, 6173, 16214, 490, 66712, 53836, 0, 227]
[0, 8224, 5238, 40, 505, 0, 403, 56, 4311, 10335, 6897, 17741, 18, 5075, 13647, 437, 55211, 52347, 0, 743]
[1, 5548, 6816, 115, 462, 176, 626, 72, 2090, 9080, 7065, 16781, 11, 4767, 16465, 268, 64929, 58102, 0, 506]
[0, 6804, 6262, 45, 1339, 0, 417, 28, 2785, 9316, 7708, 16935, 6, 4491, 13589, 614, 57342, 52666, 9, 948]
[2, 8112, 4497, 208, 241, 47, 373, 10, 2417, 9300, 7567, 16032, 10, 5657, 16037, 508, 62773, 48176, 0, 395]
[2, 7490, 5792, 130, 523, 63, 559, 230, 2444, 9016, 7999, 16692, 11, 5436, 14835, 529, 54746, 57206, 0, 648]
[0, 6642, 5747, 163, 157, 69, 920, 35, 2501, 9277, 7721, 16627, 7, 6437, 13458, 329, 58981, 50733, 2, 789]
[0, 8498, 5224, 190, 854, 0, 294, 342, 3631, 8550, 6868, 14881, 10, 4961, 13475, 505, 55740, 52835, 0, 389]
[0, 7669, 5409, 222, 832, 65, 189, 0, 1469, 8738, 6991, 17830, 12, 5115, 12392, 261, 55111, 51657, 0, 332]
[0, 7342, 5047, 202, 168, 94, 471, 178, 2526, 10198, 7134, 16880, 3, 4167, 15954, 363, 51382, 52193, 0, 280]
[0, 7548, 4965, 254, 456, 15, 889, 27, 2365, 8022, 7320, 16516, 8, 4955, 14313, 397, 63489, 62511, 7, 342]
[0, 8062, 5454, 44, 188, 59, 367, 86, 2599, 9042, 6630, 16370, 2, 5791, 14060, 542, 55157, 49684, 1, 837]
[0, 8306, 6262, 128, 345, 94, 405, 158, 3253, 9536, 7631, 17083, 11, 4934, 13902, 354, 52004, 46187, 0, 968]
[7, 8010, 5781, 53, 209, 13, 291, 57, 2281, 9216, 7875, 17800, 7, 5698, 13638, 373, 53589, 47900, 22, 467]
[0, 6530, 5709, 129, 546, 42, 370, 71, 2105, 8214, 7442, 17167, 6, 5218, 12555, 226, 56371, 43671, 0, 651]
[0, 7166, 5576, 128, 59, 18, 523, 154, 2218, 10619, 8636, 16123, 1, 5229, 13787, 440, 56512, 50533, 0, 628]
[0, 7131, 5558, 163, 860, 0, 290, 103, 3301, 8815, 6922, 18146, 11, 5091, 14850, 217, 55669, 59545, 0, 720]
[0, 8995, 5550, 274, 656, 58, 518, 227, 2839, 8784, 7481, 16536, 5, 5893, 16441, 442, 64557, 52444, 0, 211]
[0, 7162, 5229, 203, 240, 84, 320, 179, 2125, 8691, 7037, 18402, 16, 5105, 14667, 205, 58665, 47397, 0, 519]
[2, 7310, 5643, 173, 832, 15, 412, 50, 2629, 9540, 7834, 16363, 7, 5637, 13947, 305, 55374, 53017, 0, 478]
[0, 7951, 4599, 145, 366, 14, 530, 98, 2144, 9872, 7725, 16955, 9, 7468, 15722, 298, 61610, 62573, 0, 388]
[0, 6896, 5725, 32, 257, 0, 521, 157, 3187, 9855, 7260, 17017, 7, 5973, 14481, 477, 62178, 55382, 0, 433]
[0, 6931, 5059, 176, 516, 47, 374, 46, 3128, 9977, 6691, 15767, 6, 5000, 12197, 662, 57265, 48512, 0, 1043]
[0, 6928, 5638, 73, 398, 4, 409, 34, 2175, 9452, 7681, 17476, 11, 5512, 14131, 797, 66857, 54103, 0, 631]
[0, 7290, 6001, 107, 387, 62, 657, 48, 1203, 10086, 6576, 16783, 9, 5284, 13887, 397, 65216, 48273, 3, 143]
[2, 7933, 4876, 162, 622, 27, 494, 313, 2591, 9198, 6915, 17657, 5, 5369, 15269, 378, 57786, 54236, 0, 877]
[0, 7377, 5406, 102, 246, 9, 570, 27, 1472, 9310, 7743, 17565, 6, 5753, 14245, 344, 52026, 58597, 0, 567]
[0, 7036, 5515, 120, 206, 50, 601, 38, 2558, 8567, 8563, 17157, 2, 5598, 14774, 523, 54423, 52811, 1, 224]
[0, 9007, 6983, 266, 313, 23, 307, 130, 3074, 9847, 7599, 15669, 4, 6770, 14923, 142, 55963, 56057, 0, 639]
[0, 8085, 5599, 125, 221, 37, 597, 74, 1644, 9707, 7232, 17069, 4, 6487, 16659, 476, 48723, 59203, 0, 550]
[0, 8199, 5702, 184, 574, 211, 577, 52, 3060, 8607, 8114, 15453, 12, 5585, 15972, 529, 59869, 47128, 0, 739]
[0, 9058, 4820, 159, 828, 3, 774, 120, 1856, 9114, 6458, 17944, 3, 6090, 13145, 633, 62654, 49871, 14, 496]
[2, 7722, 5811, 99, 249, 113, 447, 73, 1841, 9693, 6749, 17834, 13, 4827, 14582, 365, 59216, 49849, 4, 496]
[0, 7952, 6418, 201, 273, 16, 472, 124, 2186, 9203, 7057, 17045, 7, 6611, 15075, 445, 55788, 45042, 8, 772]
[0, 6755, 4758, 31, 608, 67, 926, 48, 2394, 7630, 8206, 15027, 7, 5459, 13956, 275, 57945, 51692, 2, 543]
[0, 8129, 5398, 217, 425, 95, 410, 105, 2428, 8719, 6808, 15336, 11, 5455, 14116, 197, 51899, 53261, 0, 856]
[0, 7204, 5229, 111, 772, 99, 456, 173, 1314, 9899, 7873, 17261, 12, 5302, 16131, 505, 53230, 52110, 6, 923]
[0, 7811, 5492, 178, 387, 5, 562, 9, 3559, 9275, 7115, 15368, 5, 5669, 15085, 538, 51774, 53112, 11, 547]
[0, 8261, 4792, 60, 560, 12, 369, 13, 1796, 9486, 8775, 16447, 6, 5096, 12366, 413, 52464, 54565, 0, 789]
[0, 7403, 6279, 177, 452, 175, 680, 130, 2868, 9001, 6489, 18606, 6, 5765, 17011, 456, 55330, 49283, 2, 589]
[0, 8759, 4410, 91, 419, 56, 689, 70, 1681, 9027, 6824, 16193, 2, 5365, 14466, 677, 53432, 53127, 0, 726]
[0, 7162, 5283, 189, 248, 64, 587, 205, 2320, 8904, 6851, 16049, 3, 5255, 14117, 245, 55890, 54810, 0, 264]
[0, 6772, 5420, 69, 343, 1, 330, 23, 2448, 9315, 7913, 17375, 15, 5285, 14257, 463, 56647, 56828, 0, 612]
[0, 6926, 5125, 113, 878, 21, 316, 61, 1991, 10444, 8248, 17369, 4, 5869, 16142, 389, 55863, 50632, 0, 476]
[0, 7151, 6347, 64, 127, 43, 348, 14, 1430, 9884, 6803, 16106, 6, 6387, 14155, 309, 52331, 53825, 3, 406]
[0, 7631, 5939, 112, 368, 0, 410, 360, 1987, 9120, 6781, 18003, 8, 5617, 15936, 460, 50946, 49734, 9, 548]
[2, 6805, 5091, 222, 68, 22, 336, 78, 2024, 10182, 6633, 17954, 4, 4931, 14596, 385, 54953, 53916, 5, 410]
[0, 9539, 5397, 135, 431, 34, 603, 105, 2359, 9979, 7307, 17928, 13, 6508, 13723, 595, 59315, 61346, 0, 615]
[1, 7854, 4415, 125, 373, 67, 585, 74, 2679, 8344, 7595, 16854, 7, 6176, 14547, 500, 56254, 54920, 0, 736]
[4, 7250, 4829, 61, 595, 173, 998, 0, 2740, 9301, 8288, 16770, 12, 5261, 13608, 390, 61310, 55343, 5, 340]
[0, 6607, 6661, 244, 245, 35, 390, 121, 2833, 8941, 7013, 15555, 4, 6762, 14956, 419, 72167, 46436, 0, 708]
[0, 8051, 4836, 84, 217, 21, 214, 72, 1937, 9168, 8301, 16555, 6, 4964, 15474, 274, 49588, 54422, 0, 381]
[1, 7390, 5477, 241, 163, 65, 342, 20, 1555, 8892, 7231, 16553, 10, 5943, 15096, 341, 57735, 51972, 0, 685]
[1, 7406, 5110, 228, 450, 58, 625, 137, 1765, 8942, 6881, 16317, 5, 4823, 12206, 723, 64762, 52924, 0, 1095]
[0, 6996, 4374, 199, 695, 125, 277, 54, 1835, 9509, 8000, 17000, 7, 5503, 14525, 422, 56263, 52426, 0, 647]
[13, 7634, 5504, 131, 305, 166, 396, 330, 1918, 10088, 6552, 17437, 6, 5543, 14389, 299, 58229, 52451, 0, 494]
[0, 7859, 6825, 22, 753, 65, 689, 71, 3137, 9886, 6059, 15191, 7, 5216, 12690, 440, 48935, 51025, 12, 697]
[4, 7132, 6146, 244, 287, 20, 415, 35, 1027, 9610, 7078, 15092, 5, 4467, 15381, 519, 49906, 54367, 10, 112]
[0, 8018, 5692, 102, 647, 0, 633, 0, 1996, 9192, 8563, 16703, 8, 5832, 15438, 538, 52942, 48978, 0, 661]
[0, 7128, 5413, 127, 258, 55, 67, 0, 2704, 9180, 8581, 17356, 7, 6094, 13732, 446, 54954, 45020, 0, 524]
[0, 8111, 5924, 336, 692, 168, 485, 33, 1652, 9837, 8382, 16742, 10, 6125, 12940, 424, 56245, 51153, 0, 708]
[0, 8067, 7443, 44, 410, 87, 412, 50, 1478, 9405, 7176, 16717, 4, 5189, 14457, 516, 60757, 56570, 0, 1058]
[0, 8362, 3963, 58, 1000, 204, 469, 229, 3374, 9291, 7777, 18283, 9, 5147, 15737, 614, 55091, 49284, 28, 290]
[0, 7407, 5703, 76, 323, 14, 644, 46, 1292, 9357, 8273, 16889, 8, 6394, 14766, 491, 54294, 44827, 7, 427]
[3, 7590, 4226, 64, 620, 36, 357, 141, 1303, 8691, 7285, 15281, 6, 4996, 13136, 430, 54629, 51967, 1, 538]
[2, 7784, 3756, 20, 314, 71, 420, 39, 2003, 9339, 7044, 17735, 11, 5421, 14460, 570, 55177, 54517, 0, 439]
[0, 7002, 5804, 270, 120, 33, 254, 185, 2128, 9009, 7144, 16910, 7, 4657, 14689, 343, 53665, 49327, 0, 550]
[4, 7527, 5021, 156, 219, 294, 733, 0, 2563, 9231, 7684, 15547, 5, 5322, 13486, 366, 52229, 43669, 0, 827]
[9, 7531, 6084, 104, 696, 7, 631, 24, 2788, 8297, 6996, 16973, 10, 5059, 14671, 342, 51172, 60264, 0, 123]
[0, 8081, 4748, 140, 230, 0, 377, 49, 2975, 8709, 8344, 17236, 5, 6623, 14930, 794, 49794, 51122, 0, 936]
[0, 6979, 6001, 225, 442, 91, 657, 54, 3123, 9601, 7446, 16616, 3, 5929, 15362, 531, 52840, 51481, 0, 364]
[0, 8270, 5431, 93, 613, 49, 504, 2, 3607, 8825, 7834, 16779, 3, 4937, 14485, 427, 52470, 51808, 0, 515]
