[0, 1353, 7588, 6598, 14265, 7887, 8049, 9393, 10222, 7120, 12567, 9566, 31360, 27340, 25926, 35531, 21317, 43506, 131694, 92902]
[0, 1620, 7291, 6132, 14089, 7146, 7430, 9694, 11140, 6245, 11037, 8364, 30066, 25491, 23937, 29041, 16369, 38544, 137141, 98895]
[0, 1451, 6891, 7321, 14984, 7787, 7375, 9278, 10616, 6728, 10557, 8035, 26778, 20256, 22498, 33932, 21363, 43317, 143570, 105118]
[0, 1899, 8219, 8237, 16980, 8685, 8184, 9906, 10534, 7405, 12196, 8673, 29850, 25135, 25610, 36707, 23222, 43079, 140106, 101923]
[0, 1869, 8143, 6993, 13180, 6396, 7404, 8566, 9271, 6208, 11704, 7554, 30817, 28464, 27892, 36201, 21740, 50721, 142232, 103636]
[0, 1436, 8274, 8152, 16425, 8657, 8278, 10554, 12612, 7222, 11186, 7576, 28758, 24538, 25800, 36033, 22659, 49794, 141113, 102678]
[0, 2068, 9662, 8379, 16247, 9141, 9608, 11257, 13003, 8631, 13253, 10096, 30599, 26672, 27706, 36052, 21338, 49050, 142009, 103763]
[0, 1572, 7874, 6257, 14142, 7094, 7904, 9430, 9295, 6324, 12443, 9074, 30258, 26190, 25969, 35059, 21626, 45572, 137497, 98941]
[0, 1300, 8048, 6864, 14751, 7811, 8128, 9497, 11597, 6524, 10538, 8229, 30242, 25960, 25952, 35061, 21211, 44060, 145149, 106519]
[0, 1714, 7510, 6556, 14106, 6441, 6466, 9303, 9653, 6221, 10267, 7331, 28846, 25370, 24933, 35513, 21694, 45535, 138591, 100443]
[0, 1487, 7185, 7128, 14557, 7612, 7418, 9512, 10173, 6198, 10021, 7697, 28262, 23787, 24347, 34593, 21218, 41545, 134804, 96393]
[0, 1746, 8586, 8013, 15958, 8434, 8799, 11160, 12906, 8063, 13815, 10959, 32489, 27989, 27169, 33550, 19580, 51580, 141705, 103333]
[0, 1352, 6634, 6569, 14195, 6892, 6955, 8099, 9330, 5769, 10929, 7388, 29122, 26455, 26523, 35637, 21990, 41292, 130457, 92075]
[0, 1406, 7405, 7099, 14150, 7336, 7661, 9299, 10225, 6989, 12437, 9722, 30572, 25073, 25476, 37419, 23140, 54544, 139939, 101304]
[0, 1710, 6808, 6099, 11802, 5192, 6630, 7565, 7333, 4486, 9538, 7575, 27221, 20713, 21061, 29712, 16814, 43859, 132353, 93859]
[0, 1560, 7411, 6015, 11907, 5572, 6637, 8303, 8590, 5004, 10246, 6645, 28367, 22174, 23164, 32873, 19767, 45487, 139636, 100984]
[0, 1501, 7857, 6914, 14287, 7460, 7890, 9346, 10505, 5533, 8077, 6051, 27130, 22266, 23863, 33371, 21115, 43278, 132103, 93516]
[0, 1291, 6562, 6547, 13549, 6835, 7770, 9145, 10801, 5958, 11344, 8416, 30553, 26143, 24453, 33839, 20430, 36947, 128650, 90318]
[0, 1848, 9200, 7390, 14325, 7497, 8247, 9582, 10118, 7074, 10593, 8398, 29915, 23509, 23385, 33201, 19812, 43475, 136274, 97532]
[0, 1704, 7369, 5623, 12686, 6393, 7047, 7717, 8743, 4831, 9162, 5728, 26993, 22263, 22128, 32156, 18546, 47331, 142010, 103704]
[0, 1347, 9138, 10021, 18584, 10524, 10387, 11853, 15117, 8904, 13961, 9415, 30258, 25900, 27421, 36484, 22490, 46913, 138641, 100027]
[0, 2041, 6878, 5768, 11168, 4987, 6369, 6732, 6574, 4222, 8458, 5893, 25773, 20432, 19301, 27888, 16010, 40996, 135283, 96954]
[0, 1759, 7964, 6520, 12124, 5669, 6179, 7114, 8580, 4269, 10219, 6313, 26478, 20339, 22016, 36567, 23783, 46885, 133400, 94760]
[0, 2017, 8940, 7552, 16833, 8571, 8742, 10196, 13259, 8006, 12432, 9371, 30457, 24884, 25587, 35678, 22182, 45548, 142542, 104034]
[0, 1273, 6596, 5673, 12272, 6180, 7215, 7452, 8196, 5636, 11065, 7969, 28602, 23264, 23801, 35417, 21966, 51949, 140686, 102136]
[0, 1699, 8384, 6588, 14296, 7928, 7920, 9581, 10621, 6165, 10048, 8665, 28604, 21694, 23189, 34861, 21820, 46629, 134994, 96674]
[0, 1171, 7813, 6459, 14473, 6930, 7614, 10069, 11135, 7409, 11916, 9552, 31311, 28447, 26768, 35514, 21952, 53252, 138324, 99466]
[0, 1844, 7713, 6103, 14072, 6702, 7014, 8751, 10418, 6532, 10618, 8513, 27443, 20723, 22567, 32185, 19550, 43072, 139659, 101148]
[0, 1821, 8210, 6591, 14984, 7400, 7757, 9222, 11131, 6055, 9928, 7488, 27537, 24335, 24071, 34686, 21469, 54298, 144465, 106307]
[0, 1710, 8625, 7264, 14077, 7599, 8336, 10694, 12323, 8908, 13818, 9802, 32189, 27402, 27611, 37267, 23569, 47273, 135921, 97277]
[0, 1383, 5546, 6617, 10685, 5816, 7056, 8221, 7175, 4446, 8987, 6435, 28320, 24009, 22442, 34382, 20070, 47107, 141563, 103128]
[0, 1746, 6947, 7003, 12985, 6830, 7265, 8718, 9832, 6541, 9829, 8431, 30003, 26640, 27168, 34598, 20280, 44480, 133468, 94598]
[0, 1584, 8387, 7098, 16094, 8145, 8227, 9903, 11923, 7197, 11350, 9111, 30161, 25870, 25780, 36028, 22595, 54126, 138655, 100332]
[0, 2325, 8196, 7305, 13795, 7160, 7839, 8847, 8998, 5984, 10204, 7572, 29097, 24590, 24976, 35606, 21520, 43667, 137204, 98625]
[0, 1645, 7183, 6650, 15020, 7138, 7759, 8381, 9815, 6222, 11160, 7660, 29144, 24879, 26096, 34332, 20152, 48742, 135804, 97086]
[0, 1931, 8864, 7828, 14779, 8319, 9282, 11326, 13348, 9257, 13050, 9846, 29300, 25602, 26685, 36159, 21849, 45188, 134331, 96047]
[0, 1694, 7947, 6668, 13651, 7375, 8087, 10108, 11182, 5959, 9716, 6386, 28372, 22780, 22861, 30833, 18395, 41239, 129228, 90965]
[0, 1443, 7614, 5930, 15070, 7506, 7401, 9212, 10608, 6656, 11589, 8656, 29732, 25794, 25585, 36184, 21962, 42030, 130567, 92356]
[0, 1639, 7823, 6253, 14912, 7817, 7698, 9353, 9932, 6136, 9364, 7755, 28600, 23956, 23483, 32407, 20636, 47317, 146162, 107896]
[0, 1273, 7963, 6849, 14966, 7677, 7988, 8988, 10936, 6931, 10833, 8562, 29873, 23983, 25658, 36161, 23348, 48566, 134548, 95813]
[0, 1519, 8188, 7838, 15697, 8642, 9006, 10662, 12069, 8344, 11780, 9103, 30330, 26069, 26443, 35649, 21413, 43956, 126474, 87575]
[0, 1365, 8009, 7423, 14640, 6989, 7755, 9082, 8390, 5494, 9956, 7628, 29855, 25605, 26803, 36435, 22143, 45966, 130117, 91799]
[0, 1690, 7255, 6173, 13008, 6157, 6536, 8775, 8845, 5464, 9518, 6641, 29308, 25107, 25846, 33880, 19554, 48221, 128223, 89641]
[0, 1473, 7296, 6314, 12473, 5900, 6816, 8737, 8493, 5217, 11341, 9131, 29361, 25271, 25022, 33641, 19473, 45970, 132859, 94300]
[0, 1695, 7127, 6518, 11728, 5608, 6654, 7818, 7910, 6113, 10552, 6831, 28723, 23414, 22508, 31899, 18519, 41461, 137181, 98686]
[0, 1302, 8963, 8004, 14552, 8242, 8854, 10218, 11695, 8166, 12106, 9314, 29981, 24644, 26264, 38389, 23564, 54392, 143167, 105025]
[0, 1172, 7435, 6892, 14749, 7271, 8229, 9369, 10293, 6076, 10173, 7254, 30627, 24138, 23902, 34871, 21476, 50829, 134562, 96112]
[0, 1421, 7181, 6375, 11528, 6291, 6956, 8184, 7932, 5752, 10956, 8406, 30544, 26961, 26227, 35235, 20693, 44359, 133707, 95298]
[0, 2232, 9269, 7620, 16018, 8773, 8794, 10271, 11435, 6927, 11137, 9051, 30392, 26598, 27203, 37663, 23437, 48497, 147401, 109082]
[0, 1947, 7576, 7355, 14490, 7406, 7308, 8535, 10780, 7129, 11630, 8973, 30034, 25268, 26218, 36213, 22318, 49765, 141478, 103114]
[0, 1682, 7297, 6190, 13802, 7032, 8549, 10681, 12163, 7753, 13058, 9378, 30623, 25017, 24469, 32253, 20410, 48317, 133185, 94211]
[0, 1409, 6911, 6705, 13496, 6624, 7075, 8350, 9894, 5466, 10390, 6585, 28449, 23365, 23042, 32085, 18686, 53256, 143690, 105128]
[0, 1833, 7931, 7078, 14097, 7143, 7628, 10264, 10217, 5524, 10915, 8109, 28344, 20761, 21701, 32806, 20768, 56692, 141300, 103229]
[0, 1786, 8268, 7015, 14333, 7826, 8504, 9787, 11227, 7331, 11334, 8418, 30185, 23755, 24287, 35639, 21812, 47456, 138007, 99239]
[0, 1809, 7811, 6547, 13075, 6730, 7134, 9018, 11951, 6748, 10211, 7633, 29250, 25726, 26670, 36475, 21832, 41395, 136323, 97825]
[0, 1635, 7254, 5718, 10378, 5143, 6924, 8132, 7827, 5712, 9882, 7814, 29255, 23908, 23314, 33382, 21160, 42236, 131380, 93226]
[0, 1639, 9328, 8466, 17503, 9699, 10136, 11186, 13592, 9039, 13894, 10610, 29082, 23052, 25573, 36913, 23751, 46502, 138890, 100320]
[0, 1444, 8109, 7346, 14788, 7798, 8096, 9050, 9483, 5665, 10990, 7070, 28197, 24489, 26259, 38972, 24940, 43357, 138891, 100410]
[0, 1598, 8484, 7454, 14971, 8186, 7843, 9415, 12643, 7997, 10648, 8636, 28109, 23826, 24761, 36468, 22333, 53733, 137192, 98522]
[0, 1725, 9402, 7409, 14066, 7490, 8104, 10192, 11421, 6977, 12044, 8680, 31575, 25971, 26063, 33819, 20137, 53201, 139391, 100978]
[0, 1559, 7939, 6286, 12934, 5810, 6920, 8308, 7486, 4809, 10544, 7326, 30297, 25613, 24110, 32874, 17982, 47947, 134140, 95725]
[0, 1246, 7473, 7341, 14964, 7468, 7929, 9076, 11143, 7069, 11211, 7765, 29537, 22366, 24776, 34961, 22394, 49049, 130220, 91719]
[0, 1422, 6870, 6155, 11525, 6196, 7522, 10194, 11860, 7451, 10895, 8918, 29154, 24107, 25084, 34953, 20902, 44976, 132779, 94525]
[0, 2360, 9288, 7412, 15973, 8504, 8748, 10757, 12156, 7319, 11706, 8507, 26959, 20770, 22602, 32756, 19018, 40619, 130211, 91424]
[0, 1380, 7230, 5824, 12866, 6226, 6923, 8328, 9325, 4968, 10511, 7522, 29698, 25265, 23518, 34050, 21415, 41922, 130357, 91509]
[0, 1750, 8325, 7128, 14651, 7898, 8043, 11145, 12463, 8375, 12921, 9761, 30356, 25357, 25710, 35860, 22603, 43774, 133225, 94758]
[0, 2141, 8865, 7691, 15198, 8098, 9067, 10511, 11651, 7024, 11653, 9591, 32109, 27941, 27247, 34467, 21033, 43745, 134641, 95921]
[0, 1655, 7508, 7028, 13183, 6586, 6879, 8599, 7877, 5384, 9666, 6352, 29852, 25244, 24950, 36744, 23097, 48936, 134548, 96030]
[0, 1847, 8888, 6573, 12257, 6540, 7865, 8865, 10028, 6019, 10229, 8043, 28381, 23796, 23343, 33307, 20039, 44961, 134426, 95769]
[0, 1485, 7241, 6465, 14190, 6816, 7859, 8546, 10064, 6476, 10191, 7206, 26088, 19805, 21755, 31982, 19654, 42208, 133365, 95170]
[0, 1911, 7209, 5615, 11680, 4840, 6173, 6981, 6713, 5091, 10567, 6581, 28998, 23537, 23159, 33217, 19880, 43971, 137130, 98587]
[0, 1972, 7588, 6543, 15123, 7884, 7627, 8354, 10186, 5831, 10910, 8137, 29572, 24815, 25238, 37039, 24211, 49983, 136946, 98539]
[0, 1722, 7179, 6969, 14654, 7023, 6693, 7866, 9582, 5357, 10444, 7331, 27953, 22484, 23056, 32678, 18572, 42229, 132382, 94048]
[0, 1915, 8013, 7721, 15122, 8039, 8738, 10696, 11836, 6879, 11025, 8009, 30100, 25607, 25795, 37362, 23016, 43819, 129875, 91405]
[0, 2026, 7600, 6484, 14896, 7531, 7350, 8555, 9195, 5752, 11422, 7425, 30186, 25307, 24868, 34933, 21412, 45687, 135942, 97606]
[0, 1681, 9702, 8115, 15883, 8336, 7875, 9678, 11663, 7110, 11482, 8575, 29917, 23432, 25449, 36247, 22752, 47947, 145649, 107103]
[0, 1875, 8360, 6330, 12778, 6641, 7635, 8327, 9696, 6699, 9831, 7344, 28236, 23357, 24875, 35643, 22514, 44202, 135453, 96786]
[0, 1348, 7369, 6315, 14439, 6623, 7580, 9696, 9690, 6097, 11061, 8263, 29115, 24949, 24484, 32372, 18557, 46347, 138016, 99750]
[0, 1592, 6748, 6569, 14170, 6279, 6760, 8225, 8653, 5941, 10394, 7178, 26881, 23042, 24164, 34852, 20929, 56057, 138847, 100210]
[0, 1432, 8112, 6700, 14317, 7296, 7826, 8427, 10465, 5880, 10503, 7918, 29753, 24664, 24760, 35817, 21919, 41681, 132434, 94122]
[0, 1624, 7565, 6534, 13225, 7060, 8183, 8925, 10610, 6196, 10627, 7002, 25719, 19140, 22108, 34340, 20875, 48417, 136720, 98104]
[0, 1930, 7890, 6695, 13602, 6555, 7025, 9705, 11677, 6510, 11787, 8067, 28320, 22846, 22740, 30381, 17274, 49897, 139099, 100126]
[0, 1248, 6716, 5212, 12527, 6184, 7620, 8671, 8991, 5502, 10583, 8466, 31227, 27357, 26925, 36939, 22277, 47196, 135971, 97400]
[0, 1347, 7147, 5894, 12437, 5554, 6737, 7834, 7882, 4651, 10115, 6954, 29782, 26138, 25782, 34373, 20183, 46824, 135606, 97181]
[0, 1580, 8003, 7432, 14654, 7399, 7574, 10337, 12230, 7957, 13886, 9245, 28997, 23345, 24185, 33085, 20104, 39502, 126846, 88230]
[0, 1591, 7541, 7198, 15722, 7997, 7765, 10187, 10307, 5097, 10499, 8125, 27936, 23864, 23616, 33901, 20555, 39579, 130267, 92234]
[0, 1340, 7433, 6940, 14904, 7200, 7502, 8319, 9257, 5733, 10492, 8513, 29529, 25332, 25404, 36551, 22940, 45822, 131146, 92555]
[0, 1417, 7730, 6491, 14599, 6323, 6925, 7929, 8675, 5931, 10585, 7953, 31288, 27903, 27856, 36130, 22069, 48118, 129469, 91014]
[0, 1843, 8590, 8368, 17050, 10106, 10341, 11558, 14480, 8131, 13328, 10216, 33130, 28489, 27986, 36022, 21930, 44253, 131737, 93098]
[0, 1322, 7626, 8243, 15714, 8440, 9494, 10551, 11519, 6291, 10864, 8447, 28324, 22606, 23134, 33589, 20149, 45806, 138707, 99718]
[0, 1530, 8537, 6595, 14270, 7614, 8231, 9363, 11658, 8205, 12594, 9607, 32978, 29454, 28521, 39312, 25663, 51188, 136800, 98607]
[0, 1462, 7539, 7227, 15212, 7923, 7646, 9533, 11083, 6121, 10968, 8221, 29030, 22673, 23776, 34163, 20662, 47163, 128339, 89988]
[0, 1951, 7999, 6067, 12500, 5970, 7050, 8171, 7708, 4170, 9066, 6466, 25809, 20958, 20832, 29041, 16634, 39174, 127471, 89003]
[0, 1337, 7787, 6085, 13561, 6786, 7564, 8354, 10821, 6227, 10908, 8341, 31209, 24131, 23670, 33506, 20154, 42058, 132925, 94555]
[0, 1660, 7260, 6917, 15335, 8132, 8957, 10100, 12853, 8164, 11428, 8174, 29665, 24678, 25097, 35246, 20875, 47051, 132709, 94228]
[0, 1222, 7113, 6114, 14342, 7087, 6992, 9540, 10770, 6463, 10882, 8732, 28981, 24242, 24518, 33944, 20754, 47628, 127628, 88870]
[0, 1238, 7073, 6539, 14004, 7105, 7741, 9450, 9948, 6628, 10051, 7756, 29335, 24657, 25950, 37151, 22741, 41146, 137741, 99687]
[0, 1666, 8381, 7259, 14223, 6386, 7614, 7710, 7060, 5743, 10088, 8060, 29968, 25182, 24922, 34512, 21704, 41793, 129110, 90392]
[0, 1593, 7190, 5821, 12609, 5222, 6701, 7667, 8022, 5893, 11622, 8761, 30077, 24858, 24500, 33608, 19296, 43912, 131735, 93454]
[0, 1964, 8584, 7944, 15697, 8171, 8560, 10380, 11229, 8299, 12964, 9963, 31334, 27052, 26424, 35030, 21015, 48456, 136617, 98171]
