190958
195021
198611
193431
195179
195490
187509
197823
195010
187630
191793
194316
196836
191217
198911
192257
197150
186579
191092
193888
188185
193170
190064
192082
204383
194463
190703
193661
192796
198972
202836
199609
202221
198905
188643
185039
195570
194913
201768
189439
191543
201917
194140
198308
185631
194863
194422
190700
191598
203586
190151
200868
198487
193453
185467
198220
192735
199170
199826
194996
191108
195595
190030
189015
194436
203037
195976
191419
198767
193026
184607
187403
186431
192800
196959
188484
197205
189166
197310
192586
198683
192063
189825
198817
191009
185976
193801
197326
201940
198609
190498
193194
191133
199418
206137
202627
196786
195158
196646
195936
