191925
198029
198844
190421
198796
206025
198424
185682
202555
193630
200744
199895
199456
197235
194827
199074
200699
198567
193169
199847
201728
194546
198527
203684
201762
194658
202369
195924
197427
203908
199091
191111
202830
198834
197877
200289
199850
204157
200141
200452
192447
198646
203256
203788
196715
203461
201246
201729
200132
194443
203829
190687
196489
203528
192328
195439
197912
198155
211243
204184
204688
203313
209351
206406
197157
201935
193695
196501
199798
203153
199991
203089
196217
197122
195691
200655
196898
199424
210037
196531
202314
198070
190287
200851
204586
198852
194230
212364
198872
203912
191446
202338
191884
198199
205182
194554
196010
204515
198981
200946
