185921
191391
197797
194342
196462
195676
196236
191724
199380
192818
189031
195951
184697
194173
186597
193863
186330
182919
190507
196239
192871
189529
187632
196769
194928
189232
192567
193886
198692
190178
195792
187704
192885
191431
190033
188594
183455
184794
200396
188808
180701
184424
182450
187086
191564
197394
188789
187934
201628
195705
187412
197917
195530
192274
190550
185608
193117
193118
191419
193632
188379
184649
187226
184438
184590
187463
188868
188777
188653
187592
191357
191173
186612
184111
190174
199876
189680
192248
193076
186661
190947
193379
190205
189833
181085
184504
185374
183696
185964
192934
191055
182573
181699
187152
186936
181855
191968
183486
185976
190844
