187988
189753
190323
192921
189962
185805
189411
184399
195685
192749
194130
192602
192251
198629
190780
194760
190845
192218
192945
191410
191043
191037
191846
190766
193163
186037
196926
195553
188679
189130
189862
191394
185976
186489
191818
185312
194488
188442
198048
193096
195159
194543
199368
193786
195029
190367
186725
191020
191449
191129
196191
194356
190209
190626
185859
187955
187343
190105
190745
193346
196390
194864
187011
196145
183687
194449
187883
194378
187408
191967
194825
181399
189159
189032
188939
192152
195652
184772
193569
188427
191652
181627
198232
193031
194547
187056
190626
199224
194733
188801
195082
195310
198302
193486
193207
191113
198840
189355
189639
188947
