199663
188360
191932
188950
190426
192595
192793
179896
190581
184432
194198
186599
191079
186908
194607
184718
193878
189171
198752
200506
185851
187437
189999
188659
187343
184331
187998
198599
195191
189541
189079
185645
190127
188672
193151
192288
188017
190435
191388
189544
186462
188848
191030
186249
187051
190363
180826
194810
198873
188822
197181
196731
190919
190668
185598
193341
185295
188440
198396
189509
189671
183482
191426
192651
190807
196087
197579
191900
192316
186648
187941
183301
183826
186010
184810
198369
189479
190890
191913
195769
196833
184618
190412
185771
185162
194468
184086
190982
188669
194362
200565
188494
186859
183174
191067
192246
190186
189130
183958
196259
