[110086, 94560, 90210, 76143, 114890, 94184, 82023, 94910, 117187, 77821, 88827, 69183, 81901, 85151, 71325, 72586, 20110, 0, 0, 0]
[111896, 95179, 91257, 76287, 113349, 91996, 80519, 92444, 113806, 76475, 88835, 69550, 80594, 82160, 68535, 71480, 17285, 4, 186, 0]
[112621, 96297, 92009, 77624, 115723, 93903, 82086, 95404, 117721, 77840, 89084, 69193, 81830, 83880, 72408, 74132, 16214, 4, 0, 0]
[115064, 97393, 93407, 78964, 118055, 96435, 84665, 98171, 118179, 79106, 89816, 70394, 82339, 85791, 69711, 73160, 20069, 25, 2, 0]
[111850, 95310, 89138, 75157, 113559, 92090, 80930, 93818, 115156, 77199, 87961, 68947, 80499, 82412, 69498, 72131, 20588, 25, 6, 0]
[107255, 91824, 89072, 73423, 114321, 90475, 77900, 90317, 111475, 71880, 83114, 63149, 74451, 78545, 66890, 69702, 21539, 0, 0, 0]
[111452, 95211, 92305, 77476, 118098, 95410, 82772, 96133, 118038, 76737, 87505, 67155, 79267, 81569, 69145, 71612, 19269, 1, 213, 0]
[106624, 89532, 86139, 71801, 109982, 88026, 76083, 88447, 110874, 70216, 80514, 61030, 70989, 73560, 63093, 65696, 18747, 25, 0, 0]
[117529, 100949, 97485, 82705, 124612, 102032, 89461, 102545, 122614, 83549, 94153, 74570, 84824, 87240, 72220, 74508, 20221, 0, 62, 0]
[114685, 97611, 94137, 79571, 119725, 97074, 85181, 98389, 118520, 79823, 90885, 71398, 82918, 84327, 70532, 72323, 17616, 0, 0, 0]
[115902, 99142, 94552, 80774, 121106, 98220, 86303, 99726, 121357, 81893, 92172, 72573, 84537, 87359, 74444, 77022, 20166, 25, 99, 0]
[114627, 96497, 94025, 79766, 120258, 97434, 85742, 98770, 119429, 79977, 90912, 69636, 82063, 86257, 71321, 72486, 28765, 0, 0, 0]
[114238, 96801, 93618, 78840, 115081, 93674, 82681, 95218, 117063, 79301, 89855, 69833, 81272, 84402, 71077, 74335, 18872, 0, 0, 0]
[120732, 104599, 100955, 86304, 126803, 103082, 91202, 103933, 124344, 85895, 96925, 77375, 88753, 91708, 77829, 79948, 29794, 0, 0, 0]
[112799, 95048, 92012, 77220, 112005, 90646, 79734, 90899, 111150, 74015, 85054, 68187, 79032, 79667, 69135, 71738, 20221, 7, 0, 0]
[116723, 99858, 96363, 82356, 122737, 100334, 88294, 102182, 122839, 83158, 94141, 74584, 87659, 90787, 74758, 76779, 24247, 0, 0, 0]
[112483, 96402, 92813, 78134, 114973, 94406, 82368, 95181, 116613, 77427, 88292, 68339, 78840, 81101, 69497, 72648, 18519, 0, 0, 0]
[113896, 96850, 93985, 79015, 118861, 97391, 85180, 98410, 118435, 79713, 90400, 70771, 81690, 82960, 70320, 72711, 18723, 0, 0, 0]
[115169, 98855, 95388, 80406, 115220, 94198, 83093, 95177, 116460, 78897, 88961, 70756, 81739, 82825, 71679, 74659, 14976, 0, 0, 0]
[113558, 96637, 92973, 78562, 118460, 96361, 83869, 97472, 118891, 79363, 91008, 69723, 81981, 83990, 70799, 73656, 20299, 18, 24, 0]
[113140, 95558, 92930, 78674, 119435, 96869, 84685, 97622, 118299, 78874, 88935, 70281, 82209, 86570, 71709, 73887, 20961, 5, 0, 0]
[112971, 96843, 93069, 78281, 116423, 95821, 84013, 97222, 117986, 78819, 89854, 70512, 81178, 84342, 70585, 73328, 25162, 25, 7, 0]
[113989, 98090, 95419, 80247, 118131, 96430, 84614, 96908, 117929, 79062, 89428, 70165, 81128, 83915, 71447, 74974, 19459, 0, 0, 0]
[112946, 96272, 93571, 78619, 116334, 95037, 83422, 96323, 117260, 79412, 89963, 69914, 80177, 79764, 66506, 69298, 19697, 0, 0, 0]
[115299, 99228, 94322, 80314, 119529, 97733, 85925, 98478, 119591, 78746, 88006, 71270, 82577, 84271, 69909, 72703, 26073, 106, 354, 0]
[108121, 92129, 88908, 73997, 113845, 91786, 79554, 92885, 114292, 75206, 85121, 65869, 77685, 80010, 68070, 69958, 21769, 0, 114, 0]
[118953, 101752, 97909, 83277, 121051, 99880, 88130, 102408, 124295, 83587, 94964, 75402, 87185, 89708, 76628, 78760, 19436, 0, 0, 0]
[117365, 101717, 97101, 82450, 121423, 99055, 86789, 99930, 122464, 83207, 94361, 74517, 86542, 88101, 73540, 76246, 21717, 0, 0, 0]
[110914, 96563, 93552, 77927, 118448, 96123, 83124, 97109, 119364, 78341, 88065, 69676, 80347, 81821, 69831, 72931, 19688, 0, 0, 0]
[111356, 94331, 90859, 76103, 113996, 92833, 81498, 94271, 114343, 75881, 84838, 66999, 78305, 79343, 65919, 68661, 19160, 0, 0, 0]
[111769, 95860, 91916, 76975, 116895, 95771, 83749, 97360, 119224, 78581, 89425, 70192, 81370, 83309, 71267, 73943, 21143, 4, 0, 0]
[113198, 96637, 94252, 79231, 118551, 96010, 83846, 97099, 119749, 80287, 88014, 68333, 77760, 79181, 68509, 71120, 22472, 0, 0, 0]
[107873, 90253, 86721, 72013, 110321, 90198, 78208, 92189, 113760, 72443, 83962, 65542, 77379, 79913, 66483, 68302, 24907, 8, 0, 0]
[108105, 91659, 87891, 73728, 110776, 89368, 77893, 89553, 111380, 72989, 82697, 63902, 74681, 76444, 66393, 68598, 25477, 0, 0, 0]
[113443, 96879, 93465, 79306, 116560, 95467, 84086, 96750, 117460, 77865, 87455, 69661, 80666, 84467, 70766, 71981, 22573, 0, 0, 0]
[107352, 91823, 88092, 73233, 111926, 90347, 78379, 91067, 112140, 72771, 84700, 66485, 78584, 81518, 66960, 69252, 21254, 25, 93, 0]
[116787, 100255, 95844, 81760, 116996, 98089, 86144, 99195, 120327, 81805, 91342, 72597, 84032, 86320, 75255, 77457, 12642, 25, 0, 0]
[110257, 93248, 89959, 74638, 112866, 91243, 79575, 93006, 112733, 74092, 85085, 65945, 76665, 79901, 67359, 69455, 21264, 25, 8, 0]
[120326, 105566, 101997, 86564, 128094, 105224, 92433, 106133, 128620, 87750, 99121, 80086, 91098, 92063, 79320, 82512, 19884, 0, 0, 0]
[115171, 99220, 96407, 81634, 120682, 100437, 88070, 101760, 125063, 84634, 95180, 76327, 90305, 93202, 77771, 80543, 19643, 0, 59, 0]
[116994, 100830, 97948, 83189, 123518, 101087, 88349, 101022, 122613, 82933, 93383, 72767, 85621, 88173, 75222, 76159, 24170, 0, 31, 0]
[116686, 101551, 97861, 82847, 124422, 101043, 88678, 102235, 124547, 84681, 95948, 76561, 89796, 94606, 79950, 81780, 23909, 0, 0, 0]
[121298, 104499, 99299, 85991, 126185, 104102, 92002, 105162, 125551, 85267, 96630, 77444, 88536, 90897, 78176, 80885, 22337, 23, 2, 0]
[115485, 99171, 96453, 81220, 121115, 98581, 86490, 99614, 121236, 82212, 93609, 73633, 84238, 86848, 71302, 74075, 16237, 0, 9, 0]
[117113, 100133, 96686, 81740, 119377, 98047, 86337, 98781, 119352, 81228, 91754, 72633, 83076, 85465, 72864, 75717, 28690, 25, 7, 0]
[112409, 96369, 93659, 78458, 120536, 97537, 84907, 98328, 119904, 78341, 89165, 70186, 82253, 84366, 68620, 71264, 15263, 25, 0, 0]
[108947, 93897, 91017, 75682, 117168, 93829, 81336, 95124, 116362, 76379, 87049, 67113, 79227, 81115, 67455, 68862, 15846, 0, 0, 0]
[112954, 97044, 93253, 77611, 116550, 93886, 82002, 95336, 118078, 79282, 89556, 69617, 80590, 84257, 73776, 75620, 27746, 0, 0, 0]
[114018, 97123, 94150, 79247, 115231, 94713, 82853, 95147, 117786, 79308, 90102, 69996, 80082, 81572, 69127, 71952, 16971, 1, 0, 0]
[113630, 96675, 92834, 78498, 116059, 95368, 83798, 96444, 116487, 77310, 89698, 69493, 81687, 82575, 69678, 71807, 21823, 25, 0, 0]
[118266, 101548, 96926, 82966, 123096, 101197, 89453, 102906, 123461, 84376, 95314, 75668, 88168, 90616, 75966, 79186, 29082, 133, 442, 0]
[116587, 101119, 97506, 82327, 124749, 101292, 88168, 101185, 122713, 83062, 93908, 74991, 88609, 92168, 76792, 79072, 21768, 0, 0, 0]
[112373, 97486, 93713, 78473, 115978, 95403, 83529, 96786, 119746, 79095, 86676, 68640, 79617, 82178, 72228, 74792, 26877, 0, 0, 0]
[112835, 95809, 92539, 77938, 116168, 93980, 82183, 94646, 115480, 77273, 86033, 67893, 79518, 83384, 71248, 73019, 19356, 25, 0, 0]
[108093, 93199, 88571, 73418, 110472, 89743, 78138, 90560, 112033, 74910, 87363, 66905, 79278, 82599, 70943, 74126, 21421, 0, 0, 0]
[110059, 92982, 89668, 74510, 112093, 90370, 78727, 91823, 112836, 74604, 85348, 65544, 76574, 79852, 68224, 70973, 23020, 0, 0, 0]
[109942, 93560, 89231, 75192, 114564, 92811, 80640, 93601, 115186, 76338, 85797, 67115, 78160, 79165, 65897, 69302, 21777, 0, 0, 0]
[112175, 95605, 91030, 76279, 118190, 94721, 83002, 96101, 115771, 78201, 89783, 69057, 81646, 84807, 69199, 71111, 18707, 0, 95, 0]
[112521, 97228, 94018, 79010, 118363, 95310, 83035, 95411, 116175, 78117, 90332, 69033, 79830, 83068, 70825, 72905, 24756, 0, 0, 0]
[115350, 97594, 93946, 79329, 118754, 96741, 84632, 97585, 118423, 79327, 89738, 71059, 82463, 83824, 71368, 73833, 20312, 0, 0, 0]
[118410, 102082, 99400, 84288, 121250, 100324, 88561, 101234, 122695, 83514, 93425, 75665, 86981, 89830, 77088, 79009, 22281, 0, 0, 0]
[116835, 101307, 97193, 82985, 123626, 100674, 88325, 100845, 122688, 82898, 92637, 72746, 83557, 84356, 71386, 74826, 19294, 25, 18, 0]
[109051, 92342, 88671, 73703, 110367, 89373, 78010, 91085, 113407, 73777, 85888, 67205, 79565, 81122, 67009, 68574, 23201, 0, 32, 0]
[118573, 102885, 98477, 83663, 127483, 103859, 90943, 104996, 127337, 84937, 96749, 76829, 88132, 89472, 74239, 76188, 22699, 0, 0, 0]
[105721, 89140, 86144, 71504, 108446, 88586, 76585, 89820, 110711, 72023, 82924, 63238, 74884, 78780, 66706, 69201, 21083, 0, 0, 0]
[115967, 99276, 94888, 80547, 119190, 97188, 85924, 98632, 119657, 81903, 92824, 72888, 82873, 85101, 73411, 76549, 19100, 0, 0, 0]
[110551, 94173, 90930, 75666, 113363, 91801, 79889, 92290, 114436, 75827, 86598, 66417, 77928, 79192, 67906, 71506, 17967, 0, 0, 0]
[116525, 99503, 96973, 81731, 121982, 98899, 87134, 100100, 121383, 82627, 93199, 72997, 85128, 87457, 72519, 74919, 22648, 0, 0, 0]
[109346, 93731, 89405, 74682, 115567, 93076, 80757, 94090, 116934, 75941, 85768, 65618, 77608, 81730, 69209, 72503, 20727, 0, 0, 0]
[113922, 96868, 92332, 78184, 118168, 95913, 83633, 96289, 116411, 78432, 88086, 69509, 81090, 82885, 70732, 73400, 24612, 3, 0, 0]
[116979, 101551, 98848, 83459, 124964, 101502, 88837, 101622, 125219, 84950, 96044, 76748, 88545, 91688, 79227, 80557, 20330, 16, 0, 0]
[103152, 86875, 82688, 68159, 103820, 83494, 72347, 84753, 105688, 66078, 77306, 58079, 68831, 71922, 62037, 65260, 18416, 0, 0, 0]
[111487, 94936, 91523, 76967, 117036, 94146, 81686, 93970, 116116, 77228, 86908, 67092, 78519, 80390, 67380, 69032, 23814, 0, 0, 0]
[110670, 94396, 90565, 76073, 116180, 93329, 81481, 94659, 114455, 76842, 87876, 68318, 80713, 85526, 69458, 71388, 22657, 25, 0, 0]
[111394, 94208, 91497, 76245, 115347, 93296, 81481, 95053, 115540, 74829, 86636, 66940, 78389, 81301, 66025, 67709, 22277, 0, 0, 0]
[114306, 96645, 91464, 78029, 115975, 95510, 83704, 97362, 118141, 79682, 89876, 68503, 79839, 84262, 71977, 74319, 24564, 0, 0, 0]
[117536, 101177, 97891, 82921, 121139, 99398, 87653, 100838, 121617, 81876, 92689, 74503, 85129, 87154, 75156, 78421, 26937, 0, 0, 0]
[106026, 89115, 83605, 69638, 109229, 88154, 76203, 89617, 110104, 71630, 81835, 63118, 76750, 81556, 68726, 70197, 21232, 25, 0, 0]
[115652, 99616, 96102, 81110, 120892, 98604, 86817, 99980, 120769, 80667, 91684, 71996, 83802, 84496, 70851, 74008, 18721, 0, 0, 0]
[110578, 94240, 91628, 76927, 115252, 93435, 81716, 94234, 116418, 76352, 86302, 68135, 80066, 80874, 68127, 69962, 20367, 25, 34, 0]
[113322, 95674, 91739, 77830, 115524, 94279, 82977, 96344, 118915, 79640, 90923, 70650, 81343, 82573, 69578, 72685, 21602, 25, 0, 0]
[103445, 87675, 83294, 68698, 106652, 86174, 74607, 88381, 109479, 69734, 80432, 61395, 72204, 73264, 60976, 64430, 23497, 0, 0, 0]
[119806, 102376, 98698, 84645, 125004, 102861, 90538, 104238, 125558, 85988, 97690, 76368, 88013, 91904, 76768, 79464, 23430, 0, 0, 0]
[114691, 95823, 90835, 77652, 115218, 94339, 82879, 95277, 115591, 77530, 89277, 71244, 81718, 83852, 70184, 73850, 23835, 7, 0, 0]
[116485, 98405, 95417, 80833, 118774, 97894, 86435, 99427, 119752, 81059, 92972, 71593, 82510, 83469, 71628, 73857, 23540, 25, 7, 0]
[109046, 93356, 88489, 74073, 113237, 91564, 79601, 92847, 113775, 74017, 84433, 65681, 76608, 79219, 67981, 72293, 13198, 0, 0, 0]
[112110, 95537, 90751, 76733, 117359, 95580, 83187, 96891, 115905, 77075, 88673, 69089, 81052, 83846, 69882, 71857, 16233, 7, 0, 0]
[121100, 105251, 100314, 86738, 126640, 103532, 91875, 104972, 126459, 86536, 97093, 77110, 89861, 93868, 77145, 79605, 31991, 25, 14, 0]
[116613, 98861, 94966, 81327, 118285, 97015, 86010, 97901, 119389, 81513, 91925, 73452, 85360, 87905, 75883, 77371, 22835, 25, 0, 0]
[110807, 93551, 89408, 75418, 114190, 91504, 80081, 92093, 111118, 74527, 85659, 65971, 77446, 81140, 65558, 66873, 20437, 0, 0, 0]
[116803, 100456, 96301, 81998, 121219, 100429, 88464, 101432, 123938, 84525, 95171, 75515, 87491, 88977, 75676, 76970, 22339, 25, 24, 0]
[117481, 102062, 98461, 83879, 120655, 99141, 87523, 99601, 121271, 83187, 94241, 75786, 87720, 90919, 77024, 79483, 22918, 0, 0, 0]
[120259, 104263, 100901, 85800, 127259, 103513, 91449, 103793, 124576, 85768, 97168, 76975, 88378, 91210, 78271, 80591, 23791, 6, 0, 0]
[115613, 97502, 94620, 80120, 117604, 96566, 85250, 98133, 119474, 81270, 93470, 73398, 85238, 89185, 77010, 79073, 21177, 0, 0, 0]
[114599, 98410, 94318, 80357, 121028, 98080, 86323, 99315, 118872, 79381, 90791, 70411, 82654, 85443, 70079, 72876, 22004, 0, 0, 0]
[113342, 95877, 92495, 77893, 113913, 93482, 81993, 94721, 114732, 77337, 89223, 69908, 80242, 80702, 67766, 70040, 18011, 0, 0, 0]
[121166, 105166, 100692, 86272, 126072, 104488, 92271, 106062, 129595, 89424, 100002, 79340, 90726, 93800, 80995, 83339, 25351, 25, 4, 0]
[111688, 95065, 91533, 76754, 116388, 94573, 82262, 95739, 116977, 76441, 87289, 68445, 79597, 80873, 67029, 69743, 21268, 25, 6, 0]
[111611, 96465, 92081, 77152, 117621, 95127, 82687, 95734, 116963, 78265, 88018, 68850, 80593, 83177, 71405, 74003, 30461, 17, 42, 0]
[110861, 94163, 89567, 75029, 113786, 91446, 79833, 92148, 113961, 77381, 87506, 66814, 77928, 81628, 67715, 69786, 18699, 0, 0, 0]
