[0, 8150, 5534, 95, 743, 0, 505, 71, 971, 7478, 6169, 18464, 8, 4078, 5185, 272, 27929, 25752, 0, 223]
[0, 6007, 4913, 59, 249, 0, 263, 29, 1027, 8002, 6464, 16115, 8, 3143, 11150, 290, 23888, 22859, 0, 117]
[0, 6500, 5322, 106, 417, 0, 504, 49, 2453, 7635, 6818, 17787, 17, 4482, 8722, 505, 23157, 23014, 0, 47]
[0, 7835, 5454, 17, 444, 0, 575, 27, 2127, 8338, 7172, 16854, 9, 4432, 9531, 159, 22783, 24357, 0, 12]
[0, 7412, 5309, 195, 599, 3, 476, 174, 2027, 8133, 6580, 18201, 11, 3792, 7082, 574, 27634, 31805, 3, 253]
[0, 7490, 4945, 115, 510, 0, 623, 0, 1583, 7615, 6315, 16441, 7, 4255, 7107, 537, 30777, 28677, 0, 78]
[0, 9557, 4991, 396, 776, 0, 353, 39, 1548, 9066, 6992, 17362, 8, 3793, 8603, 603, 25899, 24758, 0, 176]
[0, 6646, 5015, 103, 572, 22, 501, 85, 1585, 8186, 6097, 17037, 4, 3527, 7443, 193, 30783, 27944, 0, 320]
[0, 6720, 4688, 42, 777, 0, 622, 3, 2553, 6817, 6661, 17380, 9, 4777, 8562, 366, 27276, 28560, 0, 92]
[0, 7234, 5263, 54, 232, 0, 888, 206, 2312, 7356, 6075, 16539, 12, 3844, 5627, 282, 29428, 28286, 0, 122]
[0, 8162, 5045, 203, 113, 0, 393, 135, 1626, 7010, 5821, 17290, 5, 3895, 7468, 540, 26481, 27129, 0, 153]
[2, 8310, 4653, 87, 889, 0, 562, 54, 868, 8521, 6296, 16521, 6, 4138, 5834, 358, 35023, 32898, 0, 257]
[0, 9301, 4749, 60, 232, 0, 485, 120, 1790, 8085, 5953, 17495, 5, 4436, 7644, 457, 28321, 31678, 0, 157]
[0, 8044, 4917, 166, 882, 0, 350, 217, 1718, 7386, 5709, 16227, 11, 4197, 7442, 281, 25857, 27559, 0, 123]
[0, 6596, 4578, 121, 300, 0, 287, 138, 1651, 8241, 7201, 17547, 12, 4263, 9418, 277, 31497, 29238, 0, 322]
[0, 7392, 4838, 53, 95, 0, 293, 83, 1212, 7822, 7347, 16991, 14, 3700, 9688, 442, 25988, 24095, 0, 169]
[0, 8211, 4337, 270, 564, 0, 410, 0, 1478, 7651, 6565, 16457, 4, 4738, 9032, 200, 33291, 27714, 17, 147]
[0, 7082, 4958, 217, 789, 0, 143, 8, 1609, 8457, 6880, 17359, 7, 4383, 10048, 308, 28501, 25130, 4, 271]
[0, 8374, 4268, 255, 529, 0, 512, 58, 851, 8446, 5970, 16746, 7, 5767, 9650, 429, 21868, 25564, 0, 214]
[0, 7015, 4192, 212, 147, 0, 266, 83, 1030, 8663, 6789, 18510, 20, 5056, 7963, 394, 24001, 30066, 0, 121]
[0, 7757, 6408, 91, 549, 0, 313, 14, 2356, 8925, 7076, 15519, 5, 3659, 6063, 358, 27940, 30326, 0, 145]
[0, 7424, 4992, 203, 556, 0, 402, 133, 1053, 8766, 6694, 16437, 5, 3695, 10441, 758, 25409, 29460, 0, 40]
[0, 7959, 5830, 29, 572, 0, 602, 112, 1544, 8704, 6416, 16592, 6, 4346, 11450, 404, 28043, 30970, 0, 166]
[0, 7216, 5222, 191, 210, 0, 331, 179, 1280, 8715, 6954, 17395, 6, 4291, 10054, 265, 26068, 28168, 38, 103]
[0, 7093, 4604, 252, 191, 0, 674, 5, 1785, 6681, 6635, 17637, 18, 4255, 9625, 316, 24498, 30654, 0, 368]
[0, 6295, 5747, 51, 578, 0, 284, 27, 1070, 8079, 6223, 18506, 2, 3991, 9958, 332, 29088, 30887, 1, 93]
[1, 7728, 6040, 118, 686, 0, 769, 202, 2767, 9534, 6764, 17009, 6, 4721, 10288, 288, 26121, 29790, 0, 45]
[0, 7761, 4667, 16, 686, 0, 543, 218, 1994, 7626, 7099, 17573, 8, 4660, 10735, 478, 26190, 30348, 0, 136]
[0, 7213, 4751, 83, 84, 0, 455, 20, 1358, 6995, 6129, 15717, 8, 4280, 5731, 588, 26131, 29921, 0, 259]
[0, 6889, 5563, 167, 786, 0, 403, 151, 1541, 8413, 6446, 17497, 18, 4178, 9463, 685, 34406, 28573, 0, 103]
[0, 7705, 5383, 323, 1180, 0, 199, 126, 1906, 8453, 7195, 16786, 9, 4425, 12200, 334, 31313, 31908, 4, 116]
[1, 9438, 5159, 172, 405, 0, 452, 121, 1523, 8542, 5300, 17037, 12, 3997, 7371, 423, 32129, 31882, 0, 283]
[0, 7698, 5380, 37, 184, 58, 482, 19, 2446, 8157, 5775, 17372, 9, 4933, 10714, 735, 26352, 25535, 0, 169]
[0, 7635, 5838, 130, 219, 24, 716, 27, 951, 8167, 5959, 17840, 10, 4560, 7856, 384, 27932, 27991, 10, 151]
[0, 7401, 5777, 235, 525, 0, 505, 5, 2632, 7956, 6458, 17707, 20, 3608, 6662, 770, 29480, 29012, 0, 119]
[0, 7983, 4654, 115, 432, 0, 697, 39, 2059, 7830, 5687, 15068, 2, 4138, 9772, 491, 25669, 23274, 0, 131]
[0, 7476, 5279, 124, 331, 0, 494, 80, 584, 7674, 5642, 16450, 10, 3145, 7905, 295, 31862, 24899, 3, 498]
[0, 7980, 5377, 60, 425, 0, 644, 66, 1303, 8674, 8055, 16847, 11, 4848, 7616, 543, 23833, 23202, 8, 51]
[0, 7132, 3886, 121, 1050, 0, 436, 89, 2135, 8218, 6250, 16373, 6, 3967, 8153, 359, 28364, 25275, 0, 157]
[0, 6855, 5150, 288, 733, 0, 276, 76, 2378, 8874, 6779, 16805, 0, 3212, 9241, 167, 34201, 26304, 0, 125]
[0, 7351, 5589, 19, 653, 7, 295, 0, 3113, 7460, 6078, 16205, 15, 3405, 6254, 403, 30862, 27682, 3, 192]
[0, 6585, 6483, 81, 315, 0, 601, 39, 2232, 8611, 5860, 15953, 9, 4342, 7382, 260, 28720, 24915, 2, 95]
[0, 8706, 5744, 88, 159, 0, 480, 56, 1695, 7591, 7073, 18364, 6, 4312, 11744, 279, 30451, 25692, 0, 283]
[1, 7815, 5561, 162, 496, 0, 301, 25, 1543, 7705, 5993, 18704, 4, 4551, 8310, 398, 33756, 27104, 3, 320]
[0, 6415, 5432, 32, 424, 0, 486, 6, 1492, 7441, 6764, 16453, 3, 5116, 10296, 249, 23760, 22881, 0, 129]
[0, 7298, 4403, 10, 556, 0, 261, 56, 1374, 9611, 4776, 16576, 7, 5094, 8447, 400, 25316, 22843, 11, 130]
[0, 8643, 5813, 445, 718, 0, 448, 32, 1403, 9461, 6768, 17868, 9, 4191, 8773, 498, 26164, 27094, 8, 176]
[1, 7322, 5470, 302, 278, 0, 428, 66, 1897, 9039, 6259, 17826, 12, 3531, 7249, 420, 24909, 22282, 0, 185]
[0, 8187, 4853, 158, 505, 0, 393, 0, 2147, 8705, 6447, 17217, 8, 5169, 5609, 623, 27586, 24806, 0, 91]
[0, 7223, 5405, 91, 278, 0, 703, 92, 1316, 8581, 6284, 16358, 4, 4065, 10494, 478, 25441, 29528, 0, 269]
[0, 6687, 5318, 65, 140, 0, 445, 46, 1142, 8586, 6469, 17007, 11, 4807, 12405, 286, 26760, 27452, 0, 337]
[0, 7537, 4774, 169, 221, 0, 329, 108, 1135, 9265, 7464, 16634, 18, 3888, 9535, 493, 23116, 27465, 0, 133]
[0, 9051, 4448, 164, 815, 33, 211, 23, 1107, 8953, 7106, 16135, 11, 3993, 7934, 389, 32216, 28687, 0, 457]
[0, 6518, 5939, 131, 619, 0, 234, 0, 1705, 8167, 7328, 16412, 10, 4131, 8414, 123, 25445, 22929, 2, 221]
[0, 6893, 3841, 142, 341, 0, 288, 4, 1878, 7678, 7271, 17887, 2, 4558, 7863, 507, 28055, 26648, 0, 360]
[0, 7657, 5261, 164, 880, 0, 244, 71, 1958, 7861, 7365, 16938, 17, 3377, 4954, 357, 27801, 23867, 1, 133]
[1, 7640, 5504, 92, 244, 0, 440, 56, 2453, 7757, 6714, 16281, 9, 4322, 7082, 657, 26057, 29966, 0, 253]
[0, 7899, 4985, 30, 367, 0, 220, 26, 1565, 8625, 6637, 15462, 7, 2995, 6046, 470, 25595, 30216, 0, 216]
[0, 7696, 4987, 86, 308, 0, 405, 160, 2277, 7479, 6477, 18478, 10, 3552, 9087, 355, 24933, 27781, 0, 211]
[0, 6787, 5842, 114, 444, 0, 701, 193, 2862, 7671, 6428, 17177, 15, 3579, 4256, 333, 28764, 27886, 0, 178]
[0, 7350, 6111, 100, 439, 0, 478, 100, 978, 7585, 7850, 17353, 13, 4421, 11028, 251, 27973, 25713, 25, 279]
[0, 6916, 5588, 74, 593, 0, 715, 141, 2095, 8831, 7238, 17207, 27, 4767, 11336, 347, 25073, 28178, 5, 157]
[1, 7650, 6130, 42, 432, 0, 396, 75, 2058, 7971, 6870, 18920, 9, 3703, 8453, 399, 28004, 27940, 4, 118]
[0, 6576, 4119, 107, 563, 0, 484, 82, 2180, 9988, 6814, 16463, 15, 4159, 7809, 491, 27051, 31080, 0, 94]
[0, 8305, 6355, 146, 430, 0, 267, 159, 1537, 7988, 6020, 16608, 10, 3550, 7901, 685, 28753, 27863, 0, 165]
[0, 7823, 6143, 90, 382, 0, 207, 85, 1787, 9646, 6633, 15658, 5, 3915, 11124, 618, 24875, 29309, 4, 238]
[0, 7515, 5086, 127, 548, 0, 471, 145, 1659, 9136, 5764, 16755, 5, 3771, 7332, 267, 29755, 27660, 0, 76]
[0, 6488, 4394, 181, 469, 0, 405, 111, 1030, 8222, 6501, 17276, 5, 4663, 10611, 261, 22230, 26898, 5, 202]
[0, 8897, 6546, 107, 537, 55, 549, 51, 1701, 8399, 6835, 16828, 5, 3143, 8885, 625, 28373, 20908, 19, 131]
[0, 7496, 5196, 70, 272, 0, 517, 54, 2258, 7348, 6711, 17214, 10, 4329, 6446, 430, 29843, 27845, 0, 248]
[0, 6940, 6732, 15, 702, 0, 506, 46, 2050, 8592, 6520, 18013, 7, 4726, 6533, 432, 29336, 31261, 1, 261]
[0, 7787, 5534, 38, 823, 0, 156, 42, 717, 8099, 5803, 16942, 11, 5267, 8279, 532, 30536, 27349, 4, 239]
[0, 8395, 5378, 83, 493, 0, 541, 85, 2308, 8275, 7205, 16861, 9, 4551, 7144, 477, 29107, 28012, 0, 76]
[0, 7242, 4619, 333, 341, 0, 508, 58, 2852, 8085, 5897, 17143, 4, 2682, 6195, 358, 28774, 23908, 0, 164]
[0, 6702, 5484, 105, 225, 0, 754, 80, 1091, 7800, 6169, 17486, 3, 3770, 6794, 447, 29576, 25563, 0, 276]
[0, 8529, 4628, 198, 438, 0, 364, 195, 2052, 8488, 6971, 16374, 9, 4192, 8332, 520, 33895, 28545, 0, 146]
[0, 7958, 6203, 167, 369, 0, 804, 0, 2407, 9441, 6126, 17092, 7, 4889, 7955, 528, 32104, 28447, 24, 67]
[0, 7839, 4527, 142, 445, 0, 442, 67, 1433, 7798, 6185, 17811, 3, 4329, 8568, 279, 24855, 21141, 0, 193]
[0, 6635, 4119, 137, 1319, 0, 467, 70, 1252, 8169, 6841, 17787, 5, 4500, 9215, 718, 25954, 30648, 0, 125]
[0, 7243, 5134, 257, 800, 0, 350, 69, 1488, 7530, 6571, 16113, 7, 5266, 8522, 265, 31699, 31334, 6, 197]
[0, 7572, 5375, 7, 400, 0, 347, 125, 2280, 8189, 6519, 18006, 13, 3395, 7421, 583, 31844, 27922, 0, 236]
[0, 7294, 4154, 137, 390, 0, 365, 93, 1462, 8410, 7164, 18324, 7, 4031, 11061, 465, 24186, 23182, 0, 268]
[0, 6775, 5642, 54, 229, 0, 274, 78, 1280, 8168, 7042, 17439, 1, 3746, 7786, 656, 28452, 25840, 0, 227]
[6, 7345, 5500, 74, 303, 0, 790, 172, 2139, 7316, 6136, 16854, 9, 4280, 6922, 272, 24298, 22888, 14, 112]
[0, 6618, 4709, 108, 88, 0, 437, 238, 2574, 8135, 6060, 17731, 5, 3976, 7043, 292, 29983, 23504, 0, 213]
[0, 7891, 5710, 77, 407, 0, 333, 42, 2773, 7011, 6500, 16906, 3, 3993, 7281, 346, 30516, 27743, 21, 250]
[0, 6919, 5301, 17, 118, 16, 243, 279, 1020, 9812, 6196, 16983, 13, 4036, 7957, 525, 29665, 23767, 22, 232]
[0, 7592, 4936, 102, 247, 0, 469, 79, 1316, 8174, 6833, 17223, 6, 3775, 8116, 512, 33937, 25601, 0, 30]
[0, 7454, 5430, 89, 304, 0, 745, 143, 2197, 8487, 6672, 16897, 4, 3782, 10323, 447, 31828, 28352, 0, 155]
[0, 7453, 5891, 215, 268, 0, 814, 163, 1816, 9350, 5716, 15629, 3, 4737, 9518, 614, 27113, 30747, 0, 141]
[0, 7922, 3820, 80, 521, 0, 432, 120, 664, 8564, 6139, 16207, 6, 3575, 8737, 196, 31939, 29531, 0, 548]
[0, 8393, 6553, 11, 713, 0, 462, 115, 1735, 8197, 5549, 16994, 3, 4454, 9801, 581, 26732, 27095, 0, 33]
[0, 7589, 6192, 251, 101, 13, 457, 160, 2187, 7967, 6935, 17222, 10, 3674, 7930, 246, 29595, 23922, 0, 190]
[0, 6147, 5156, 235, 691, 0, 326, 120, 2188, 7745, 6691, 17461, 6, 3283, 6319, 535, 24971, 22375, 0, 163]
[0, 7402, 5163, 136, 533, 0, 517, 292, 2120, 7569, 6781, 16778, 3, 3412, 6386, 581, 26827, 27465, 3, 98]
[0, 6853, 6106, 210, 117, 0, 340, 97, 913, 6090, 6308, 17113, 10, 4232, 8444, 160, 27376, 28498, 2, 425]
[0, 7392, 6752, 166, 295, 0, 802, 87, 2340, 8600, 6928, 15396, 4, 4833, 6055, 223, 27103, 26205, 0, 195]
[0, 8512, 4481, 59, 448, 0, 563, 0, 1497, 7432, 6266, 16905, 12, 4515, 7949, 451, 30375, 27325, 0, 42]
[0, 7247, 4707, 206, 394, 0, 713, 70, 2177, 8483, 7129, 16705, 26, 3353, 11362, 310, 25135, 29609, 0, 208]
[1, 6980, 6369, 95, 570, 14, 389, 0, 3076, 7042, 6304, 15714, 8, 3948, 6416, 439, 25382, 26369, 6, 47]
