[12282, 10206, 10257, 14304, 11584, 11777, 7212, 7531, 8553, 7453, 8063, 7010, 7520, 7648, 7319, 7793, 3709, 4, 0, 0]
[9606, 7538, 7427, 12347, 8609, 8612, 4009, 4511, 5501, 4356, 5003, 4849, 6225, 6954, 5378, 5872, 2172, 0, 0, 0]
[11339, 9643, 9446, 14058, 10386, 9834, 6633, 6859, 8593, 6721, 8002, 6905, 8188, 8430, 7318, 7526, 2700, 0, 0, 0]
[15708, 14079, 13917, 19129, 14936, 14784, 10696, 10928, 12477, 11176, 12477, 11402, 11929, 12347, 11135, 11633, 5349, 0, 0, 0]
[12756, 11185, 10821, 15670, 11976, 12325, 8006, 8330, 9197, 8307, 8414, 8056, 8789, 8917, 8359, 8747, 2173, 0, 0, 0]
[10398, 8990, 8649, 13915, 9800, 9513, 5575, 5749, 7087, 5429, 6136, 5532, 6759, 7408, 6755, 7136, 1056, 0, 0, 0]
[12691, 10873, 10396, 14620, 11661, 11636, 7470, 7671, 8059, 7187, 8451, 7692, 8463, 8986, 7478, 7855, 4636, 0, 0, 0]
[9555, 7903, 7856, 12864, 8829, 8270, 4602, 4533, 5999, 5062, 5868, 4514, 5121, 5584, 4990, 5940, 2512, 0, 0, 0]
[10301, 8627, 8248, 13112, 9502, 9051, 5440, 5725, 7341, 5508, 6157, 5333, 5889, 7027, 6013, 6484, 3361, 0, 0, 0]
[11168, 9471, 9345, 14066, 10296, 10412, 6304, 6404, 7507, 6590, 7174, 6384, 7704, 8462, 7612, 7610, 2633, 0, 0, 0]
[8441, 7109, 6762, 11888, 7630, 7674, 3538, 4133, 6011, 4156, 4884, 3566, 4839, 5860, 4965, 5275, 2257, 0, 0, 0]
[12126, 10763, 10566, 15699, 11652, 10895, 6890, 7064, 8995, 7755, 9304, 7503, 8455, 9176, 8195, 8546, 3312, 0, 0, 0]
[12286, 11043, 10915, 16378, 11405, 10911, 7134, 7102, 8315, 6896, 7822, 7490, 8785, 9686, 8486, 9078, 2563, 0, 0, 0]
[10672, 9189, 9052, 14446, 9984, 9554, 5090, 5337, 6296, 5459, 6326, 5585, 6435, 7077, 6289, 6863, 2613, 0, 0, 0]
[12472, 10978, 10787, 15857, 11567, 11481, 7835, 7864, 9089, 7689, 8541, 7231, 7985, 8178, 7993, 8544, 1895, 0, 0, 0]
[13510, 12012, 11716, 16699, 12784, 12119, 8816, 9299, 11504, 9371, 10205, 8783, 9252, 9342, 9147, 9764, 3974, 0, 0, 0]
[9723, 7880, 7106, 11505, 8240, 7028, 3872, 4094, 5247, 4017, 4886, 4190, 4540, 4712, 4171, 4988, 1411, 0, 0, 0]
[12418, 10938, 10723, 15966, 11752, 11124, 7757, 8299, 10135, 8060, 9303, 7889, 9241, 9799, 9468, 10048, 3911, 0, 0, 0]
[9631, 7475, 7661, 12624, 8802, 8767, 4495, 5088, 6659, 4902, 5849, 4352, 5143, 5384, 4412, 4757, 1277, 0, 0, 0]
[11430, 9737, 9801, 14572, 10886, 10328, 6873, 7081, 8282, 6060, 6722, 6093, 7458, 8240, 7175, 7538, 3703, 0, 0, 0]
[9950, 8641, 8975, 14342, 9153, 8944, 4777, 5075, 6294, 4943, 5672, 5103, 5950, 5843, 5587, 6118, 2133, 0, 0, 0]
[10646, 9197, 8995, 13998, 9914, 9380, 5362, 5754, 7242, 5906, 6877, 6303, 7072, 7502, 6518, 6976, 2090, 0, 0, 0]
[10032, 8374, 7969, 12651, 9107, 8665, 5171, 5178, 6062, 5045, 6248, 5425, 6232, 6939, 6287, 6853, 1660, 0, 0, 0]
[10686, 9103, 8521, 13549, 9912, 9800, 5751, 5836, 7707, 6271, 7054, 5504, 5893, 6016, 6375, 7148, 2931, 0, 0, 0]
[12442, 10585, 10175, 15026, 11101, 10184, 7417, 7901, 10363, 8226, 9283, 7468, 8479, 8746, 8643, 8877, 2820, 0, 0, 0]
[14245, 12693, 12291, 17303, 13656, 13203, 9650, 10089, 11610, 9403, 10442, 8827, 10183, 10463, 9875, 10318, 2547, 0, 0, 0]
[13230, 11386, 11060, 16066, 11924, 11932, 8104, 8273, 9615, 8193, 9086, 8303, 9096, 9622, 8851, 9240, 3562, 0, 0, 0]
[10449, 8188, 8171, 13143, 9536, 9663, 4750, 5036, 6140, 5235, 6085, 5788, 6784, 7051, 6127, 6745, 3526, 0, 0, 0]
[10025, 9008, 8695, 13417, 9283, 9177, 5097, 5826, 7773, 5776, 6360, 5284, 6285, 6491, 5547, 6044, 2491, 0, 0, 0]
[11114, 9747, 9327, 14656, 10162, 9910, 6262, 6893, 9119, 6845, 8355, 6924, 7438, 7347, 6539, 6970, 2914, 0, 0, 0]
[8269, 6752, 6191, 11206, 7149, 6845, 3015, 2952, 3945, 2785, 3508, 3035, 4129, 4958, 3638, 4100, 1988, 0, 0, 0]
[12041, 10619, 10271, 14813, 11101, 10863, 7075, 7425, 9095, 7516, 8283, 7351, 8193, 8200, 8062, 8761, 2221, 0, 0, 0]
[9723, 8300, 8028, 13234, 8758, 8598, 4859, 4767, 5886, 5103, 6365, 5413, 5936, 6102, 5368, 6192, 1340, 0, 0, 0]
[11508, 9461, 9240, 13993, 10505, 10349, 6278, 6818, 8246, 6525, 7282, 6879, 7881, 7727, 6508, 6999, 2044, 0, 0, 0]
[12381, 10887, 10854, 16228, 11573, 11351, 7370, 7452, 8129, 7232, 7978, 7327, 7945, 8121, 7408, 8056, 3354, 0, 0, 0]
[9201, 7862, 7568, 12541, 8251, 7912, 4449, 4794, 6653, 4479, 5610, 4407, 5243, 5613, 4868, 5353, 1066, 0, 0, 0]
[11456, 10055, 9848, 15327, 10672, 10019, 6870, 7731, 10019, 7584, 8542, 6932, 7590, 7462, 7083, 7564, 2334, 0, 0, 0]
[8193, 6658, 5588, 10655, 6352, 5666, 2510, 2595, 3754, 2763, 3212, 2644, 3801, 4596, 3966, 4652, 1443, 0, 0, 0]
[10437, 8536, 8619, 13702, 9651, 9527, 5967, 6237, 7320, 5493, 6213, 4902, 5755, 6222, 5492, 6164, 1678, 0, 20, 0]
[7986, 6458, 6288, 11534, 7063, 6674, 2947, 3011, 4054, 3202, 4507, 3157, 4181, 4474, 4197, 4670, 2075, 1, 0, 0]
[10140, 8939, 8738, 13774, 9316, 9502, 5189, 5093, 6288, 5309, 6232, 5797, 6523, 7003, 6315, 6757, 4116, 0, 0, 0]
[9781, 8289, 7436, 11948, 8900, 8922, 4674, 4673, 5856, 4715, 5384, 5005, 5961, 6123, 5522, 5855, 1249, 0, 0, 0]
[11739, 10258, 9864, 14625, 10951, 10383, 6415, 6745, 8125, 6980, 7555, 6914, 7385, 7796, 7180, 7671, 2808, 0, 0, 0]
[9219, 7533, 6991, 12140, 8267, 7966, 4209, 4284, 5967, 4738, 5655, 4302, 5129, 5400, 4356, 5029, 317, 0, 104, 0]
[10425, 9113, 9117, 13961, 9528, 9049, 5212, 5450, 7528, 6051, 7099, 6624, 7580, 8013, 6357, 6869, 3302, 0, 0, 0]
[11715, 10014, 9935, 14630, 10975, 10289, 6664, 6966, 8098, 7386, 8401, 7434, 8555, 9200, 8068, 8541, 1754, 0, 0, 0]
[13503, 11943, 11911, 17059, 12742, 12339, 8407, 8567, 9468, 8528, 9261, 8445, 9029, 10340, 10016, 10351, 4196, 0, 0, 0]
[10765, 9108, 9094, 13998, 9566, 9399, 5739, 5907, 7663, 5872, 6741, 5933, 6959, 7675, 6990, 7366, 2107, 0, 0, 0]
[12145, 10545, 10486, 15775, 11235, 10519, 7402, 8198, 9630, 7418, 8818, 6986, 9063, 9620, 8363, 8812, 3791, 0, 0, 0]
[10225, 8620, 8511, 13353, 9464, 9294, 5254, 5404, 6490, 5478, 6888, 5243, 6070, 7189, 6164, 6526, 3168, 0, 0, 0]
[11907, 10404, 10192, 15581, 10708, 10389, 6962, 7183, 8445, 7199, 8242, 6902, 7987, 8039, 7941, 8646, 4124, 0, 0, 0]
[12600, 10978, 10799, 15192, 11856, 12080, 7422, 7906, 8949, 7464, 8041, 7260, 8275, 8741, 8535, 8932, 1776, 0, 0, 0]
[11478, 10008, 10011, 15016, 10775, 10610, 6638, 7436, 9520, 7115, 8001, 6938, 7658, 7959, 7028, 7382, 1920, 0, 0, 0]
[8955, 7253, 6962, 11631, 7958, 8176, 3872, 4199, 5714, 3897, 4467, 3816, 4283, 4622, 4041, 4649, 1931, 0, 0, 0]
[11937, 10654, 10550, 15820, 11235, 10820, 6703, 7099, 8518, 7350, 8312, 7220, 8507, 9224, 8212, 9008, 4329, 1, 27, 0]
[9393, 7397, 7364, 11885, 8426, 8028, 4410, 4474, 5863, 4707, 5324, 4540, 5528, 5989, 4916, 5748, 2258, 4, 0, 0]
[8721, 6706, 6175, 11122, 7717, 7422, 3800, 3805, 5409, 3814, 4401, 3269, 4297, 4529, 4703, 5335, 1536, 0, 0, 0]
[10361, 8871, 8837, 14092, 9476, 9346, 5220, 5319, 6789, 5533, 6210, 5634, 6590, 6641, 6778, 7484, 4059, 0, 0, 0]
[11757, 10128, 9735, 15345, 10997, 10332, 6600, 6873, 8615, 7205, 8210, 7142, 8144, 8920, 8643, 9422, 5771, 0, 0, 0]
[11522, 9824, 9931, 14539, 10857, 10679, 6507, 6495, 7491, 6864, 7871, 6768, 7327, 7857, 7139, 7432, 1466, 0, 0, 0]
[13512, 12134, 12276, 17333, 12905, 12376, 8796, 8774, 9888, 8915, 9654, 8550, 9671, 10321, 9751, 10245, 3785, 0, 0, 0]
[9349, 7833, 7799, 13026, 8433, 8249, 4240, 4470, 5753, 4533, 4987, 4575, 5388, 6170, 5479, 6396, 3550, 0, 0, 0]
[9929, 8244, 7859, 12562, 9227, 9106, 5048, 5430, 6495, 5291, 5864, 5001, 5685, 5747, 5177, 5741, 458, 0, 0, 0]
[10222, 8942, 8645, 13981, 9558, 9206, 5682, 6248, 8413, 6216, 7187, 5702, 6868, 7727, 6539, 7345, 2493, 0, 0, 0]
[11350, 10068, 9767, 14560, 10561, 10229, 7031, 7190, 9291, 7231, 8175, 6803, 7470, 7979, 6912, 7665, 1261, 0, 0, 0]
[11469, 9968, 9725, 14484, 10601, 10938, 6308, 6513, 8026, 6768, 7319, 6237, 7014, 7788, 6553, 6849, 2246, 0, 0, 0]
[11769, 10081, 10118, 15108, 11089, 10891, 7012, 7339, 8526, 6843, 7541, 6510, 7042, 7569, 6869, 7609, 3278, 0, 0, 0]
[12074, 9702, 8890, 13404, 10373, 10538, 6915, 7417, 9641, 7375, 8053, 6929, 7849, 8415, 7725, 8322, 4777, 0, 0, 0]
[9166, 7852, 7181, 12086, 8329, 8224, 4367, 4396, 6040, 4212, 4723, 4202, 4824, 4499, 4313, 4854, 688, 0, 0, 0]
[11282, 10031, 9858, 14866, 10728, 10969, 6188, 6305, 7621, 6744, 7500, 6718, 7589, 8157, 7011, 7268, 1932, 0, 0, 0]
[8949, 7444, 6872, 11839, 7859, 7354, 3819, 4056, 5333, 3984, 5122, 4158, 4655, 4789, 4066, 4731, 784, 0, 0, 0]
[12837, 10876, 10904, 15693, 11578, 11432, 7802, 8212, 9948, 8240, 8886, 7963, 9454, 10260, 8939, 9276, 4993, 0, 0, 0]
[13582, 11598, 11554, 16032, 12710, 12465, 7843, 8252, 9430, 8202, 9655, 8242, 9330, 9624, 9230, 9496, 1278, 0, 0, 0]
[9466, 7870, 7651, 12837, 8646, 8220, 4602, 4683, 5722, 4399, 5380, 4230, 5232, 5994, 5662, 6313, 2291, 0, 0, 0]
[8196, 6639, 6131, 10844, 7126, 6905, 3636, 4086, 6484, 3951, 4689, 3118, 4184, 4569, 4174, 4819, 1502, 0, 0, 0]
[11937, 10606, 10359, 15317, 11216, 10745, 6938, 7697, 9758, 7698, 8915, 7305, 8930, 9947, 8868, 9541, 3526, 0, 0, 0]
[12485, 10578, 10180, 14963, 11289, 11485, 7321, 7631, 8190, 7295, 8490, 7331, 7716, 7924, 7391, 7753, 2231, 0, 0, 0]
[9783, 8321, 8236, 13470, 8761, 8631, 4639, 5356, 6930, 4972, 5706, 4942, 5835, 6091, 5744, 6352, 1483, 0, 0, 0]
[10210, 8655, 8728, 13303, 9318, 9528, 4723, 5104, 6864, 5635, 6405, 5085, 5872, 6300, 5809, 6045, 3803, 0, 0, 0]
[14499, 12802, 12382, 17493, 13462, 13185, 9427, 9612, 10695, 9665, 10702, 10032, 10937, 11293, 10232, 10967, 3505, 0, 0, 0]
[11310, 9349, 9492, 14453, 10484, 10638, 5968, 6158, 6876, 6278, 6973, 6396, 7195, 7876, 7283, 7850, 1571, 0, 0, 0]
[10951, 9573, 9609, 14782, 10065, 9597, 5810, 5918, 7135, 6631, 7890, 6592, 7477, 8605, 7433, 7702, 2417, 0, 0, 0]
[9437, 7699, 7319, 12077, 8161, 8038, 4762, 5129, 7199, 4918, 5970, 4346, 4873, 5386, 5347, 5847, 2339, 0, 0, 0]
[12518, 11365, 10804, 15769, 11459, 10799, 7308, 7905, 9397, 7552, 8690, 7652, 9283, 9775, 9170, 9516, 2179, 0, 0, 0]
[12372, 10190, 10386, 15030, 11366, 11008, 7399, 7524, 8380, 7104, 7972, 7177, 7857, 8442, 7482, 8111, 3844, 0, 0, 0]
[11847, 10736, 10715, 15569, 11081, 10476, 7097, 7557, 8856, 7295, 7802, 6927, 7450, 7673, 6392, 6942, 1961, 0, 0, 0]
[13388, 11649, 11461, 16752, 12681, 12449, 8507, 8850, 10245, 8702, 9018, 8623, 9474, 9774, 8579, 9229, 1864, 0, 0, 0]
[9684, 8014, 7719, 13330, 8961, 8961, 4870, 5044, 5569, 4493, 5369, 5276, 6009, 6318, 5205, 5865, 2167, 0, 0, 0]
[12512, 11156, 10918, 15845, 11847, 11368, 7475, 7727, 8475, 7297, 7899, 6952, 7409, 7745, 7592, 8317, 3551, 0, 0, 0]
[10683, 8803, 8542, 13445, 9426, 8883, 5761, 5651, 6465, 5601, 5940, 5490, 6692, 7237, 6701, 7014, 3690, 0, 0, 0]
[14404, 12687, 12259, 17069, 13339, 13064, 8688, 8794, 10344, 9176, 9877, 9226, 10672, 10949, 10569, 11208, 3934, 0, 0, 0]
[10996, 9487, 9259, 14020, 9821, 9271, 6039, 6072, 7393, 6157, 6965, 6299, 6821, 7673, 6794, 7455, 3084, 0, 0, 0]
[10927, 9540, 9011, 14314, 9850, 9372, 6349, 6694, 8308, 6237, 7454, 6186, 7473, 7666, 7124, 7681, 3259, 0, 0, 0]
[10871, 9474, 9324, 14320, 10323, 9783, 5393, 5711, 7194, 6046, 6680, 5948, 7309, 7757, 7299, 7778, 1896, 0, 0, 0]
[12461, 10812, 10578, 15240, 11620, 11239, 7124, 7302, 8631, 7502, 8905, 8031, 8949, 9362, 7805, 8569, 2414, 0, 0, 0]
[11734, 10096, 9772, 14737, 11167, 11098, 6898, 7116, 8443, 6903, 8131, 7288, 8180, 8239, 7132, 7650, 1808, 0, 0, 0]
[11549, 9845, 9836, 15252, 10677, 10533, 6897, 7216, 8567, 6874, 7488, 6803, 8008, 8901, 7393, 7871, 2865, 0, 0, 0]
[9735, 8340, 8279, 13686, 9063, 8694, 4624, 4903, 6485, 5010, 6182, 5628, 6333, 6272, 5303, 5790, 1214, 0, 0, 0]
[11113, 9258, 8852, 13986, 10079, 9425, 6105, 6203, 7303, 6254, 7633, 6432, 7438, 8027, 6690, 7335, 2888, 0, 0, 0]
[12711, 10837, 10633, 15610, 11845, 11829, 7423, 7861, 9233, 8119, 9084, 7850, 8804, 9725, 9125, 9768, 4737, 0, 0, 0]
