159402
162381
170816
162470
160392
164864
162535
167980
164483
166917
171821
159476
162720
164004
162226
168787
160246
166368
165142
165323
164740
167625
172328
165470
167406
161177
168866
167453
163549
163462
162895
167412
162052
164830
164204
173744
167163
164149
167201
162517
166580
161254
164430
162067
167331
161161
167263
164567
165088
170316
165164
160758
169273
163678
166851
176405
164364
165105
167054
164773
160246
172034
159740
164742
161353
167881
162172
164833
171677
167323
167801
160569
166000
169858
165532
161302
165755
162949
164281
169021
176135
161077
166455
169094
168386
164510
161098
162368
160985
162123
165513
157229
165549
165669
166086
157542
166897
163727
159875
163174
