21003
18879
20208
24831
21657
19911
22269
18091
19403
19957
17292
21200
21752
19770
20912
22006
18509
21047
18666
20262
18780
20133
18459
19042
20947
23342
22165
19236
18750
20193
17809
20965
18703
20728
21205
18101
19991
17560
19525
16411
18968
18707
20635
18280
20439
20805
22252
19463
21334
19526
20299
21162
20552
17858
20855
18533
17471
19044
20447
20261
22597
17960
18347
19672
20636
20466
20676
20778
18068
20217
18068
21897
21943
18327
17054
21220
20861
18347
19056
23705
20411
19727
17746
21363
21290
20177
22627
18786
21087
19007
23065
20261
19632
19842
22010
21470
20827
18583
20326
21759
