219948
217590
216295
223149
221587
215189
216521
217255
210927
220428
216075
227073
217623
224404
224498
215126
218574
211814
225220
225503
213983
223393
226577
215631
227755
222730
222775
223991
222909
222786
221994
213905
219937
217933
215292
220227
224197
223182
224645
224326
218717
213637
219121
221589
214910
221388
230201
219965
224494
211345
221403
220812
225736
218946
230237
221801
217925
220191
231986
220248
217453
222807
217348
224235
226738
219350
217258
215986
222945
226242
221060
222292
222227
228633
220369
223078
225626
216408
217646
220154
217911
221187
223275
221136
219989
227419
220989
223544
218308
217307
223855
225994
221888
227034
224713
214335
216928
219348
222525
224490
