209423
212515
208560
228707
210001
207526
213387
212167
214045
212534
209346
208814
203465
206237
211250
211730
209905
212128
211552
205727
215444
203665
211050
213346
206369
213709
210512
210333
216642
207967
203768
215782
209254
212874
211826
213320
208222
206249
207380
213288
215347
200375
203095
205052
210581
214628
206946
219546
209382
201337
204470
212425
205867
213671
206640
208382
208507
204207
209338
215863
211080
209669
213678
201901
204269
206367
209544
217929
215772
211445
203249
215433
205102
215569
205946
221283
212622
208933
215400
210843
209660
209006
206760
214618
205641
213457
200630
207861
215024
201276
214844
208439
212807
211203
216152
205002
205437
205455
212790
203019
