155002
152428
155040
161270
153964
160864
154456
157202
157106
158097
161222
152475
154707
154985
156344
158050
153888
160046
152557
159446
155041
155723
155816
153795
152418
157145
155662
155725
156373
153786
151881
154417
157967
154615
155619
155996
155865
158198
152613
158182
153476
158256
156952
157707
163905
156776
153037
157650
159918
156878
158379
155758
158838
151577
154376
155872
155402
158251
153217
152174
154046
151834
154541
153870
154251
156029
152374
154872
155398
157175
157923
156363
156124
154101
153606
158536
155622
154483
161378
152877
159457
153262
158487
156538
155303
156029
158278
155057
160425
153906
155620
154630
162562
156319
161262
155754
155551
157007
160208
156184
