22339
19813
21062
19650
20030
22572
20744
20177
19823
19636
19238
20289
21684
23985
22046
19765
18586
21015
21395
22792
20136
20356
21118
19113
21830
22660
19334
21202
19027
21182
21976
20883
20718
22259
23839
19895
20489
20523
21417
20299
22454
19003
20250
21157
20205
20008
22175
19407
20026
19431
21198
18728
21852
19596
28547
21640
21983
21697
21639
22273
21351
20127
19756
20875
23264
20532
18518
20973
20354
22968
20597
21068
18819
20754
22662
20817
19668
18459
20167
19436
20709
19654
19569
21745
21371
21658
20480
20832
19697
21976
22363
23530
19516
21891
20076
21181
19213
22368
21279
21856
