217016
217258
221787
224581
216207
215041
221816
224368
214634
221158
223332
220356
225130
218059
213791
209426
218870
229334
215994
219788
218714
221628
220927
214897
210172
219963
218682
220674
219502
218490
222159
221081
221500
218423
229047
220086
221742
225235
227546
216888
212052
219071
220391
218909
211441
216268
215139
230508
218034
216620
218184
216952
218167
215932
224640
223013
222665
218377
213566
225592
216215
217883
224159
226552
218187
222663
222992
220575
216256
214752
213175
219199
220568
216394
218240
216858
213069
219054
216146
225194
221199
215155
213704
218671
217543
216820
219784
220022
226436
219531
219910
221879
218551
217766
219428
220739
221859
220511
226066
226499
