152352
153196
152272
156664
161164
157872
156058
158041
159611
153139
153800
164592
157354
156577
163528
155568
162621
157383
152234
154083
161282
157393
161489
156261
159189
161452
162548
161528
156253
163374
167814
164016
158173
158345
158728
154369
157489
152167
159267
162553
158882
153126
160132
162196
154526
154129
158582
151760
154105
158502
160871
152367
162673
151762
159847
152698
157453
153487
156610
157992
159997
159704
157749
158923
156528
161401
158362
155754
153893
157592
160667
162022
157118
155919
153337
164786
164047
151095
158815
161567
159199
156205
154516
151503
158828
160349
154865
159035
159076
162992
160574
156378
155492
149487
154805
155317
156246
157425
160666
151839
