[75534, 57737, 57240, 84952, 77576, 84220, 12246, 19483, 34262, 21432, 30579, 19030, 29448, 35672, 36219, 40185, 17504, 0, 0, 0]
[74994, 59981, 58791, 85643, 78880, 86176, 11684, 17029, 30063, 19509, 27267, 19519, 29991, 36284, 30048, 33349, 15068, 0, 0, 0]
[73871, 58414, 57291, 84438, 77102, 85099, 10200, 15930, 28204, 17248, 27274, 17008, 26611, 31861, 26369, 29103, 14129, 0, 0, 0]
[77798, 60914, 59512, 87104, 79474, 89473, 13779, 18598, 29056, 19218, 28915, 20061, 27537, 30390, 25821, 30185, 15448, 0, 0, 0]
[83306, 66325, 65485, 92765, 85499, 92697, 20435, 28047, 45050, 29962, 39989, 27727, 38445, 46070, 43349, 46783, 23676, 0, 0, 0]
[79734, 63035, 62404, 90340, 83824, 89451, 19011, 26653, 43732, 29471, 38939, 27676, 39265, 44815, 42990, 46958, 19878, 0, 0, 0]
[78013, 59338, 60445, 88790, 80227, 88825, 15298, 22764, 38774, 23311, 31174, 21239, 31369, 38980, 33927, 36010, 16030, 0, 6, 0]
[79574, 63674, 63567, 91816, 83386, 90889, 15938, 25983, 43905, 28634, 39991, 26551, 38412, 44858, 42051, 47226, 20105, 0, 0, 0]
[81061, 64854, 64290, 92016, 83487, 91125, 18087, 26081, 41144, 27287, 37943, 26203, 37216, 44420, 38950, 42236, 19525, 0, 0, 0]
[77089, 59984, 58262, 85356, 78959, 85472, 15223, 23535, 39144, 23740, 34679, 23506, 35443, 43253, 41028, 44345, 19055, 0, 0, 0]
[76090, 58007, 57292, 85727, 77584, 85853, 14043, 22206, 39407, 24555, 34386, 22375, 33588, 39432, 36584, 39284, 18115, 0, 0, 0]
[87994, 70083, 69593, 98473, 89295, 97573, 24664, 33251, 50040, 35879, 47691, 35248, 47658, 53490, 51833, 54904, 23759, 0, 0, 0]
[79537, 61255, 61465, 90006, 82825, 90290, 17308, 25760, 43281, 28034, 38980, 27579, 39887, 46810, 43339, 47122, 22539, 0, 0, 0]
[78434, 60211, 59487, 87326, 79922, 86551, 15838, 23137, 39028, 25205, 35555, 24296, 34088, 37750, 35546, 39055, 18863, 0, 0, 0]
[84789, 69630, 69357, 96808, 89416, 97181, 21887, 30470, 46301, 32106, 41930, 30649, 42425, 48633, 42583, 46646, 20789, 0, 0, 0]
[76631, 60833, 60852, 89271, 80360, 87569, 14626, 19649, 33077, 22553, 29910, 20232, 29915, 34161, 29744, 34108, 15615, 0, 0, 0]
[83033, 66428, 66225, 93864, 87066, 95445, 20661, 28043, 42857, 30196, 40264, 29903, 41051, 46405, 42616, 45859, 18527, 0, 0, 0]
[78587, 62507, 62073, 89647, 81684, 89430, 14989, 21757, 35485, 22594, 32577, 23525, 34844, 42375, 35444, 37919, 16466, 0, 55, 0]
[73659, 56952, 56916, 84674, 77928, 85900, 9586, 15038, 29173, 17376, 27172, 19042, 30006, 33876, 29883, 33574, 17523, 0, 0, 0]
[75899, 59982, 59882, 86553, 79243, 87859, 12403, 19325, 33627, 21254, 31014, 21076, 31621, 36358, 34385, 38468, 20638, 0, 0, 0]
[83969, 66575, 64286, 90787, 84679, 93571, 20527, 26240, 40908, 27552, 36733, 27778, 36565, 40645, 38539, 41617, 21802, 0, 0, 0]
[77096, 61188, 60730, 86953, 81397, 89716, 16490, 25250, 42721, 26965, 39090, 26390, 38109, 45478, 38967, 41939, 20840, 0, 0, 0]
[81300, 65117, 63737, 91674, 85153, 93223, 20909, 29562, 48398, 30676, 41642, 29522, 41771, 48421, 41685, 44695, 21677, 0, 0, 0]
[77468, 61186, 60630, 88180, 80394, 87911, 14947, 21622, 37581, 24899, 36566, 24250, 35323, 41989, 36130, 40212, 19788, 0, 0, 0]
[79385, 63574, 62885, 89454, 83670, 90172, 15161, 22137, 36502, 25654, 37044, 24760, 34960, 42272, 37540, 40453, 21879, 2, 103, 0]
[82360, 66936, 65561, 92436, 86138, 92531, 20729, 28008, 44244, 30521, 40691, 29286, 40583, 46662, 42398, 46385, 21563, 0, 0, 0]
[84964, 68041, 66475, 94054, 87048, 94673, 20610, 27282, 41596, 27218, 36267, 25920, 35589, 40170, 34462, 39487, 19934, 0, 0, 0]
[82858, 66406, 66153, 94340, 86319, 93227, 22449, 29456, 45914, 31447, 40144, 28872, 39845, 43319, 38027, 41474, 20827, 0, 0, 0]
[78474, 61087, 60476, 87143, 81106, 87723, 13487, 18292, 30134, 20634, 29200, 22252, 33455, 40219, 37232, 41494, 20903, 0, 177, 0]
[85170, 68830, 67588, 94574, 87577, 95240, 23527, 30252, 47554, 33249, 42460, 32218, 43738, 47956, 45526, 49751, 20464, 0, 0, 0]
[87693, 71528, 70664, 98514, 91279, 99081, 25509, 34519, 51010, 36014, 46407, 35042, 47421, 54072, 47515, 50734, 23745, 0, 0, 0]
[85176, 66532, 65624, 94841, 87279, 94302, 24379, 30350, 45515, 30919, 40390, 30355, 41684, 48301, 44531, 48092, 22184, 0, 0, 0]
[79009, 62657, 62156, 89238, 83232, 90994, 18761, 25789, 41069, 26063, 34643, 25167, 38220, 45802, 39142, 39513, 17136, 0, 0, 0]
[80264, 63150, 61966, 90053, 83432, 90882, 17973, 23960, 39205, 26736, 35589, 25008, 35368, 41029, 37851, 41447, 19622, 0, 0, 0]
[80029, 63101, 62009, 89591, 82334, 89962, 17209, 25118, 40323, 26944, 36328, 26451, 38882, 46094, 42382, 45145, 20024, 0, 0, 0]
[76900, 59665, 59267, 87121, 79858, 87304, 12430, 19136, 33260, 20027, 30751, 21422, 30171, 34797, 28324, 32759, 14428, 0, 0, 0]
[80176, 63045, 61848, 90111, 81649, 89071, 16983, 23632, 41015, 25818, 36145, 24827, 35157, 42734, 37715, 41592, 15161, 64, 112, 0]
[74280, 57211, 56194, 83717, 76999, 85596, 10795, 16864, 32284, 19106, 27705, 17022, 26780, 32726, 29242, 31795, 14493, 0, 0, 0]
[81034, 64814, 65507, 91748, 84479, 90373, 16809, 23601, 36612, 24565, 34695, 24088, 33020, 36959, 34067, 38430, 16571, 0, 0, 0]
[84734, 68584, 68337, 96553, 87209, 96135, 22408, 29978, 45957, 30127, 40074, 28976, 39572, 47257, 42680, 48250, 18726, 0, 0, 0]
[81332, 64011, 62703, 90866, 82462, 90027, 19285, 26930, 42156, 28288, 37593, 27159, 38833, 45584, 42254, 44381, 19505, 0, 0, 0]
[74947, 59113, 56712, 85413, 77340, 86535, 12374, 18618, 32778, 18547, 27342, 20291, 32440, 39236, 35621, 39169, 16234, 0, 0, 0]
[81272, 63919, 62573, 90441, 84243, 92271, 20840, 29252, 45326, 30367, 39305, 27442, 39485, 46564, 37821, 39782, 16503, 0, 0, 0]
[83021, 66385, 65332, 93252, 85510, 93131, 19785, 29127, 46644, 31847, 43332, 28694, 39198, 45130, 42628, 45732, 17669, 0, 92, 0]
[75755, 60662, 59903, 86289, 79268, 87133, 12221, 18279, 32522, 20572, 26855, 20602, 30311, 34763, 29142, 32237, 15234, 0, 0, 0]
[75358, 58715, 58500, 85170, 78034, 86228, 11896, 16872, 28644, 17087, 24784, 17458, 25710, 28603, 27535, 31364, 13990, 0, 0, 0]
[80244, 62184, 60892, 89924, 82348, 91106, 18050, 23902, 37911, 23902, 33764, 23332, 32769, 38247, 33199, 35934, 17985, 0, 0, 0]
[73939, 57619, 56622, 83206, 76059, 84012, 10638, 16519, 30474, 17756, 26945, 16420, 25571, 32137, 28712, 31577, 13781, 0, 1, 0]
[77118, 59475, 58982, 86646, 79287, 87208, 13432, 18970, 31864, 20561, 29100, 20879, 29785, 32626, 32635, 37239, 16532, 0, 0, 0]
[79645, 63749, 62587, 90854, 82429, 91367, 16670, 25589, 42514, 27043, 39163, 26999, 38106, 45090, 37887, 41069, 20974, 30, 141, 0]
[80352, 65278, 64602, 91633, 85070, 93677, 16806, 25956, 42123, 28283, 36177, 26993, 38762, 45015, 38113, 41003, 18555, 0, 17, 0]
[74286, 58093, 57845, 85644, 78010, 86695, 10710, 17925, 32293, 19100, 27913, 18622, 29686, 36998, 30818, 34024, 18109, 0, 1, 0]
[84706, 66036, 66036, 93450, 86242, 94229, 17790, 25326, 40643, 27458, 36826, 28052, 38741, 46615, 43332, 46531, 19623, 0, 35, 0]
[73879, 57985, 56046, 82969, 76247, 84913, 10461, 16663, 31509, 18955, 27444, 18616, 28982, 34326, 31380, 35190, 15354, 0, 0, 0]
[81729, 65839, 66295, 92746, 85432, 92331, 20233, 26366, 40329, 27276, 35076, 24493, 33904, 38149, 33874, 37194, 17125, 0, 0, 0]
[76618, 59203, 58204, 86095, 76789, 85205, 13253, 18907, 34132, 20872, 29847, 19108, 27673, 32803, 32167, 37158, 15609, 0, 0, 0]
[79221, 62486, 61875, 89852, 82131, 89512, 17371, 24532, 39161, 24662, 33117, 24147, 35541, 42752, 39224, 41815, 20734, 0, 0, 0]
[76843, 59015, 58077, 85041, 77950, 84726, 14152, 20413, 36298, 21934, 29919, 22169, 33586, 41634, 38697, 41069, 20307, 0, 59, 0]
[77633, 61013, 60383, 87961, 81778, 89471, 15365, 22514, 37108, 24462, 34634, 22965, 32268, 39173, 35317, 39582, 20278, 0, 23, 0]
[82410, 65397, 64000, 91345, 83331, 90583, 17229, 23961, 37790, 24775, 33348, 23206, 31891, 38402, 38100, 41516, 18961, 0, 1, 0]
[81420, 64944, 63398, 91576, 84509, 92363, 19216, 25440, 38902, 27027, 33889, 26578, 37023, 42513, 35878, 38209, 16606, 0, 0, 0]
[80359, 64682, 63253, 90195, 83980, 91779, 18143, 25509, 41632, 27434, 36828, 26208, 35646, 39399, 33911, 38295, 19904, 0, 0, 0]
[79564, 62563, 60874, 89870, 81825, 89795, 17855, 26990, 43988, 27770, 39721, 26036, 38595, 47442, 40860, 43432, 19564, 0, 0, 0]
[79844, 64065, 64394, 90604, 83497, 90922, 18809, 26339, 42811, 27153, 37780, 27612, 38576, 42537, 40640, 44998, 22612, 0, 0, 0]
[78615, 60395, 57948, 86582, 79205, 88755, 16669, 23791, 41644, 26877, 36982, 25913, 37948, 44602, 41077, 44279, 19709, 0, 0, 0]
[82835, 65822, 64268, 92043, 84688, 93972, 19239, 25831, 38526, 25684, 34369, 26240, 35677, 41437, 33789, 36753, 20143, 0, 0, 0]
[80711, 63838, 63227, 90033, 82760, 90931, 18288, 27104, 44772, 27810, 38429, 26872, 38346, 44716, 40150, 42622, 18149, 0, 0, 0]
[76324, 61120, 60858, 87851, 80710, 88711, 13613, 20472, 34492, 21731, 30730, 21027, 30629, 34906, 29249, 33757, 18716, 0, 0, 0]
[74887, 57009, 54738, 83182, 75926, 85683, 10715, 16198, 30050, 19003, 28577, 18880, 28325, 34244, 29964, 33483, 12001, 0, 0, 0]
[80389, 63042, 61842, 89820, 81955, 88852, 16434, 25093, 41705, 27160, 36373, 23831, 34550, 39727, 37978, 42423, 18573, 0, 0, 0]
[84145, 67358, 64939, 92769, 86542, 93015, 20952, 28937, 44082, 29570, 40027, 27833, 39093, 41727, 40843, 43870, 21948, 83, 201, 0]
[84222, 67092, 65915, 93620, 86320, 93496, 21255, 27198, 41244, 29146, 37254, 27901, 37248, 42044, 38615, 42237, 18406, 0, 32, 0]
[78796, 61229, 60079, 87459, 81273, 88673, 15827, 23195, 39692, 24999, 34426, 23964, 35053, 40902, 38106, 42184, 18960, 0, 0, 0]
[78428, 61597, 61176, 88754, 80743, 89643, 15070, 21147, 32894, 21507, 30259, 20705, 29620, 36224, 33419, 36683, 14371, 0, 0, 0]
[76133, 59975, 58964, 87854, 78873, 86013, 13155, 19833, 33611, 21804, 32380, 20997, 31054, 37371, 36961, 41603, 16703, 0, 35, 0]
[85712, 68111, 68048, 95374, 88252, 96755, 24682, 31957, 46493, 32674, 41595, 32615, 44748, 50680, 47494, 50670, 21005, 0, 0, 0]
[86072, 68621, 66533, 95321, 87527, 96610, 23116, 31843, 48681, 31627, 40492, 30141, 40280, 45407, 41591, 44455, 19198, 0, 0, 0]
[72114, 55523, 55744, 83480, 77093, 82924, 10344, 15876, 28910, 18082, 27811, 17681, 27637, 33159, 28192, 30286, 12669, 0, 0, 0]
[79211, 63844, 64117, 91147, 82480, 90493, 18095, 24906, 41132, 26060, 35051, 25172, 37080, 44255, 39499, 42304, 21813, 0, 0, 0]
[83407, 67390, 66057, 93391, 86737, 94297, 21783, 30712, 48594, 33213, 42255, 32352, 45417, 51855, 47503, 50564, 22548, 0, 0, 0]
[81655, 65058, 63823, 92124, 84948, 91708, 19719, 26405, 41499, 26447, 35774, 24899, 35252, 41700, 39464, 43408, 17515, 0, 0, 0]
[77541, 61711, 62536, 88619, 82499, 89543, 15182, 21573, 35635, 22121, 30909, 19650, 29381, 35900, 29849, 33250, 15047, 0, 0, 0]
[76394, 59571, 57958, 85968, 78457, 86472, 13189, 20501, 35835, 22449, 31570, 21814, 32122, 38334, 36120, 39445, 17188, 0, 38, 0]
[73694, 57009, 56238, 83727, 77399, 83325, 10286, 15828, 27976, 17632, 26167, 15967, 24745, 28793, 27012, 31216, 13512, 0, 0, 0]
[80478, 64503, 63591, 91977, 83845, 92228, 20081, 27322, 42570, 27465, 37424, 25199, 34649, 38835, 35524, 37507, 14645, 0, 7, 0]
[83430, 65524, 63810, 92905, 84457, 92021, 19916, 29483, 47216, 31579, 42591, 30308, 42953, 47292, 41998, 44271, 19108, 0, 0, 0]
[76633, 60256, 58847, 87654, 78253, 86870, 14432, 20808, 36723, 22253, 32349, 21874, 32367, 38680, 34944, 38341, 15102, 0, 0, 0]
[80578, 63881, 63942, 92120, 84309, 91490, 16971, 25369, 42252, 28327, 38952, 26238, 37012, 42360, 39274, 44021, 16407, 0, 0, 0]
[79832, 63736, 62446, 89083, 82980, 91531, 18593, 28049, 46461, 30428, 41326, 28935, 41072, 47441, 42731, 46739, 19627, 0, 0, 0]
[84116, 67861, 66336, 93919, 86861, 95273, 19209, 27634, 42245, 27443, 36023, 28386, 37500, 41861, 37298, 41584, 21541, 0, 0, 0]
[81752, 64553, 65380, 92101, 84756, 92436, 21002, 30568, 50492, 32628, 43921, 31663, 44868, 50617, 45679, 49235, 19972, 100, 394, 0]
[76906, 59982, 57486, 87790, 78983, 88014, 13120, 20526, 36561, 22920, 32672, 22892, 34231, 39751, 36698, 40107, 18109, 0, 0, 0]
[76903, 60365, 59079, 88246, 80137, 87445, 15567, 22451, 36379, 23120, 31727, 21014, 29921, 36195, 34168, 38100, 14732, 0, 0, 0]
[72448, 56717, 55858, 82733, 74101, 81354, 7689, 13814, 26791, 15426, 25616, 14493, 23657, 29682, 29566, 33529, 13756, 0, 0, 0]
[78140, 60955, 59823, 86508, 80093, 86661, 13772, 19632, 32875, 20913, 29417, 20408, 30720, 36966, 36085, 40553, 19416, 0, 0, 0]
[76578, 60698, 58580, 86381, 79160, 87288, 13695, 20243, 35846, 24603, 34689, 23621, 34162, 40265, 36374, 40121, 19107, 0, 15, 0]
[78825, 61895, 59175, 87362, 79811, 86356, 13458, 20675, 35387, 21203, 29675, 20806, 30859, 35991, 33364, 37130, 17245, 0, 0, 0]
[78066, 60061, 59711, 87705, 79817, 88192, 16035, 23763, 41292, 26964, 36747, 25988, 36914, 41637, 37802, 41511, 17308, 0, 0, 0]
[80901, 64778, 64049, 92229, 85447, 92845, 18814, 27107, 43157, 28207, 37972, 28113, 38391, 45845, 37746, 40946, 20714, 0, 130, 0]
[75841, 58740, 56500, 84363, 76735, 83587, 12109, 19029, 33663, 20527, 28737, 19406, 29866, 36287, 34786, 36969, 17046, 0, 0, 0]
