[0, 791, 468, 1, 0, 0, 38, 0, 77, 939, 533, 1462, 0, 445, 1207, 29, 8545, 4531, 0, 202]
[0, 806, 239, 17, 0, 0, 0, 0, 496, 1041, 519, 1500, 0, 443, 1032, 34, 5126, 5402, 0, 1]
[0, 792, 507, 0, 21, 0, 134, 0, 200, 815, 735, 1983, 0, 630, 1897, 2, 4593, 8470, 0, 74]
[0, 905, 480, 0, 12, 0, 89, 34, 166, 530, 689, 1975, 0, 411, 1030, 0, 5383, 3715, 0, 0]
[0, 596, 563, 0, 0, 0, 43, 77, 491, 755, 1124, 1469, 0, 917, 963, 53, 5812, 4644, 0, 0]
[0, 592, 893, 25, 60, 0, 9, 0, 366, 1029, 649, 1697, 0, 795, 1254, 46, 4376, 6309, 0, 1]
[0, 551, 502, 0, 0, 0, 10, 0, 855, 938, 731, 2031, 1, 486, 1640, 19, 7039, 4887, 0, 40]
[0, 511, 750, 0, 0, 0, 43, 0, 11, 1361, 855, 1831, 1, 441, 1339, 20, 8231, 4529, 0, 13]
[0, 1129, 669, 0, 0, 0, 130, 31, 3, 1230, 452, 1357, 1, 554, 1330, 72, 4312, 3656, 0, 155]
[0, 1128, 867, 0, 0, 0, 2, 0, 323, 916, 750, 1681, 0, 702, 1325, 8, 4424, 6553, 0, 10]
[0, 905, 631, 5, 0, 0, 38, 0, 338, 715, 914, 1649, 2, 369, 1439, 21, 5124, 4069, 0, 29]
[0, 939, 472, 16, 54, 0, 84, 0, 133, 1087, 917, 1786, 0, 586, 1434, 149, 4650, 4181, 0, 0]
[0, 788, 786, 67, 0, 0, 98, 0, 333, 800, 487, 1399, 0, 448, 1015, 88, 5101, 6325, 0, 0]
[0, 638, 786, 10, 9, 0, 183, 0, 491, 1161, 678, 1799, 0, 597, 1343, 110, 6524, 4069, 0, 97]
[0, 729, 281, 1, 56, 0, 92, 0, 544, 819, 635, 1770, 0, 741, 1365, 83, 4307, 6337, 0, 9]
[0, 454, 563, 10, 0, 0, 57, 0, 8, 1237, 594, 1608, 1, 367, 1521, 14, 9219, 6348, 0, 8]
[0, 946, 637, 0, 107, 0, 39, 0, 366, 673, 707, 1249, 0, 589, 1236, 0, 6891, 4379, 0, 182]
[0, 426, 530, 0, 64, 0, 29, 4, 105, 614, 772, 1698, 1, 592, 1326, 51, 8169, 4156, 0, 54]
[0, 596, 895, 0, 42, 0, 248, 0, 36, 1032, 964, 1639, 7, 934, 1585, 61, 5022, 6571, 0, 153]
[0, 855, 586, 37, 0, 0, 21, 0, 52, 955, 510, 1204, 0, 625, 1809, 9, 6645, 3438, 0, 48]
[0, 871, 442, 104, 0, 0, 59, 23, 196, 674, 411, 1743, 1, 383, 793, 26, 3221, 5213, 0, 15]
[0, 797, 351, 21, 0, 0, 42, 0, 143, 1163, 823, 1639, 4, 647, 1476, 27, 4770, 6319, 0, 36]
[0, 734, 642, 0, 0, 0, 53, 0, 176, 922, 655, 1883, 0, 948, 1845, 0, 6219, 3692, 0, 195]
[0, 919, 620, 0, 18, 0, 85, 0, 23, 979, 670, 1813, 3, 696, 911, 19, 6405, 6959, 0, 71]
[0, 740, 374, 58, 119, 0, 19, 0, 68, 1208, 854, 1992, 4, 637, 1331, 56, 5169, 3818, 0, 10]
[0, 385, 674, 0, 240, 0, 9, 18, 443, 1133, 640, 1704, 0, 419, 1563, 52, 4025, 4478, 0, 46]
[0, 630, 591, 0, 20, 0, 39, 10, 213, 965, 686, 1440, 0, 432, 1675, 0, 2651, 2432, 0, 64]
[0, 670, 1248, 0, 65, 0, 1, 0, 131, 951, 313, 1465, 0, 749, 1449, 6, 3254, 3207, 0, 0]
[0, 1368, 834, 14, 112, 0, 112, 92, 99, 1296, 805, 1341, 0, 491, 1207, 79, 6608, 6160, 0, 0]
[0, 703, 601, 0, 0, 0, 54, 0, 398, 830, 586, 1548, 4, 543, 1473, 10, 5608, 3948, 0, 121]
[0, 395, 791, 110, 100, 0, 33, 0, 354, 1149, 651, 1472, 1, 583, 1383, 79, 8758, 6094, 0, 13]
[0, 798, 434, 0, 0, 0, 93, 0, 37, 1040, 556, 1967, 0, 566, 1580, 64, 5619, 5829, 0, 39]
[0, 385, 629, 0, 0, 0, 39, 0, 14, 1399, 754, 1724, 0, 415, 1765, 11, 3912, 7907, 0, 54]
[0, 580, 445, 0, 31, 0, 124, 37, 241, 1013, 595, 1627, 0, 538, 932, 131, 4637, 4515, 0, 77]
[0, 870, 513, 0, 208, 0, 57, 0, 117, 1145, 451, 1454, 2, 335, 1323, 45, 6421, 5577, 0, 84]
[0, 529, 399, 3, 226, 0, 42, 0, 113, 950, 840, 1580, 3, 374, 1220, 152, 4967, 5956, 0, 0]
[0, 885, 446, 0, 80, 0, 0, 17, 151, 822, 673, 1601, 1, 423, 991, 46, 3556, 6272, 0, 118]
[0, 1024, 529, 0, 128, 0, 51, 0, 71, 665, 438, 1121, 2, 540, 1758, 23, 7142, 3086, 0, 17]
[0, 556, 478, 0, 0, 0, 78, 0, 141, 763, 630, 1527, 0, 441, 1255, 11, 3975, 4489, 4, 57]
[0, 791, 351, 3, 158, 0, 103, 0, 671, 996, 763, 1320, 0, 293, 812, 40, 7146, 6107, 0, 0]
[0, 931, 931, 20, 0, 0, 76, 33, 72, 920, 624, 1814, 1, 502, 896, 214, 6683, 6957, 0, 119]
[0, 938, 224, 0, 0, 0, 95, 0, 189, 794, 1022, 1377, 0, 331, 2179, 277, 5788, 2111, 0, 16]
[0, 1164, 338, 0, 27, 0, 120, 0, 249, 1191, 805, 1322, 1, 336, 1531, 92, 6833, 4647, 0, 36]
[0, 1315, 595, 0, 0, 0, 0, 0, 287, 731, 783, 1727, 0, 592, 1178, 35, 6850, 3619, 0, 0]
[0, 983, 454, 0, 0, 0, 63, 0, 26, 905, 589, 1735, 2, 689, 1242, 24, 8082, 4527, 0, 23]
[0, 333, 514, 0, 64, 0, 94, 65, 61, 1095, 589, 1758, 0, 680, 1118, 150, 4431, 4197, 0, 45]
[1, 552, 437, 21, 40, 0, 63, 0, 138, 1222, 869, 1636, 0, 434, 1251, 0, 5110, 4322, 0, 20]
[0, 823, 439, 0, 0, 0, 46, 0, 391, 760, 819, 1896, 0, 517, 1235, 14, 6388, 5476, 0, 162]
[0, 601, 467, 0, 24, 0, 1, 0, 413, 955, 556, 1604, 3, 876, 1511, 0, 4222, 5030, 0, 65]
[0, 608, 557, 0, 37, 0, 111, 0, 47, 991, 1180, 1455, 5, 538, 812, 120, 5106, 8613, 0, 13]
[0, 1353, 522, 1, 69, 0, 121, 32, 78, 730, 721, 1423, 0, 254, 1350, 114, 5126, 2597, 0, 156]
[0, 1011, 617, 0, 44, 0, 68, 19, 194, 1161, 389, 1749, 0, 393, 1486, 20, 5939, 6355, 0, 0]
[0, 1058, 717, 41, 36, 0, 80, 13, 162, 1055, 745, 2045, 0, 627, 945, 42, 4466, 4705, 0, 11]
[0, 1024, 346, 0, 62, 0, 38, 0, 531, 771, 609, 1264, 0, 678, 620, 72, 4201, 8439, 0, 0]
[0, 609, 433, 36, 56, 0, 122, 0, 376, 1033, 711, 1360, 0, 648, 1349, 63, 6938, 6973, 0, 26]
[0, 720, 419, 0, 0, 0, 85, 0, 133, 1085, 586, 1287, 3, 438, 828, 0, 4492, 5735, 0, 0]
[0, 399, 562, 0, 243, 0, 32, 0, 694, 1061, 650, 2222, 1, 455, 2250, 30, 7386, 6565, 0, 234]
[0, 966, 792, 0, 0, 0, 93, 18, 313, 1217, 666, 1413, 2, 515, 734, 0, 5797, 6225, 0, 57]
[0, 1134, 386, 0, 63, 0, 169, 0, 276, 880, 637, 1358, 0, 219, 1438, 83, 3253, 4209, 0, 4]
[0, 997, 882, 0, 0, 0, 9, 0, 67, 885, 686, 1369, 1, 336, 1774, 54, 5023, 5222, 0, 156]
[0, 758, 103, 6, 77, 0, 124, 0, 153, 990, 511, 1608, 0, 625, 1497, 149, 6038, 5770, 0, 18]
[0, 612, 433, 0, 38, 0, 123, 0, 717, 1417, 722, 1573, 0, 218, 1900, 14, 4269, 4976, 0, 79]
[0, 909, 750, 0, 40, 0, 71, 0, 30, 1247, 626, 2226, 0, 642, 1159, 52, 5404, 4731, 0, 10]
[0, 650, 581, 0, 4, 0, 7, 77, 330, 869, 537, 2005, 5, 393, 1328, 0, 3972, 3944, 0, 44]
[0, 568, 914, 0, 26, 0, 8, 0, 507, 1209, 765, 1618, 0, 689, 1161, 0, 3996, 6144, 0, 86]
[0, 906, 381, 32, 72, 0, 1, 0, 31, 805, 743, 1361, 1, 450, 1252, 0, 6020, 4311, 0, 17]
[0, 864, 447, 0, 0, 0, 181, 29, 60, 734, 501, 1732, 0, 582, 1468, 71, 5726, 4252, 0, 57]
[0, 1450, 353, 0, 91, 0, 122, 0, 199, 601, 407, 1172, 0, 604, 1478, 0, 4567, 4191, 0, 20]
[0, 1005, 686, 0, 193, 0, 0, 0, 200, 771, 467, 1713, 2, 748, 1090, 1, 6504, 5733, 0, 0]
[0, 632, 1053, 0, 52, 0, 3, 0, 43, 665, 804, 1711, 0, 551, 1270, 188, 3849, 7386, 0, 56]
[0, 742, 1194, 0, 31, 0, 28, 31, 119, 759, 1042, 1374, 2, 307, 1435, 6, 4045, 5136, 0, 73]
[0, 1058, 390, 0, 0, 0, 81, 62, 28, 924, 666, 1518, 0, 557, 1316, 5, 6315, 4249, 0, 0]
[0, 891, 580, 9, 82, 0, 62, 0, 52, 877, 627, 1641, 0, 674, 1487, 24, 5741, 6386, 0, 75]
[0, 777, 553, 140, 91, 0, 2, 88, 282, 1355, 630, 1505, 1, 572, 1407, 53, 5513, 6010, 0, 30]
[0, 573, 596, 0, 41, 0, 21, 33, 295, 749, 881, 1932, 1, 315, 1307, 37, 6102, 5250, 0, 0]
[0, 846, 596, 0, 191, 0, 104, 0, 177, 1194, 1049, 1328, 1, 614, 789, 71, 5087, 4559, 0, 25]
[0, 597, 459, 12, 0, 0, 26, 67, 52, 788, 832, 1532, 0, 501, 1389, 81, 4452, 6383, 0, 3]
[0, 245, 922, 0, 129, 0, 54, 0, 77, 885, 757, 1393, 2, 481, 1754, 53, 5827, 4330, 0, 67]
[0, 613, 278, 0, 278, 0, 7, 0, 101, 1129, 748, 1093, 0, 523, 1063, 14, 6256, 7121, 0, 18]
[0, 620, 269, 0, 60, 0, 95, 0, 101, 752, 699, 1471, 0, 713, 1382, 33, 3889, 5414, 0, 87]
[0, 900, 478, 0, 66, 0, 11, 130, 259, 743, 841, 1612, 1, 345, 807, 14, 4876, 6722, 0, 126]
[0, 754, 535, 0, 0, 0, 55, 5, 172, 637, 500, 2131, 0, 339, 1371, 25, 5733, 4808, 0, 0]
[0, 702, 652, 0, 32, 0, 284, 0, 3, 931, 503, 1541, 0, 366, 1532, 8, 4080, 5577, 0, 0]
[0, 903, 427, 10, 68, 0, 34, 0, 46, 851, 780, 1884, 0, 538, 956, 109, 3168, 5876, 0, 3]
[0, 553, 499, 0, 0, 0, 130, 0, 197, 763, 769, 1491, 1, 621, 1216, 70, 4951, 2942, 0, 0]
[0, 651, 536, 2, 0, 0, 60, 39, 388, 797, 640, 1875, 1, 403, 2102, 49, 2892, 7437, 0, 41]
[0, 1525, 580, 16, 11, 0, 58, 0, 409, 690, 774, 1927, 0, 605, 1709, 95, 3973, 3992, 0, 5]
[0, 815, 672, 0, 5, 0, 22, 0, 38, 528, 718, 1628, 0, 493, 1902, 35, 5234, 6924, 0, 0]
[0, 905, 454, 42, 104, 0, 57, 0, 488, 1186, 1049, 1850, 2, 448, 1319, 0, 6002, 3859, 0, 76]
[0, 1335, 445, 0, 182, 0, 54, 0, 166, 837, 1129, 1574, 0, 405, 1374, 0, 6751, 5468, 0, 0]
[0, 504, 661, 10, 0, 0, 128, 0, 156, 1003, 621, 975, 0, 484, 1347, 35, 6676, 5642, 0, 47]
[0, 975, 702, 28, 0, 0, 99, 0, 1, 970, 761, 1803, 1, 353, 2188, 17, 5719, 4303, 3, 18]
[0, 923, 444, 11, 115, 0, 87, 0, 77, 1059, 911, 1716, 0, 804, 917, 5, 7032, 5168, 0, 1]
[0, 607, 707, 0, 24, 0, 288, 0, 93, 1210, 1068, 2176, 1, 333, 1404, 89, 5719, 3253, 0, 11]
[0, 680, 841, 0, 0, 0, 67, 0, 356, 995, 718, 1552, 0, 581, 1346, 92, 2926, 5726, 0, 4]
[0, 653, 545, 13, 16, 0, 15, 0, 0, 865, 809, 1678, 4, 151, 1407, 1, 6855, 4721, 0, 0]
[0, 838, 315, 1, 0, 0, 132, 0, 368, 630, 690, 1298, 1, 472, 1629, 88, 4664, 5012, 0, 44]
[0, 702, 495, 0, 93, 0, 90, 0, 160, 1046, 960, 1638, 1, 386, 1947, 69, 6608, 5545, 0, 35]
[0, 1249, 910, 0, 0, 0, 127, 0, 79, 709, 866, 1830, 0, 422, 1699, 4, 4635, 6260, 0, 49]
[0, 457, 405, 5, 0, 0, 24, 0, 118, 923, 781, 2075, 0, 582, 851, 83, 4748, 3064, 0, 5]
