19125
18919
21024
20484
19909
19462
22021
21474
17546
23436
20006
20552
21443
20063
21619
19884
20835
21368
20724
20445
22065
20752
23855
22206
19325
20277
20398
19600
21839
24775
19959
22115
21382
21946
20187
22315
20261
17770
20212
20592
21054
20666
20782
19255
21783
20780
21582
18908
20145
19014
20782
21501
20014
19355
22266
21747
21717
20726
21253
19316
20010
21708
21451
21728
21159
20218
19242
20028
22261
20350
19051
22014
21252
19272
19361
21334
20061
20198
21508
19378
19797
20935
19995
18236
21953
18926
20514
19167
21069
23769
22288
19356
18354
20668
22598
21587
21795
23882
19765
19697
