22819
20657
22938
19926
19906
20819
23167
23107
19227
20402
19944
19550
20960
21387
21826
23543
22199
22286
21960
20677
19105
21679
20159
22171
19217
19670
16764
18728
22698
19730
24423
21631
20862
19055
21383
21110
19497
21216
19142
22319
22061
20373
20940
20530
22481
17960
20029
22227
19711
22621
19252
22690
19148
21276
24091
19318
24320
22344
18443
20636
20773
20229
19577
19396
20133
20489
20301
20075
21605
21345
19356
21328
20425
21611
20760
20070
21905
21188
22803
19957
20551
20820
20758
18726
18985
21672
19583
23037
20071
22674
21958
21334
21447
21623
19665
21421
20225
23506
22476
18378
