157062
157966
152181
157379
153935
155978
157745
154119
155980
157960
154891
155578
153862
157311
156108
156834
156194
153274
155558
153848
154854
154050
156075
155797
154908
157404
153949
155429
155805
157231
156307
155479
157411
153121
154546
155677
158981
157670
158821
155575
156517
153648
158975
157792
155378
155228
156293
156846
155011
159878
157547
153647
156601
159805
156576
159510
154670
158975
157351
157119
159597
157974
154674
158255
156151
155309
155246
158940
151637
158777
161709
153803
153092
154520
152815
156153
155149
155859
154749
158758
154279
155757
156947
154105
154457
155605
160041
155690
159078
161048
154930
154723
153717
154803
155755
158485
154680
162938
158450
152802
