[0, 545, 466, 0, 142, 0, 152, 0, 204, 880, 607, 1871, 0, 627, 1310, 9, 6028, 4856, 0, 65]
[0, 811, 869, 0, 0, 0, 16, 0, 272, 1135, 1286, 1242, 3, 477, 1468, 0, 4603, 5139, 0, 19]
[0, 528, 363, 0, 47, 0, 0, 0, 102, 774, 541, 1664, 0, 946, 1277, 41, 5312, 3365, 0, 39]
[0, 623, 371, 0, 0, 0, 74, 0, 0, 650, 407, 1712, 0, 568, 1112, 67, 4934, 8395, 0, 48]
[0, 673, 229, 0, 243, 0, 19, 0, 521, 741, 499, 1902, 0, 328, 1108, 0, 5073, 3168, 0, 109]
[0, 713, 387, 0, 102, 0, 156, 0, 147, 885, 985, 1666, 2, 893, 1593, 0, 4474, 4035, 0, 19]
[0, 795, 328, 0, 88, 0, 0, 1, 395, 940, 567, 1219, 0, 485, 1472, 14, 4341, 5384, 0, 167]
[0, 992, 339, 0, 36, 0, 87, 0, 129, 573, 688, 1277, 0, 1116, 1585, 92, 10047, 5535, 0, 0]
[0, 751, 341, 0, 0, 0, 58, 38, 238, 1071, 1016, 1758, 2, 753, 1595, 19, 4739, 4515, 0, 50]
[0, 791, 1034, 0, 0, 0, 77, 0, 10, 812, 746, 1407, 0, 469, 1177, 144, 4518, 2864, 0, 5]
[0, 871, 313, 0, 309, 0, 29, 0, 135, 646, 771, 1138, 0, 280, 1236, 10, 5655, 3873, 0, 135]
[0, 719, 448, 0, 0, 0, 13, 62, 300, 1059, 684, 1908, 0, 782, 1975, 223, 5476, 4666, 0, 0]
[0, 489, 447, 0, 73, 0, 45, 0, 168, 871, 358, 2121, 0, 686, 1325, 80, 6783, 9116, 0, 0]
[0, 425, 451, 0, 11, 0, 0, 9, 256, 863, 879, 1953, 3, 786, 1358, 58, 6398, 4377, 0, 15]
[0, 917, 870, 0, 149, 0, 29, 15, 124, 918, 487, 1798, 0, 577, 845, 113, 5569, 4130, 0, 31]
[0, 824, 506, 0, 27, 0, 26, 2, 423, 694, 638, 1308, 3, 281, 1755, 0, 7944, 3485, 0, 32]
[0, 341, 809, 0, 43, 0, 49, 0, 70, 1216, 658, 1568, 1, 710, 1321, 23, 3748, 5073, 0, 2]
[0, 682, 1005, 0, 16, 0, 131, 0, 1045, 399, 508, 1101, 0, 560, 883, 16, 6205, 6966, 0, 0]
[0, 996, 398, 0, 170, 0, 30, 0, 17, 991, 579, 1894, 4, 713, 935, 20, 5430, 4865, 0, 20]
[0, 451, 521, 0, 43, 0, 0, 0, 37, 1353, 706, 1567, 2, 666, 965, 6, 5903, 3766, 0, 25]
[0, 1547, 511, 0, 14, 0, 22, 0, 272, 614, 618, 1237, 0, 381, 1665, 8, 3454, 4406, 1, 5]
[0, 607, 568, 0, 0, 0, 6, 0, 132, 1261, 572, 1579, 1, 667, 1479, 75, 6102, 5283, 0, 0]
[0, 977, 875, 0, 14, 0, 6, 0, 206, 1091, 724, 1535, 1, 436, 1026, 54, 5487, 6139, 0, 50]
[0, 412, 420, 0, 69, 0, 32, 0, 293, 726, 769, 1069, 1, 708, 1058, 50, 6541, 3121, 0, 0]
[0, 299, 555, 0, 97, 0, 7, 72, 496, 604, 561, 1644, 0, 246, 2179, 14, 5728, 5031, 0, 32]
[0, 1079, 150, 0, 68, 0, 65, 0, 224, 1325, 868, 1963, 1, 704, 937, 17, 7856, 3465, 0, 1]
[0, 531, 480, 0, 0, 0, 78, 0, 167, 647, 760, 1770, 1, 804, 1329, 0, 6618, 4944, 0, 22]
[0, 600, 405, 0, 0, 0, 163, 0, 570, 1062, 1033, 1345, 4, 825, 1129, 0, 8365, 7296, 0, 20]
[0, 647, 486, 0, 166, 0, 0, 0, 42, 806, 532, 1352, 1, 435, 947, 52, 4735, 7713, 0, 83]
[0, 656, 453, 0, 184, 0, 123, 0, 637, 974, 1195, 1789, 0, 662, 1749, 13, 5446, 3607, 0, 3]
[0, 755, 555, 0, 20, 0, 34, 22, 18, 939, 578, 1916, 0, 586, 1315, 42, 7311, 5120, 0, 33]
[0, 567, 488, 0, 55, 0, 102, 12, 0, 1302, 644, 1456, 0, 371, 1098, 0, 4101, 6693, 0, 26]
[0, 820, 1080, 0, 9, 0, 122, 9, 146, 1134, 773, 1961, 0, 590, 1857, 85, 4354, 3521, 0, 131]
[0, 876, 455, 0, 66, 0, 14, 0, 111, 1078, 720, 1217, 0, 589, 1777, 70, 4086, 4396, 0, 70]
[0, 1011, 391, 0, 0, 0, 168, 0, 211, 1234, 678, 1329, 0, 581, 1468, 52, 4586, 6549, 0, 256]
[0, 898, 578, 0, 0, 0, 19, 0, 192, 862, 586, 1772, 2, 374, 1312, 11, 4433, 5734, 0, 49]
[0, 673, 573, 0, 271, 0, 32, 0, 445, 1173, 712, 1125, 0, 622, 1636, 136, 4940, 4112, 0, 0]
[0, 781, 535, 0, 67, 0, 36, 0, 120, 926, 797, 1469, 0, 559, 1090, 24, 4963, 3852, 0, 0]
[0, 586, 618, 0, 70, 0, 12, 4, 97, 1111, 549, 1618, 1, 594, 1133, 53, 4804, 3064, 0, 86]
[0, 824, 539, 0, 0, 0, 344, 0, 85, 914, 743, 1324, 0, 379, 1587, 22, 6826, 3997, 0, 7]
[0, 623, 314, 0, 104, 0, 98, 0, 417, 815, 756, 1756, 1, 900, 918, 96, 10759, 7214, 0, 17]
[3, 914, 524, 0, 52, 0, 98, 5, 454, 620, 870, 1353, 2, 298, 1382, 24, 4782, 6801, 0, 25]
[0, 848, 719, 0, 89, 0, 125, 0, 214, 642, 448, 1516, 0, 368, 1823, 6, 5887, 2594, 0, 284]
[0, 678, 358, 0, 19, 0, 43, 97, 161, 867, 634, 1300, 0, 573, 855, 79, 2984, 3947, 0, 0]
[0, 659, 570, 0, 29, 0, 72, 0, 92, 984, 1147, 1241, 2, 454, 1098, 30, 4978, 5311, 0, 131]
[0, 866, 641, 0, 17, 0, 120, 11, 295, 1005, 961, 1947, 1, 396, 1000, 12, 4439, 4857, 0, 56]
[0, 723, 434, 0, 105, 0, 147, 3, 841, 790, 426, 1622, 0, 517, 2301, 89, 2855, 5483, 0, 0]
[0, 991, 551, 0, 74, 0, 130, 0, 121, 1378, 897, 1492, 2, 545, 2338, 112, 5674, 4432, 0, 62]
[0, 1356, 896, 0, 155, 0, 251, 0, 231, 719, 1046, 1409, 0, 688, 1357, 33, 3346, 6151, 0, 25]
[0, 808, 476, 0, 90, 0, 33, 0, 341, 1064, 1133, 1617, 1, 289, 764, 54, 4984, 5210, 0, 101]
[0, 1137, 609, 0, 0, 0, 195, 0, 38, 916, 874, 1251, 0, 721, 1698, 235, 5570, 6439, 0, 162]
[0, 531, 445, 0, 102, 0, 193, 0, 509, 742, 632, 1674, 1, 409, 1899, 74, 3646, 6093, 0, 64]
[0, 545, 192, 0, 6, 0, 28, 34, 63, 867, 685, 1911, 4, 545, 1657, 89, 5357, 6575, 0, 0]
[0, 515, 997, 0, 114, 0, 59, 0, 9, 1356, 644, 1933, 0, 447, 1120, 3, 4923, 4733, 0, 11]
[0, 504, 536, 0, 131, 0, 101, 0, 159, 721, 567, 1716, 0, 607, 1297, 29, 7676, 3636, 0, 132]
[0, 968, 520, 0, 209, 0, 20, 21, 124, 495, 472, 1569, 1, 439, 1354, 79, 4131, 4678, 0, 40]
[0, 737, 288, 0, 106, 0, 19, 0, 159, 1013, 1118, 1815, 1, 393, 1242, 279, 5009, 3770, 0, 92]
[0, 830, 621, 0, 75, 0, 0, 31, 59, 799, 590, 1620, 0, 549, 1624, 33, 4094, 3890, 0, 54]
[0, 825, 345, 0, 71, 0, 101, 50, 63, 1077, 684, 1674, 0, 352, 1276, 57, 5041, 3887, 0, 116]
[0, 492, 568, 0, 0, 0, 36, 0, 21, 1320, 712, 1968, 1, 615, 1037, 15, 4268, 5311, 0, 41]
[0, 855, 425, 0, 19, 0, 67, 11, 416, 1062, 556, 1297, 3, 407, 1457, 30, 6234, 5111, 0, 152]
[0, 651, 401, 0, 0, 0, 94, 0, 13, 1133, 999, 1621, 1, 251, 1457, 24, 3772, 3139, 0, 96]
[0, 516, 595, 0, 210, 0, 35, 26, 86, 998, 857, 2034, 0, 646, 1038, 19, 4263, 6101, 0, 17]
[0, 562, 1130, 0, 176, 0, 172, 0, 111, 881, 656, 1513, 0, 555, 1058, 94, 5202, 5705, 6, 73]
[0, 935, 567, 0, 38, 0, 2, 40, 14, 974, 535, 1861, 0, 275, 2011, 180, 5749, 4967, 0, 2]
[0, 794, 588, 0, 277, 0, 100, 7, 79, 1235, 787, 1271, 0, 893, 1437, 34, 4647, 4729, 0, 33]
[0, 738, 473, 0, 8, 0, 17, 0, 46, 675, 706, 1634, 0, 455, 1240, 55, 4322, 5541, 8, 121]
[0, 774, 588, 0, 0, 0, 45, 38, 349, 871, 874, 1632, 1, 437, 1067, 33, 5630, 3089, 0, 22]
[0, 755, 454, 0, 107, 0, 101, 0, 151, 1052, 561, 1677, 0, 633, 1890, 64, 4429, 6921, 0, 0]
[0, 793, 355, 0, 55, 0, 153, 0, 251, 911, 585, 1917, 1, 579, 1856, 55, 3286, 5836, 0, 6]
[0, 750, 656, 0, 0, 0, 56, 0, 86, 1093, 903, 1398, 0, 425, 1147, 275, 5164, 5568, 0, 20]
[0, 615, 259, 0, 144, 0, 86, 0, 163, 931, 762, 1970, 1, 647, 1729, 0, 4006, 6054, 0, 18]
[0, 871, 631, 0, 42, 0, 196, 3, 71, 843, 979, 1404, 0, 398, 1276, 12, 4193, 3380, 0, 0]
[0, 441, 445, 0, 31, 0, 150, 0, 572, 741, 484, 1597, 0, 470, 1124, 7, 6155, 5492, 0, 129]
[0, 1009, 471, 0, 44, 0, 33, 0, 228, 704, 486, 2306, 1, 555, 1428, 67, 3606, 5993, 0, 0]
[0, 1147, 448, 0, 321, 0, 35, 0, 171, 1009, 470, 1731, 0, 540, 1180, 156, 5961, 4351, 0, 2]
[0, 806, 545, 0, 0, 0, 80, 0, 23, 816, 747, 1723, 3, 364, 1341, 1, 5445, 3353, 0, 0]
[0, 674, 803, 0, 54, 0, 11, 0, 362, 1309, 782, 1423, 0, 293, 1014, 127, 6081, 5324, 0, 19]
[0, 544, 383, 0, 166, 0, 106, 0, 61, 1286, 526, 1430, 2, 689, 807, 56, 4357, 5528, 0, 22]
[0, 798, 572, 0, 55, 0, 134, 10, 278, 872, 813, 1349, 0, 223, 1092, 93, 5585, 5941, 0, 143]
[0, 841, 564, 0, 399, 0, 78, 0, 80, 600, 680, 1991, 0, 579, 1328, 4, 3787, 3037, 0, 0]
[0, 880, 324, 0, 155, 0, 35, 0, 305, 1314, 934, 1844, 1, 361, 799, 27, 5975, 5237, 0, 11]
[0, 630, 808, 0, 190, 0, 92, 0, 162, 738, 1100, 1330, 0, 530, 1683, 124, 7803, 2963, 0, 0]
[0, 729, 371, 0, 101, 0, 222, 27, 237, 721, 643, 1865, 5, 295, 2239, 57, 1847, 4342, 0, 0]
[2, 850, 812, 0, 200, 0, 1, 0, 782, 585, 649, 1920, 5, 525, 1578, 10, 4234, 8766, 0, 58]
[0, 614, 395, 0, 9, 0, 36, 18, 240, 873, 683, 1650, 0, 615, 1347, 109, 6189, 7048, 0, 0]
[0, 642, 663, 0, 0, 0, 14, 0, 235, 891, 696, 1229, 2, 366, 986, 0, 3428, 7913, 0, 2]
[0, 745, 391, 0, 0, 0, 44, 0, 47, 909, 946, 1572, 0, 343, 1403, 0, 8887, 5220, 0, 117]
[0, 761, 1024, 0, 74, 0, 26, 0, 46, 1070, 442, 1518, 0, 603, 1103, 12, 7671, 7264, 0, 5]
[0, 788, 668, 0, 51, 0, 2, 0, 84, 687, 563, 1693, 0, 658, 1254, 32, 6084, 4097, 0, 35]
[0, 1495, 434, 0, 171, 0, 29, 11, 43, 1294, 948, 1369, 1, 378, 975, 56, 4714, 3584, 0, 228]
[0, 757, 251, 0, 17, 0, 43, 0, 287, 958, 1113, 1418, 0, 747, 1858, 89, 3988, 4579, 0, 62]
[0, 578, 677, 0, 154, 0, 100, 0, 551, 709, 497, 1304, 1, 554, 965, 16, 3382, 3382, 0, 36]
[0, 525, 389, 0, 0, 0, 21, 0, 266, 531, 1072, 1556, 0, 719, 1277, 41, 6644, 4775, 0, 1]
[0, 1146, 341, 0, 39, 0, 124, 111, 248, 1122, 532, 1341, 1, 599, 1754, 50, 5853, 6888, 0, 61]
[0, 741, 757, 0, 44, 0, 17, 0, 285, 690, 863, 1192, 0, 771, 1082, 38, 4574, 3483, 0, 0]
[0, 517, 1517, 0, 152, 0, 3, 0, 90, 802, 817, 1282, 1, 535, 1460, 15, 5800, 4369, 0, 108]
[0, 484, 555, 0, 39, 0, 30, 0, 63, 1374, 662, 1473, 0, 515, 698, 0, 6346, 4702, 0, 0]
[0, 826, 732, 0, 33, 0, 22, 0, 152, 1081, 501, 1670, 1, 629, 818, 19, 5759, 4018, 0, 0]
[0, 388, 866, 0, 107, 0, 51, 0, 207, 1059, 968, 1515, 2, 374, 1439, 56, 6046, 4597, 1, 25]
