21162
20858
20500
23065
19650
19581
21039
25065
20507
20389
21069
22541
24356
21092
19626
23289
20147
22155
20654
19746
19918
21651
22898
21451
22175
22173
21695
25330
21290
20981
22174
21868
19786
21436
21141
21471
21667
19402
18886
21286
26714
21444
20232
18293
21741
20708
21143
22102
21997
20872
21654
21420
23298
20921
22311
19477
19402
19440
19262
19318
22220
18167
21449
20409
21124
20015
20287
19942
21717
20909
20984
20563
18889
21483
20374
21104
20519
21049
20536
21246
18409
19853
22801
19624
23713
21869
21817
23255
23312
19842
19018
20588
18556
21116
23181
19636
21949
20291
19120
21498
