218634
221851
225928
217233
217039
220955
226261
219504
221437
214568
217949
223480
219433
216454
226133
214136
223040
219019
219532
218243
221062
212335
214050
223549
220575
217435
221347
213095
223880
213344
221902
219061
217976
216169
222945
215356
220696
211701
223450
215795
220256
215878
222109
213804
217063
214747
222930
219063
215353
214825
220233
222579
218361
216921
219170
220305
219074
220906
222377
219766
221242
216927
209400
216811
218371
215253
218926
218655
221688
214339
218273
220081
220075
217503
221788
225308
218309
215357
213734
217052
217764
216918
214530
216684
218114
214555
213662
213325
223472
213915
221889
212575
218503
227726
213604
215743
219917
220856
224154
218339
