18677
21821
18389
17497
19322
19550
20160
18868
18526
18377
21110
17172
20109
20916
20223
21506
17345
18434
17986
22827
21470
19780
18877
18773
18001
22425
20860
20743
16901
20577
16572
19690
20419
21486
19522
23042
19481
21657
18802
19431
23790
19058
17766
19098
20690
17685
20192
20053
18545
18211
20068
19525
18145
22331
18536
21138
21783
19229
18496
17875
17955
20178
18485
19248
18556
18139
17653
23254
19007
18700
17017
20758
25938
19536
18357
21116
19434
17059
17847
18897
20596
21804
17861
16694
17547
21618
18812
18320
18584
16668
20194
20380
19250
20920
17957
18398
18355
20309
17844
17647
