157649
157357
158713
156714
157812
152031
157610
166997
151529
152302
155780
156284
156463
149255
152882
156165
155998
160782
154029
152494
155081
158039
153481
160254
155812
156473
159498
154836
159238
158574
153614
152647
155722
152077
159731
161618
155822
160930
160785
154407
157092
155680
155673
154747
150397
151978
150961
153155
161462
155880
159590
157135
156424
152769
163112
161601
155577
155621
151107
155022
150209
151093
153298
155034
152795
153643
155117
153703
154041
152898
155555
149752
155959
150163
152695
157206
153886
153251
154342
158394
152828
153573
155258
154416
154525
159463
155868
152301
160410
156317
165440
153719
157273
153482
155688
154084
154738
157153
155264
154615
