222684
218681
218544
233632
221878
210576
229628
220004
218787
213427
215460
218232
214725
224858
226162
218985
221547
219390
213749
223787
221535
224588
222138
222014
223461
224480
216259
223764
213007
215680
226443
222768
217753
220514
213410
218145
220273
220225
220641
220952
220563
221067
215156
221180
227086
224657
216745
221989
219094
217868
213020
217098
225951
216591
217371
221886
219647
217560
229213
226362
225706
222349
219803
219354
217365
215236
225330
218007
219351
225734
226585
216334
209993
227126
219716
213871
226442
220233
225446
222320
225128
222899
217714
224913
217484
232250
225340
221643
218295
226085
226101
220308
217549
221513
220353
217932
221591
224526
224225
226042
