187749
194992
195637
195528
188481
195722
194301
200203
191213
186649
190610
202317
183539
193953
199575
202882
195119
201527
196230
199984
197792
195743
201685
200884
192434
192715
188787
195971
193508
194716
192426
193320
201074
193167
203528
205760
184184
190196
191376
196313
194624
192006
198588
197334
199924
201152
193351
190500
197779
191300
192942
195027
202557
195861
194939
194627
204194
186568
199199
186149
210475
192570
194958
192362
196663
192223
192093
188921
197608
191892
203366
197534
200789
185392
190565
202177
196660
196426
200471
194924
194793
204874
190944
202586
195045
193985
196896
198325
191032
193314
191774
197084
191883
193056
192275
192934
191898
184788
188698
197001
