200453
191345
194517
191495
201063
199192
193922
196024
208668
195142
195708
199515
193738
191941
207143
189093
201815
205381
203846
206655
201616
195416
190502
203470
198590
201321
197750
209519
203410
192915
206210
194750
196813
197758
198076
197911
201296
197290
199289
204431
195303
193303
189810
212269
204212
199857
205607
193413
191384
193807
201430
194799
205441
193193
198581
196678
197301
200031
189100
205870
198843
197921
196664
191476
199685
197046
192197
204989
198177
199289
197761
203830
201679
200623
199452
197273
195934
193233
193801
195882
192642
211112
202471
203604
203758
205077
204297
205026
192617
196518
201378
203593
203126
195921
189408
209116
205982
193932
206726
195608
