[125974, 110773, 109047, 102710, 146119, 118171, 103275, 115607, 140434, 97136, 108096, 86614, 99596, 103253, 93126, 100423, 48451, 0, 93, 0]
[111680, 96491, 93346, 86916, 129800, 103092, 88103, 100400, 123895, 81097, 91902, 73630, 86805, 91157, 79801, 88606, 38477, 0, 88, 0]
[125562, 110011, 108781, 102039, 145879, 118108, 103041, 114257, 138084, 95973, 105929, 87099, 100770, 102877, 93221, 101876, 44912, 61, 475, 0]
[124923, 107772, 106371, 100282, 142944, 115932, 101235, 113932, 137264, 94509, 105448, 85159, 99709, 101841, 92617, 100481, 41239, 0, 0, 0]
[112859, 96786, 95446, 88796, 130998, 104599, 90002, 101410, 124839, 80532, 92512, 74228, 87231, 89439, 77377, 88526, 39538, 0, 118, 0]
[118389, 101429, 98538, 92678, 133317, 108368, 93844, 105059, 128651, 86184, 98455, 78494, 91661, 93974, 84374, 94167, 38221, 0, 0, 0]
[121935, 106678, 104066, 97668, 141762, 114184, 99117, 112590, 135932, 91877, 103965, 83727, 99681, 101875, 89629, 98191, 42962, 36, 210, 0]
[122164, 106232, 104089, 98459, 142545, 114540, 99408, 112423, 136302, 93008, 103979, 83682, 96539, 99596, 88149, 96033, 42249, 0, 56, 0]
[128885, 112415, 112236, 105042, 148272, 121379, 106576, 118205, 142797, 99784, 111442, 90546, 103539, 106077, 95800, 105400, 39028, 130, 592, 0]
[118246, 102480, 100034, 94085, 136736, 110281, 95184, 106986, 131244, 88880, 100040, 79993, 93747, 97699, 89926, 97496, 39931, 8, 172, 0]
[122961, 105721, 103513, 97436, 138504, 113995, 99363, 111617, 134979, 92676, 103260, 84982, 100149, 103352, 92656, 101687, 36824, 0, 0, 0]
[122116, 104429, 102641, 96812, 138332, 112362, 98075, 109983, 131536, 89065, 100710, 80793, 94325, 97732, 88557, 97406, 47087, 0, 37, 0]
[116293, 99975, 98395, 92197, 135649, 108308, 93062, 106059, 128843, 87059, 99124, 79581, 96682, 100296, 90475, 98089, 39879, 51, 368, 0]
[123740, 107869, 105833, 99561, 142555, 115504, 100739, 113340, 136805, 92959, 105688, 85503, 99666, 103130, 92070, 101955, 39319, 0, 60, 0]
[121094, 104852, 103399, 97312, 140278, 112900, 98087, 110173, 132990, 90895, 101526, 82029, 97461, 100643, 91453, 99445, 38925, 0, 225, 0]
[116999, 100499, 98639, 92341, 136012, 109137, 93857, 106133, 130745, 87326, 100389, 79783, 93804, 95800, 84971, 93402, 37682, 0, 22, 0]
[125664, 109747, 107335, 100995, 146540, 118283, 103214, 114865, 137254, 94363, 105565, 85699, 99534, 101922, 91329, 101185, 39410, 24, 300, 0]
[121525, 105389, 103264, 97237, 141607, 113868, 98950, 111238, 134045, 91457, 102639, 82406, 97035, 100414, 89495, 100086, 49513, 0, 14, 0]
[122740, 107485, 103608, 98073, 141349, 113710, 99166, 110604, 134332, 93142, 102717, 82940, 96121, 98545, 88739, 95802, 40779, 0, 29, 0]
[117778, 101588, 99624, 93488, 137311, 110354, 95525, 107506, 130431, 87521, 97175, 77401, 90231, 92996, 83357, 93367, 38756, 0, 11, 0]
[115343, 98235, 96053, 89350, 131229, 105426, 91307, 103576, 127066, 85678, 95514, 77070, 90981, 92885, 83265, 91919, 39010, 0, 0, 0]
[115714, 99257, 97876, 91581, 135409, 108391, 93424, 105058, 127871, 85421, 97427, 76730, 91280, 93545, 83234, 91436, 40801, 0, 100, 0]
[119683, 103586, 102225, 96028, 140366, 111824, 96713, 108277, 131934, 89226, 100597, 80629, 94164, 95568, 87642, 95326, 43684, 0, 0, 0]
[132051, 116121, 113106, 107609, 151074, 124313, 109607, 122040, 146213, 102897, 114596, 93343, 105207, 108666, 98872, 106459, 47102, 89, 392, 0]
[125618, 109233, 107267, 101080, 144124, 117743, 103105, 115676, 139614, 96807, 108967, 86951, 101402, 104007, 91825, 100357, 40840, 124, 491, 0]
[121457, 105384, 102830, 96307, 139333, 112710, 98275, 111011, 134429, 90900, 101922, 80337, 94196, 96997, 89758, 98409, 40619, 0, 0, 0]
[118688, 103166, 102433, 95589, 138770, 111154, 96241, 108787, 131021, 88463, 100440, 79557, 93735, 97242, 88978, 97133, 41705, 47, 110, 0]
[133486, 118118, 115442, 108988, 152458, 125453, 110783, 123786, 146608, 102526, 115386, 93271, 107992, 112323, 101202, 110449, 48702, 0, 1, 0]
[117534, 100534, 100402, 93836, 136315, 109404, 94795, 107234, 129757, 87663, 98964, 79032, 94145, 96898, 85763, 94424, 36079, 43, 260, 0]
[111810, 96135, 94131, 87816, 131980, 104485, 89227, 101613, 125621, 82420, 94335, 72221, 85453, 87346, 76624, 86733, 37683, 73, 224, 0]
[125848, 110804, 109735, 102581, 148573, 118887, 103364, 115973, 139264, 95057, 106865, 84059, 98173, 101602, 90368, 98878, 40603, 0, 0, 0]
[119435, 103169, 100838, 94666, 138564, 111296, 96346, 108614, 132403, 89401, 100918, 79357, 92474, 93398, 84270, 92291, 40004, 0, 24, 0]
[117469, 100401, 98632, 92543, 133485, 108705, 94123, 106879, 131003, 87241, 99469, 79327, 93562, 97036, 88110, 95775, 39069, 0, 66, 0]
[115461, 99135, 97322, 90989, 135493, 107988, 92852, 105772, 129521, 84728, 96918, 77266, 91933, 94894, 84262, 92841, 35268, 0, 0, 0]
[125928, 109299, 107059, 100993, 144202, 117134, 102437, 114701, 137121, 94420, 104519, 85868, 101135, 105874, 93980, 101968, 40838, 0, 0, 0]
[115763, 99610, 97672, 91440, 134127, 107476, 92775, 104344, 126853, 85059, 97842, 78731, 92900, 98515, 87946, 96221, 41723, 0, 0, 0]
[134031, 117643, 116068, 109768, 153422, 126201, 111330, 123444, 145027, 103550, 115525, 94407, 107416, 108226, 97467, 106940, 45567, 0, 0, 0]
[124500, 108102, 106127, 100061, 143689, 116571, 101414, 113817, 137077, 94408, 105485, 85366, 99168, 102780, 92714, 100661, 40090, 0, 0, 0]
[123232, 106510, 104964, 98721, 140616, 114529, 100033, 111477, 134393, 92811, 103615, 82496, 96095, 98212, 89108, 98465, 44000, 0, 0, 0]
[117843, 101293, 98487, 92398, 135028, 109116, 94241, 105637, 128432, 87519, 98810, 78510, 91953, 94223, 83095, 93451, 40608, 0, 103, 0]
[117826, 102556, 99692, 93397, 138206, 110001, 94820, 108202, 132144, 89013, 99009, 79676, 95823, 98617, 86673, 94143, 31920, 0, 0, 0]
[116017, 99853, 96735, 90250, 130429, 106074, 91851, 104402, 127713, 84932, 95271, 74793, 88634, 92157, 80815, 89399, 37697, 0, 36, 0]
[107029, 90165, 89051, 82812, 124564, 98801, 84128, 96256, 119336, 76952, 89145, 68988, 84689, 87839, 78078, 85723, 35096, 0, 181, 0]
[122958, 106165, 104457, 98211, 142442, 114833, 99665, 111769, 136450, 92231, 103257, 83806, 98082, 99575, 87802, 96069, 42511, 0, 81, 0]
[124760, 108688, 106870, 100106, 143830, 116700, 101675, 113989, 136853, 93492, 105279, 82693, 96297, 100354, 92745, 100887, 46595, 124, 214, 0]
[120909, 104592, 101165, 95355, 138400, 112323, 97540, 110072, 133413, 90704, 101774, 81619, 94953, 97817, 88360, 96847, 31366, 0, 0, 0]
[118338, 103017, 101521, 94236, 139154, 110749, 95688, 107965, 132516, 88774, 99729, 80778, 93715, 97305, 87168, 96416, 36418, 1, 102, 0]
[115122, 100131, 97196, 90871, 134413, 107404, 92705, 104093, 127180, 84008, 95971, 73924, 86774, 90310, 81115, 89437, 36168, 0, 90, 0]
[121729, 106002, 102817, 96661, 139547, 113051, 98222, 109845, 134074, 92268, 101977, 81716, 95267, 99513, 88574, 96872, 38517, 0, 21, 0]
[120672, 104537, 102363, 96522, 139531, 112767, 98082, 110424, 133812, 91540, 102447, 81385, 95518, 98207, 87674, 97166, 45932, 96, 386, 0]
[116053, 99021, 96982, 91373, 134589, 107701, 92709, 104693, 129633, 85758, 96780, 77657, 91951, 95747, 86441, 94870, 43121, 0, 75, 0]
[128540, 113004, 110365, 103605, 147426, 120035, 105277, 117518, 141444, 99276, 110870, 89823, 106023, 110185, 99997, 106723, 35825, 0, 7, 0]
[108937, 92902, 89409, 83682, 125197, 99846, 85814, 98695, 122189, 79552, 88257, 70110, 83790, 85906, 78780, 87625, 41789, 0, 0, 0]
[118460, 101686, 98946, 93126, 138537, 110655, 95461, 107501, 131188, 87366, 99149, 78394, 92244, 95660, 82794, 92442, 38643, 0, 133, 0]
[117742, 101668, 100194, 93776, 136694, 109685, 94859, 107638, 130214, 87940, 99517, 80362, 93997, 96628, 86101, 93709, 41828, 0, 29, 0]
[122422, 106774, 105248, 98622, 142340, 114780, 99491, 110962, 134819, 92258, 102282, 83376, 97319, 101404, 90815, 99786, 41700, 0, 114, 0]
[113850, 97637, 95161, 88757, 130422, 105086, 90263, 102647, 124912, 81731, 94499, 73926, 89218, 92467, 80461, 90773, 38425, 0, 40, 0]
[117738, 101653, 100980, 93768, 137058, 110146, 95064, 106472, 130053, 86267, 98271, 78405, 91230, 94989, 84603, 92654, 43849, 38, 203, 0]
[117670, 100058, 98043, 92045, 134256, 108762, 94317, 107032, 130798, 87730, 97327, 77456, 92914, 94950, 86188, 95179, 36341, 0, 14, 0]
[121622, 103787, 103095, 96788, 141159, 114076, 98858, 110558, 135222, 92181, 102954, 82729, 95008, 97297, 88235, 96505, 40477, 5, 133, 0]
[123002, 106217, 105897, 99059, 143938, 115424, 100249, 111652, 133720, 92495, 103435, 82754, 97244, 100845, 92933, 100465, 44672, 0, 0, 0]
[113241, 95901, 94766, 87968, 130356, 104346, 89816, 101637, 125311, 83968, 95131, 74354, 87819, 89983, 80589, 89315, 42325, 0, 90, 0]
[127914, 112466, 111791, 104427, 147860, 120209, 105279, 116884, 140748, 97431, 108622, 89576, 104364, 109886, 100891, 109966, 44606, 35, 274, 0]
[120230, 104349, 102421, 95435, 138812, 111758, 97226, 110064, 133032, 89809, 101891, 81105, 95379, 97714, 87511, 97436, 40155, 15, 241, 0]
[110808, 93717, 91782, 84546, 124208, 100164, 85842, 97391, 121022, 80124, 91212, 71883, 85464, 87989, 80591, 88878, 39752, 0, 0, 0]
[117191, 101283, 100545, 93449, 137728, 109527, 94405, 106219, 128537, 85723, 98223, 77782, 90488, 91699, 80019, 90566, 36928, 36, 220, 0]
[127341, 111348, 109971, 103182, 145937, 118659, 104308, 116544, 139775, 97051, 108729, 88207, 102464, 105300, 95198, 103746, 45830, 0, 90, 0]
[121242, 104951, 103531, 97316, 141021, 113468, 98400, 110960, 134522, 90225, 101833, 82356, 95707, 98393, 86289, 95687, 37628, 0, 32, 0]
[110007, 93480, 91057, 85092, 127516, 101630, 86780, 98729, 122830, 78991, 91293, 71335, 85912, 89089, 80948, 89461, 38781, 0, 21, 0]
[117353, 101155, 99883, 92763, 135949, 109288, 94498, 106857, 130039, 86647, 98927, 76619, 89911, 91958, 83043, 93385, 38688, 0, 146, 0]
[119631, 103245, 100957, 94919, 139422, 111162, 96145, 107825, 130748, 89222, 100094, 78843, 92478, 96898, 85701, 94806, 45290, 0, 147, 0]
[118315, 102966, 101209, 94381, 138499, 110396, 95317, 108275, 131571, 89152, 101772, 79160, 94492, 97025, 85578, 94961, 44006, 0, 0, 0]
[113665, 96838, 94777, 88068, 131091, 104491, 89907, 101782, 126761, 82655, 94472, 74366, 88846, 91593, 82444, 90459, 39516, 11, 97, 0]
[114881, 98169, 97211, 90723, 134024, 106720, 91682, 104114, 129094, 85040, 96246, 76355, 90258, 92842, 83812, 91723, 33837, 0, 132, 0]
[123560, 107400, 102853, 97278, 139847, 114167, 99828, 111762, 135238, 92300, 104804, 86271, 99588, 102058, 93268, 102429, 43730, 5, 141, 0]
[115860, 98848, 98205, 91566, 133731, 107378, 92477, 105257, 127635, 85627, 96218, 77674, 91627, 94956, 84414, 91748, 35539, 40, 284, 0]
[117369, 100742, 98913, 91820, 132570, 107537, 93122, 106221, 130068, 86964, 99377, 77939, 92256, 95033, 83892, 92897, 44212, 0, 60, 0]
[125038, 107858, 106042, 100192, 141743, 117289, 102505, 115020, 139317, 96044, 106144, 88479, 102671, 105628, 96431, 104076, 43985, 56, 465, 0]
[116944, 102523, 100127, 93040, 137686, 109179, 94318, 105633, 129157, 85810, 98080, 78635, 93210, 95165, 85956, 95044, 42934, 0, 28, 0]
[123202, 106117, 105094, 98519, 140445, 113769, 99452, 112084, 134700, 92221, 103034, 84238, 99188, 101150, 88096, 96440, 44138, 18, 155, 0]
[112524, 97527, 96742, 88689, 132545, 104624, 90137, 102875, 126142, 83435, 94725, 74937, 89269, 90883, 80456, 88884, 32715, 0, 0, 0]
[117095, 100776, 98818, 92039, 135339, 108424, 93924, 106124, 130319, 86923, 98874, 79383, 94612, 98918, 87900, 96327, 40362, 0, 42, 0]
[123908, 108006, 107480, 99884, 143023, 115473, 100549, 112703, 136439, 94459, 105101, 84563, 99404, 101693, 91224, 100285, 41741, 0, 0, 0]
[112391, 96869, 94168, 87406, 129620, 103590, 88892, 100781, 123582, 80664, 92729, 71666, 85160, 89450, 77603, 85481, 37563, 0, 0, 0]
[129134, 111832, 110221, 104408, 145951, 119658, 105219, 117156, 140576, 99272, 109308, 88162, 100962, 104789, 97554, 104949, 34543, 0, 97, 0]
[119990, 104011, 102354, 95683, 138714, 111915, 97141, 109218, 133457, 90634, 102702, 81883, 97991, 100861, 87398, 94716, 36230, 0, 17, 0]
[123085, 104810, 103798, 97753, 138613, 113856, 99309, 112163, 134150, 91502, 102717, 84707, 98987, 101235, 90393, 99197, 41166, 0, 130, 0]
[114477, 98796, 97230, 90602, 135008, 107076, 91980, 104832, 128249, 83613, 95299, 74521, 87582, 89640, 78617, 86534, 36137, 0, 24, 0]
[115602, 99864, 98261, 91104, 136123, 108018, 92770, 105083, 127491, 84455, 97030, 76190, 89882, 93796, 84338, 94248, 36055, 109, 216, 0]
[120895, 104430, 103760, 96701, 139294, 112978, 97933, 111150, 133764, 90284, 101154, 81997, 96449, 99907, 90094, 98681, 39198, 0, 60, 0]
[120067, 104016, 101062, 94804, 137653, 111474, 96874, 109098, 131142, 87521, 100169, 81179, 94542, 97212, 85909, 94319, 39498, 0, 59, 0]
[119985, 103261, 99730, 94026, 136765, 111012, 96638, 108598, 132018, 90179, 100792, 80789, 94642, 98108, 87849, 97329, 42922, 0, 109, 0]
[127018, 110648, 109171, 101936, 146484, 119050, 103958, 115543, 138267, 96147, 107253, 87633, 102002, 104762, 94316, 102269, 42209, 0, 69, 0]
[129620, 113077, 110817, 104979, 148985, 121914, 107089, 119584, 142998, 98771, 110296, 89619, 103710, 108380, 97809, 107364, 40483, 19, 193, 0]
[119941, 104009, 102563, 95546, 138888, 112175, 97400, 110094, 133306, 90186, 101549, 80567, 96661, 100228, 88280, 96827, 42610, 0, 0, 0]
[112657, 95778, 93469, 87580, 129384, 103773, 89327, 101405, 124922, 81595, 92371, 74573, 87796, 91021, 81042, 88987, 37376, 0, 42, 0]
[109924, 94149, 92468, 85891, 130150, 101945, 86799, 98519, 122919, 79345, 90907, 71133, 84952, 87073, 76454, 87752, 33838, 0, 29, 0]
[116316, 99937, 98653, 92038, 135644, 108641, 93770, 106664, 129865, 86977, 98712, 77449, 91974, 95436, 83062, 91436, 33532, 0, 0, 0]
[110744, 95068, 93958, 86335, 129697, 102420, 87720, 100478, 121858, 78688, 90957, 70628, 84051, 86848, 77059, 85887, 34713, 0, 0, 0]
[109708, 94266, 91455, 85336, 129635, 101580, 86340, 98368, 121726, 78890, 91218, 70759, 82986, 86955, 77646, 87308, 34473, 0, 60, 0]
