199578
195070
193342
193105
205277
201308
194708
194270
188791
193901
204596
197615
194262
192762
197272
190187
199517
197796
205673
194499
193082
193777
188067
188850
214100
188506
190320
189594
189497
200301
199507
206423
198773
192983
199877
188643
198980
185530
201786
199899
197109
201945
196871
183879
193241
204571
203427
204397
195152
200587
187841
189059
204388
203270
199593
191683
193459
201024
186379
204249
206352
198231
187698
190352
196524
203561
198788
192478
189045
194305
198364
195454
194630
202941
189593
194679
192050
201528
185414
192922
197699
197276
193491
195734
190907
199349
192380
201870
187115
196469
199810
200891
195555
200894
195004
189526
204413
192083
186270
200577
