195234
193581
195188
196517
194928
191535
198351
203830
191126
197377
193300
194980
195848
200460
193253
194310
198388
195637
196119
195450
195331
198646
196671
189370
189599
192662
188062
198341
188257
191861
189280
197204
191261
189662
195287
199399
200715
198855
199304
192504
193310
195280
189299
207749
203401
199380
192393
196162
198104
195634
193015
199600
198828
197186
191218
199610
191127
199048
205223
196050
186944
199245
201553
193559
200947
201110
202690
194419
200410
194297
194815
200247
195296
203328
195410
193476
198373
193439
193701
198234
198404
190255
194880
187488
202977
192903
192979
199546
200976
202601
199005
196348
195520
191710
203395
196657
191996
190654
192120
197170
