190961
201302
197434
184729
191062
199742
193095
200733
195665
192291
198677
203845
205217
209494
205223
183928
193886
203767
187238
200340
206761
191907
199293
202813
205969
205252
207745
198064
206859
194785
190431
200253
197216
195684
195741
198996
200152
203588
194615
193930
205264
194978
194637
199679
200118
195963
201945
199426
199326
198779
194342
200212
194940
195565
187536
194519
196989
203035
192101
204079
198929
198219
197848
194622
203258
193345
196511
204752
191295
190737
201396
202974
195217
199878
194956
197443
192907
201104
197998
192348
195072
195037
187208
198823
207142
193674
197606
208642
201678
204127
192572
189663
191889
199999
203861
198942
192613
193583
198813
198073
