189585
196943
195701
198949
201175
200102
200236
199149
193051
205153
201072
187206
194484
182076
199605
194295
194486
194494
193489
197662
192540
188103
187905
183709
196769
193139
189117
193027
201458
199658
198537
194879
195480
191824
202952
197417
191790
194832
202953
202637
194066
199511
195720
194424
196574
188079
192653
185719
194800
197313
190361
202714
194044
189264
198960
191199
196143
189458
193645
196300
197646
200226
197812
199278
204361
198714
191370
203041
192648
202402
199950
197393
187690
188672
193303
200245
193350
199280
206707
189524
196292
190482
197030
193800
190596
193814
198476
201601
193447
194904
198614
201184
197047
193083
193170
193749
186207
195791
189632
199691
