197026
188259
195629
195426
191526
193883
200929
197223
193730
191969
191758
199578
195354
202434
191395
201753
192240
198740
183377
193993
198874
189067
194357
194109
194847
192170
204717
199959
195717
186966
205627
195710
199116
200041
200103
202476
198823
197488
191692
190314
197706
206235
191150
197348
206972
182408
193302
197097
194630
206246
201704
198672
197322
192668
203931
196890
199618
199334
205293
205843
200198
200284
192955
200295
196140
204575
202148
188972
192270
202166
193433
189994
199030
202999
191282
199881
200995
196955
204693
192450
194567
194739
195713
192251
192714
188498
194700
200259
187542
193390
198650
187685
191953
201251
194783
196939
206310
205870
184158
188060
