[2, 7100, 7618, 76, 303, 7, 470, 104, 2510, 9576, 7906, 15536, 13, 5730, 15249, 664, 56436, 55871, 0, 582]
[0, 7134, 4393, 77, 663, 0, 441, 13, 1876, 9740, 7797, 16037, 5, 5721, 13913, 297, 52574, 50952, 0, 528]
[0, 6308, 5301, 33, 1015, 45, 523, 81, 2718, 10052, 7417, 17209, 10, 5584, 13318, 419, 42949, 55325, 0, 382]
[0, 7113, 4835, 17, 910, 112, 662, 133, 2504, 10251, 7006, 17268, 11, 5012, 17712, 252, 67025, 54781, 11, 325]
[2, 8252, 6529, 109, 739, 6, 871, 17, 1753, 9182, 7507, 18116, 5, 5864, 15427, 362, 50258, 55824, 4, 530]
[0, 7319, 6084, 136, 545, 29, 520, 127, 1686, 9267, 7461, 17120, 6, 6011, 16667, 429, 56032, 63298, 0, 306]
[0, 8049, 6543, 116, 756, 31, 333, 51, 2096, 9898, 7866, 17114, 5, 5278, 15161, 358, 54764, 51894, 0, 441]
[0, 6514, 5438, 88, 369, 63, 715, 0, 2569, 9512, 8283, 17599, 2, 5924, 13549, 513, 60807, 54294, 0, 533]
[0, 7019, 5680, 61, 218, 99, 351, 52, 1717, 9266, 6805, 16213, 5, 5011, 14318, 590, 57458, 50601, 4, 446]
[0, 6540, 5310, 59, 647, 15, 164, 167, 1463, 8174, 6817, 17884, 11, 5831, 14521, 648, 41293, 44971, 0, 222]
[0, 7771, 5637, 103, 676, 15, 221, 30, 1611, 8323, 7215, 17043, 6, 5130, 15082, 650, 56652, 53607, 0, 531]
[0, 6885, 4555, 17, 511, 50, 302, 48, 2099, 8737, 7560, 18038, 4, 5482, 16507, 386, 55224, 50697, 0, 579]
[1, 7220, 5262, 0, 444, 100, 292, 88, 1832, 9552, 7080, 16827, 11, 5271, 14009, 163, 52638, 50397, 0, 526]
[0, 7981, 5590, 111, 372, 72, 423, 13, 2835, 9565, 8091, 17310, 6, 5566, 16113, 222, 66076, 51002, 0, 724]
[0, 9157, 6009, 24, 722, 10, 615, 26, 2441, 8423, 7090, 17744, 2, 6390, 13643, 221, 51796, 54429, 0, 175]
[1, 8393, 4887, 80, 530, 63, 719, 51, 1258, 8175, 7480, 15932, 7, 5888, 14457, 315, 59479, 53973, 0, 531]
[0, 7311, 5902, 37, 538, 39, 722, 56, 1798, 8855, 7683, 19019, 5, 5332, 13788, 349, 55528, 44177, 0, 374]
[1, 7945, 5487, 95, 749, 55, 549, 429, 2427, 8548, 8383, 17845, 4, 5671, 16808, 466, 47862, 49431, 0, 165]
[0, 9087, 4400, 41, 963, 79, 395, 30, 2504, 8455, 6615, 17427, 9, 6059, 13704, 483, 57309, 56739, 24, 342]
[0, 7780, 5075, 3, 589, 61, 521, 1, 1891, 9926, 7198, 16588, 0, 5526, 13445, 494, 57623, 54590, 0, 564]
[2, 7288, 4961, 79, 955, 2, 555, 100, 2585, 9539, 6426, 15751, 8, 5230, 15186, 508, 54790, 49544, 0, 570]
[0, 7741, 5985, 133, 625, 135, 670, 35, 2425, 8816, 7365, 18848, 9, 6080, 15940, 203, 61373, 54116, 0, 600]
[0, 7918, 4883, 44, 1119, 153, 498, 12, 2495, 8179, 6758, 16731, 8, 6202, 14565, 757, 49513, 52774, 0, 314]
[0, 7848, 5361, 35, 336, 0, 519, 230, 2238, 9017, 7389, 15726, 4, 4654, 13851, 514, 55829, 53056, 0, 510]
[5, 7980, 5714, 26, 778, 2, 738, 75, 2354, 8806, 7578, 17582, 13, 5828, 13803, 524, 49262, 52889, 7, 591]
[0, 7448, 4989, 13, 576, 203, 564, 98, 2171, 9434, 7211, 17881, 16, 6175, 12646, 571, 53648, 60055, 0, 844]
[0, 7353, 5349, 107, 579, 40, 217, 43, 1936, 9970, 6782, 16274, 10, 5159, 14061, 307, 59640, 46882, 13, 753]
[0, 8785, 5439, 4, 435, 160, 247, 150, 1303, 9347, 6175, 15338, 6, 5142, 16563, 253, 55221, 49144, 0, 812]
[0, 8814, 5152, 64, 852, 105, 434, 12, 2920, 9329, 8626, 17255, 14, 5949, 12568, 322, 56744, 60187, 7, 465]
[1, 6184, 5322, 9, 1738, 204, 799, 0, 2314, 8888, 7435, 16743, 6, 5307, 13883, 473, 60708, 50343, 9, 509]
[0, 7844, 5762, 33, 504, 97, 434, 242, 2066, 9616, 6696, 17037, 4, 5548, 14650, 822, 49374, 51968, 2, 266]
[0, 7600, 5201, 71, 972, 184, 524, 78, 2662, 8940, 7605, 15898, 3, 5958, 14777, 571, 57228, 50513, 0, 731]
[2, 8631, 6268, 26, 414, 68, 420, 19, 2062, 9023, 6701, 16431, 13, 5315, 16178, 389, 61566, 49521, 2, 369]
[0, 6323, 5649, 42, 1090, 26, 444, 77, 1627, 9221, 7114, 16477, 12, 5269, 15282, 251, 51276, 52812, 0, 338]
[0, 7478, 5014, 114, 1050, 32, 493, 86, 2474, 8978, 7482, 17826, 6, 6197, 15509, 279, 63513, 52478, 4, 665]
[0, 7510, 5531, 149, 739, 15, 432, 3, 3015, 8641, 7764, 17608, 7, 5702, 13347, 379, 55870, 48856, 0, 238]
[0, 7685, 5384, 41, 336, 12, 606, 89, 2372, 10191, 6534, 16187, 5, 5003, 13533, 335, 59561, 51146, 0, 408]
[0, 9040, 6422, 38, 857, 134, 495, 115, 2113, 9411, 7468, 15217, 6, 5858, 12384, 488, 63611, 58486, 0, 797]
[1, 6638, 5066, 54, 1720, 74, 450, 134, 2007, 8290, 7312, 16729, 6, 5746, 15168, 472, 54639, 55855, 13, 483]
[0, 8042, 5428, 30, 344, 10, 470, 118, 1831, 10447, 7001, 16486, 8, 5393, 16965, 692, 57254, 51098, 0, 571]
[1, 7017, 5829, 160, 643, 36, 533, 58, 3494, 9024, 8601, 18253, 3, 5922, 13875, 112, 52707, 57814, 0, 644]
[0, 6934, 5241, 115, 961, 43, 275, 48, 3291, 9257, 6754, 16218, 4, 5717, 15068, 546, 55456, 50909, 0, 456]
[0, 8234, 5068, 22, 997, 76, 816, 187, 2609, 8615, 7651, 17350, 11, 5539, 13517, 537, 51182, 55558, 6, 699]
[0, 8990, 5832, 81, 673, 112, 541, 24, 2440, 7588, 7530, 16526, 9, 5312, 14563, 433, 55217, 60694, 5, 503]
[4, 7743, 5098, 16, 689, 5, 217, 7, 1950, 8830, 7969, 18321, 19, 5331, 14788, 287, 57324, 49623, 0, 564]
[0, 7644, 3697, 39, 615, 46, 408, 118, 2601, 8755, 7047, 17282, 18, 6037, 12391, 517, 58289, 54937, 7, 493]
[6, 8367, 4668, 49, 185, 22, 660, 61, 1910, 9086, 7153, 18098, 9, 5175, 13204, 503, 52446, 54561, 9, 549]
[3, 7209, 4060, 48, 898, 63, 232, 53, 1227, 10044, 6514, 17474, 7, 5137, 14891, 435, 52595, 54920, 0, 535]
[1, 7503, 5720, 155, 519, 46, 277, 53, 2317, 10503, 7467, 16524, 6, 5319, 14310, 309, 67716, 48813, 0, 305]
[0, 7024, 6916, 12, 573, 35, 659, 29, 3195, 8165, 6797, 16749, 5, 4978, 15963, 210, 55508, 58537, 0, 287]
[0, 6295, 5722, 32, 860, 60, 597, 45, 2673, 8385, 7537, 17613, 5, 5587, 12899, 212, 50942, 55860, 1, 419]
[0, 7803, 4502, 4, 722, 185, 378, 69, 1770, 10190, 7364, 17657, 2, 6473, 15094, 460, 47356, 55172, 0, 924]
[0, 7475, 5626, 39, 385, 80, 494, 0, 2016, 11041, 7374, 16432, 7, 4858, 13817, 574, 53651, 50713, 2, 820]
[0, 7249, 5817, 2, 532, 122, 345, 57, 2212, 10591, 6693, 17593, 8, 5971, 13147, 225, 54785, 58149, 0, 610]
[0, 7910, 5019, 8, 656, 11, 410, 8, 1612, 10170, 7255, 16826, 13, 5470, 16229, 219, 60909, 53817, 0, 960]
[3, 8449, 6137, 29, 865, 70, 460, 27, 2368, 10121, 7107, 16333, 3, 5166, 15488, 486, 50726, 53196, 0, 471]
[0, 6245, 6537, 150, 909, 27, 589, 203, 1629, 8153, 6860, 17468, 3, 5887, 14067, 382, 60105, 53977, 0, 457]
[0, 6098, 4620, 117, 898, 121, 354, 0, 2006, 8097, 6653, 16546, 6, 5559, 13771, 519, 59436, 62631, 0, 468]
[0, 7530, 4507, 45, 1113, 85, 234, 43, 2846, 7803, 6858, 17940, 5, 5246, 13901, 320, 55313, 51708, 16, 703]
[0, 7666, 5097, 20, 731, 16, 453, 157, 2178, 10567, 7187, 16673, 12, 4773, 16185, 371, 55334, 58794, 0, 399]
[0, 6313, 4939, 6, 405, 18, 506, 13, 1548, 8781, 7879, 16353, 11, 5844, 13007, 652, 64605, 56699, 0, 510]
[2, 7109, 6564, 27, 580, 139, 357, 74, 2237, 8883, 7567, 15247, 7, 6346, 14556, 876, 53377, 48680, 0, 340]
[0, 6434, 4574, 28, 710, 19, 257, 32, 2121, 9448, 6687, 15401, 7, 5862, 12166, 468, 55988, 53365, 2, 297]
[7, 8570, 5542, 85, 325, 87, 320, 78, 1937, 10004, 7962, 17435, 5, 5107, 14881, 226, 52839, 43263, 20, 675]
[0, 7466, 6237, 149, 378, 29, 556, 144, 2107, 9771, 7690, 16266, 8, 5154, 13791, 264, 52712, 49425, 0, 1014]
[1, 7111, 5140, 46, 317, 130, 313, 1, 1609, 9855, 6496, 17338, 7, 6247, 12754, 456, 58187, 56151, 0, 1123]
[1, 6834, 5482, 9, 1483, 48, 335, 113, 2783, 9674, 6556, 16246, 6, 5060, 15255, 293, 61714, 52634, 0, 597]
[1, 8582, 6167, 22, 748, 45, 399, 94, 1678, 8932, 8324, 17537, 10, 5848, 15032, 333, 53513, 41961, 1, 571]
[0, 7230, 6148, 23, 1112, 84, 266, 18, 2428, 9439, 7433, 16872, 9, 5117, 16062, 423, 61822, 51405, 0, 581]
[0, 6584, 4867, 72, 585, 32, 546, 252, 2348, 9536, 7298, 17344, 10, 6241, 16015, 339, 56135, 63643, 0, 412]
[0, 8528, 5616, 10, 429, 56, 390, 58, 1616, 9586, 6720, 16959, 8, 4586, 16548, 491, 55432, 58166, 0, 205]
[0, 7628, 5967, 40, 407, 68, 450, 121, 1499, 9933, 7343, 18938, 7, 5162, 16729, 410, 48585, 57715, 0, 375]
[0, 7364, 6320, 66, 238, 65, 98, 392, 2271, 9263, 8596, 15705, 8, 6508, 12679, 494, 54390, 48115, 0, 635]
[0, 5827, 5958, 43, 633, 53, 468, 81, 2663, 9657, 8115, 15961, 12, 6129, 15505, 319, 55827, 49200, 0, 417]
[5, 7906, 4774, 40, 322, 6, 725, 3, 2324, 10145, 6922, 17838, 3, 5346, 14800, 474, 53854, 57880, 0, 699]
[0, 6213, 6003, 52, 646, 20, 441, 161, 2017, 9741, 8461, 17002, 4, 5594, 15700, 417, 53133, 53001, 7, 787]
[2, 7693, 5346, 102, 460, 5, 369, 42, 1302, 8414, 6863, 18137, 12, 4516, 13246, 463, 64276, 52621, 16, 705]
[1, 7705, 6325, 26, 386, 25, 439, 92, 2616, 8255, 7418, 16753, 13, 5210, 15329, 329, 52944, 60023, 8, 706]
[0, 6859, 6186, 30, 1102, 2, 482, 3, 3160, 9800, 8003, 17045, 4, 4473, 15302, 401, 55639, 66284, 0, 646]
[0, 8511, 5151, 18, 1034, 14, 298, 51, 4542, 9702, 7617, 16626, 6, 5438, 14212, 255, 52277, 48668, 2, 664]
[0, 8064, 5929, 164, 867, 69, 606, 102, 1609, 8852, 7643, 18163, 5, 6480, 14427, 577, 62385, 50941, 0, 982]
[0, 8812, 5493, 75, 621, 51, 372, 136, 2742, 9770, 7120, 15796, 5, 4769, 14757, 222, 55342, 60285, 0, 966]
[0, 8484, 5037, 59, 879, 155, 372, 9, 1598, 10262, 8085, 17779, 5, 5782, 13883, 430, 62076, 54144, 0, 623]
[0, 7646, 5648, 175, 827, 86, 397, 236, 2061, 8659, 6223, 17404, 5, 5264, 13201, 379, 56595, 65588, 0, 513]
[0, 8317, 4194, 61, 336, 42, 290, 68, 2351, 9503, 7825, 15780, 4, 6662, 14316, 326, 49064, 52200, 0, 222]
[0, 7291, 5762, 88, 1166, 117, 716, 35, 2105, 8976, 8299, 17208, 7, 5236, 12224, 631, 66354, 51051, 0, 737]
[7, 7863, 6297, 60, 1582, 98, 675, 39, 2817, 8846, 8490, 17567, 9, 6175, 16117, 353, 49214, 52565, 0, 578]
[0, 7556, 5585, 13, 881, 7, 390, 249, 2409, 9156, 7378, 16915, 10, 5640, 15308, 244, 54805, 50519, 0, 624]
[0, 6791, 6030, 70, 764, 41, 508, 23, 2451, 8938, 7363, 17958, 7, 5690, 13417, 310, 48932, 49364, 0, 807]
[0, 7664, 6629, 59, 654, 0, 273, 40, 3238, 9551, 6829, 16925, 8, 5769, 13858, 272, 63041, 60741, 0, 416]
[8, 7133, 5427, 49, 640, 23, 421, 92, 3217, 9185, 8581, 16932, 4, 5888, 14867, 546, 47943, 55416, 0, 231]
[2, 9392, 5490, 131, 548, 62, 509, 128, 2126, 9056, 7909, 15386, 8, 5249, 12232, 618, 50941, 52659, 0, 590]
[0, 6976, 5844, 25, 388, 2, 453, 86, 2892, 9252, 6798, 14925, 9, 6013, 16045, 568, 61628, 55049, 0, 628]
[1, 6432, 5838, 7, 602, 8, 327, 4, 3009, 10786, 8032, 16483, 4, 5236, 12494, 714, 53646, 48363, 0, 522]
[0, 6747, 4634, 73, 619, 56, 369, 183, 2647, 10133, 6880, 17229, 5, 6182, 14813, 345, 62691, 64519, 0, 701]
[4, 7695, 5558, 49, 484, 94, 562, 209, 2258, 10441, 6620, 17153, 4, 4893, 16409, 187, 56883, 52487, 0, 281]
[3, 6236, 6013, 59, 656, 66, 672, 40, 1816, 9289, 6968, 16029, 6, 4415, 15501, 336, 59561, 58183, 0, 625]
[0, 6184, 5388, 6, 633, 0, 427, 0, 2573, 8472, 7985, 15300, 13, 5284, 13565, 535, 55082, 55489, 0, 483]
[1, 8158, 6180, 12, 379, 34, 415, 10, 1545, 9568, 6914, 16941, 9, 4895, 14673, 666, 55101, 54367, 1, 426]
[0, 6377, 6143, 49, 632, 26, 517, 0, 1671, 10296, 7361, 16778, 3, 6001, 14456, 535, 57278, 57143, 0, 530]
