[0, 6444, 5411, 44, 989, 139, 531, 148, 1480, 9137, 7105, 17171, 5, 5660, 14205, 200, 52866, 64533, 0, 340]
[1, 6405, 6430, 227, 644, 38, 682, 20, 2556, 8957, 7551, 15978, 20, 4637, 14980, 546, 51212, 50935, 11, 562]
[0, 6772, 4832, 205, 572, 40, 507, 131, 1775, 8825, 9103, 15947, 14, 5451, 13445, 498, 56873, 60659, 0, 406]
[0, 8299, 6336, 35, 392, 58, 449, 81, 2077, 9098, 7601, 17127, 4, 6450, 14161, 387, 59475, 54851, 22, 379]
[6, 7297, 4306, 188, 293, 19, 330, 209, 2068, 11351, 7062, 15481, 6, 6041, 16819, 605, 51812, 53642, 14, 606]
[4, 8109, 6526, 84, 764, 50, 614, 55, 1891, 10035, 6304, 16975, 4, 6156, 14072, 352, 56775, 52239, 0, 442]
[2, 6468, 6190, 64, 381, 76, 363, 32, 2252, 9327, 6894, 16598, 10, 5952, 16031, 817, 55915, 55807, 0, 810]
[1, 7105, 5681, 77, 398, 28, 558, 106, 2164, 8412, 6956, 16079, 5, 5398, 15903, 358, 54968, 55862, 0, 986]
[2, 7689, 3981, 142, 711, 100, 255, 82, 1501, 8921, 7008, 17219, 17, 5726, 15529, 651, 67668, 53719, 0, 838]
[10, 6996, 5815, 112, 480, 0, 726, 72, 1661, 8858, 7195, 16172, 9, 4346, 11964, 737, 57915, 53112, 0, 326]
[0, 8451, 5684, 217, 465, 52, 685, 156, 2546, 8964, 7921, 15365, 6, 6102, 14733, 336, 64971, 51647, 0, 635]
[3, 8887, 5361, 151, 1475, 84, 375, 54, 3672, 9877, 6815, 17526, 3, 4692, 14561, 401, 52560, 59528, 0, 526]
[0, 7502, 5294, 100, 318, 24, 777, 1, 3011, 8518, 7096, 15628, 9, 5097, 13162, 273, 56238, 54121, 1, 617]
[0, 7096, 5376, 204, 247, 19, 432, 82, 2131, 10201, 6975, 17035, 7, 5303, 15957, 197, 62374, 54406, 0, 457]
[0, 7433, 5041, 70, 995, 35, 203, 6, 2865, 8712, 7296, 16439, 10, 5994, 13362, 505, 60295, 52264, 0, 782]
[0, 7622, 5633, 74, 493, 54, 845, 46, 1452, 9465, 6267, 16290, 2, 5847, 14397, 669, 57584, 53226, 0, 390]
[0, 7182, 5899, 112, 211, 106, 236, 113, 3338, 9517, 7865, 17809, 13, 5722, 15014, 310, 63015, 52431, 1, 332]
[0, 7338, 5565, 98, 309, 2, 370, 108, 2623, 8969, 7772, 16494, 12, 5844, 15765, 298, 50907, 64597, 0, 521]
[0, 6499, 7425, 157, 185, 89, 529, 125, 2076, 8839, 7873, 17454, 5, 5944, 14022, 440, 56499, 53938, 0, 347]
[1, 7449, 5741, 164, 202, 110, 347, 19, 2411, 9214, 8995, 17432, 2, 5673, 14536, 295, 56123, 51778, 0, 639]
[0, 8338, 6044, 11, 333, 83, 481, 8, 1953, 8506, 8747, 15912, 3, 5892, 13685, 345, 54149, 52847, 0, 834]
[0, 7677, 5183, 48, 444, 51, 492, 161, 2550, 9297, 7606, 17220, 2, 6428, 14746, 477, 51188, 52906, 0, 415]
[0, 7299, 5300, 136, 572, 121, 436, 55, 2382, 9290, 7704, 16952, 5, 5982, 13016, 712, 52766, 58363, 0, 278]
[0, 7147, 6685, 80, 551, 110, 282, 184, 1861, 8886, 7172, 17272, 10, 4789, 14518, 351, 60314, 60158, 0, 943]
[0, 7542, 5403, 105, 350, 108, 319, 105, 1911, 8708, 6778, 17657, 5, 6340, 16219, 655, 60765, 55636, 0, 864]
[0, 7283, 6022, 143, 527, 17, 274, 57, 2226, 9570, 7065, 18133, 4, 6360, 12221, 423, 58306, 57875, 0, 211]
[5, 6749, 4315, 63, 665, 42, 307, 29, 2933, 8944, 7198, 17100, 7, 5235, 13263, 420, 55191, 55446, 0, 864]
[0, 6589, 5919, 90, 323, 113, 426, 95, 2287, 10073, 6964, 18101, 9, 4808, 14783, 630, 62162, 61330, 0, 430]
[0, 8211, 4115, 232, 755, 0, 350, 78, 2585, 8729, 7554, 16501, 9, 5125, 14811, 375, 58396, 49632, 0, 1007]
[7, 6955, 5416, 94, 446, 45, 641, 67, 1670, 9418, 7202, 18387, 4, 6076, 15235, 518, 52054, 53128, 0, 560]
[0, 6252, 4827, 207, 34, 116, 552, 18, 2504, 9597, 7442, 19211, 8, 4996, 15954, 448, 60489, 53837, 0, 571]
[1, 7469, 6240, 219, 260, 32, 547, 166, 2180, 9223, 7473, 18296, 5, 6654, 14535, 702, 53847, 52891, 0, 430]
[0, 8272, 4941, 133, 162, 16, 739, 6, 1792, 9660, 6560, 16386, 6, 4525, 12711, 339, 56388, 54360, 14, 675]
[0, 7544, 5718, 88, 185, 43, 625, 48, 1960, 10527, 6556, 16818, 3, 5409, 14531, 439, 58693, 47982, 2, 494]
[0, 7845, 6068, 134, 751, 6, 371, 0, 3370, 8955, 8496, 16842, 4, 5266, 16618, 319, 61736, 56206, 12, 907]
[0, 7366, 5241, 149, 225, 21, 589, 8, 2523, 9233, 6799, 15522, 2, 4375, 14493, 521, 53785, 54234, 5, 163]
[0, 7622, 5255, 167, 373, 50, 540, 76, 3667, 8583, 7338, 17649, 10, 6619, 14997, 305, 63943, 59644, 0, 419]
[0, 7611, 5682, 46, 251, 81, 872, 7, 2392, 9031, 8007, 17172, 7, 5694, 14303, 709, 61462, 55252, 0, 151]
[15, 7918, 5265, 19, 591, 0, 432, 7, 2741, 8857, 7070, 17396, 11, 5480, 14078, 518, 56289, 62118, 0, 310]
[0, 7646, 6131, 165, 634, 6, 501, 3, 1930, 8683, 7566, 17461, 2, 5782, 16442, 419, 53648, 54938, 0, 373]
[0, 6486, 6631, 60, 226, 99, 821, 243, 2305, 8512, 8209, 16308, 6, 6641, 15466, 633, 62614, 45230, 14, 233]
[0, 7322, 6350, 53, 852, 127, 473, 67, 2428, 9047, 7793, 18265, 8, 5625, 15451, 381, 53854, 50485, 0, 612]
[0, 8103, 4712, 178, 589, 94, 437, 25, 2337, 8847, 7459, 16126, 13, 5407, 13790, 331, 50184, 49258, 0, 523]
[2, 8015, 5940, 73, 175, 3, 719, 1, 1578, 9998, 7316, 17028, 11, 6184, 15579, 368, 55725, 56778, 0, 474]
[0, 7274, 5143, 154, 902, 121, 625, 19, 2408, 9999, 7299, 20119, 6, 5003, 12301, 303, 55119, 60767, 3, 716]
[0, 7504, 6926, 174, 310, 25, 435, 46, 2303, 9021, 7447, 16807, 5, 5725, 13516, 591, 65963, 46132, 0, 206]
[0, 6502, 5134, 159, 236, 109, 410, 32, 1595, 9109, 7769, 15279, 21, 5860, 14751, 234, 60117, 50134, 0, 480]
[1, 6175, 6026, 83, 311, 50, 286, 73, 2363, 10035, 7086, 19022, 5, 4917, 14737, 510, 54005, 50334, 0, 413]
[0, 6944, 6531, 163, 508, 205, 522, 103, 1445, 8784, 8266, 17351, 3, 4504, 14366, 623, 60527, 51961, 7, 810]
[0, 7347, 5838, 153, 769, 17, 182, 0, 2066, 8608, 7817, 17523, 9, 5821, 15284, 329, 52256, 60716, 4, 422]
[0, 8209, 5691, 3, 675, 92, 703, 112, 2216, 9686, 7837, 16031, 5, 5044, 13523, 690, 52361, 56793, 0, 445]
[7, 6772, 5803, 135, 542, 72, 405, 85, 1947, 8226, 7741, 17003, 9, 5142, 13948, 602, 70495, 50028, 0, 256]
[0, 7184, 6900, 58, 390, 59, 390, 88, 1747, 8494, 8785, 16051, 8, 6723, 12605, 439, 45611, 53628, 0, 311]
[0, 8003, 6042, 83, 311, 5, 666, 155, 2887, 9630, 7326, 17454, 5, 5861, 16507, 415, 56229, 51302, 2, 1017]
[3, 7268, 5575, 195, 1002, 63, 401, 30, 2853, 8666, 7254, 15449, 3, 5195, 14490, 318, 53906, 55249, 0, 253]
[0, 6857, 5350, 87, 602, 1, 590, 103, 1995, 8769, 8202, 16468, 7, 5859, 14766, 461, 58849, 55524, 6, 426]
[2, 7413, 6046, 114, 260, 77, 791, 134, 3107, 10437, 6776, 16775, 9, 6028, 16792, 587, 52386, 50497, 0, 690]
[0, 7291, 4640, 102, 200, 31, 590, 108, 1771, 10529, 7424, 17083, 4, 5309, 14368, 355, 49551, 57087, 0, 471]
[0, 8823, 5426, 102, 230, 36, 400, 37, 2233, 8654, 8342, 16933, 6, 6428, 14038, 718, 58587, 51208, 8, 458]
[0, 9052, 4424, 79, 268, 0, 547, 49, 1716, 9054, 7577, 16812, 5, 5101, 13338, 565, 58767, 53447, 0, 459]
[4, 8031, 4396, 66, 198, 11, 557, 72, 2945, 8493, 7568, 17681, 7, 5432, 13859, 387, 55626, 60335, 0, 276]
[0, 8534, 4761, 227, 272, 15, 404, 197, 2152, 8472, 7666, 17427, 7, 6131, 13887, 380, 47332, 55426, 0, 432]
[0, 6676, 4016, 185, 730, 15, 322, 70, 2203, 9407, 7717, 15764, 7, 5238, 14076, 178, 63541, 58988, 7, 217]
[0, 7096, 5467, 90, 328, 154, 369, 91, 2806, 9292, 6612, 17340, 5, 5656, 14239, 370, 57769, 53016, 0, 489]
[1, 8224, 5080, 66, 721, 22, 662, 151, 2313, 7923, 7377, 16287, 7, 6796, 13491, 352, 49619, 51189, 0, 585]
[0, 7128, 4637, 226, 691, 0, 510, 374, 3464, 9288, 7239, 16960, 8, 6196, 17184, 586, 56070, 50754, 0, 210]
[0, 7271, 5168, 144, 447, 79, 246, 272, 1900, 9326, 7141, 17404, 4, 5744, 14711, 385, 58387, 59145, 0, 768]
[0, 7519, 4953, 28, 255, 6, 536, 168, 2530, 10095, 6691, 15902, 3, 5797, 17463, 237, 59645, 52420, 0, 388]
[0, 7736, 6120, 165, 62, 173, 663, 59, 1439, 10306, 6986, 16322, 12, 5858, 13521, 433, 51260, 49771, 0, 521]
[0, 7417, 5018, 76, 184, 33, 410, 276, 2942, 9566, 6724, 18759, 7, 6601, 14288, 627, 57356, 53343, 0, 530]
[0, 7594, 6252, 142, 568, 34, 598, 70, 2727, 8920, 8301, 18206, 2, 4693, 15490, 365, 51339, 56768, 0, 512]
[0, 6598, 5357, 68, 500, 42, 632, 44, 2168, 8497, 6362, 18345, 3, 6191, 15142, 530, 51991, 56324, 0, 551]
[2, 8039, 5630, 13, 312, 24, 486, 53, 1288, 10049, 7387, 17326, 3, 5109, 13288, 361, 51979, 54232, 0, 771]
[0, 7911, 5298, 121, 646, 71, 499, 8, 1365, 9365, 6855, 16228, 8, 5014, 12144, 372, 58708, 47329, 7, 555]
[6, 7357, 7748, 124, 344, 28, 524, 0, 2535, 9732, 7587, 15374, 4, 4966, 13014, 330, 58897, 56683, 0, 418]
[0, 8191, 4641, 62, 735, 12, 569, 71, 2694, 9487, 7262, 16009, 12, 5523, 14059, 411, 57240, 48852, 3, 90]
[0, 7840, 5138, 71, 1236, 97, 422, 112, 1529, 9789, 6698, 18105, 10, 4917, 15288, 323, 49418, 56862, 0, 467]
[1, 8366, 5023, 130, 232, 39, 524, 162, 1793, 9069, 7722, 15161, 8, 5058, 13268, 351, 60339, 57671, 0, 411]
[0, 5623, 5567, 271, 370, 43, 372, 248, 2295, 9735, 7332, 16152, 11, 7086, 14490, 690, 52001, 57415, 0, 325]
[0, 8296, 4875, 185, 553, 14, 484, 0, 2489, 9366, 7397, 16948, 1, 5437, 16280, 659, 53885, 59324, 0, 662]
[0, 6184, 3939, 181, 325, 82, 222, 109, 2343, 8049, 6725, 16354, 3, 6659, 14808, 425, 55236, 45727, 0, 379]
[0, 7525, 5814, 85, 159, 68, 539, 125, 1949, 9583, 6656, 15704, 7, 5336, 14484, 432, 54772, 53359, 0, 595]
[0, 7108, 4184, 413, 695, 43, 588, 117, 2264, 8326, 7400, 17641, 4, 4865, 14451, 439, 60116, 54454, 0, 357]
[0, 6716, 6211, 264, 458, 17, 645, 184, 3070, 9705, 7007, 17764, 15, 4234, 15301, 381, 50700, 49273, 0, 550]
[1, 8479, 5172, 118, 608, 50, 443, 80, 1983, 8625, 8847, 18125, 2, 5471, 12374, 459, 70658, 50989, 5, 435]
[0, 7178, 5196, 251, 527, 36, 488, 181, 1441, 9061, 6963, 16497, 7, 5673, 16893, 785, 59734, 49431, 0, 782]
[1, 9462, 4927, 78, 366, 47, 679, 3, 3034, 10137, 7685, 15563, 6, 5763, 15076, 265, 59299, 55080, 0, 760]
[0, 6900, 4943, 157, 193, 25, 506, 23, 2319, 9825, 6651, 17415, 4, 6456, 15785, 448, 52862, 48740, 0, 451]
[0, 6986, 4815, 110, 182, 36, 671, 93, 3106, 9800, 7123, 18151, 9, 5012, 13836, 452, 58831, 49234, 0, 771]
[0, 7687, 4880, 138, 479, 3, 654, 28, 3035, 9613, 7547, 16669, 5, 5345, 13691, 379, 59033, 54968, 0, 468]
[0, 7243, 6076, 206, 806, 86, 417, 213, 3476, 10323, 6794, 16347, 5, 5312, 15456, 336, 56098, 55020, 0, 222]
[0, 7872, 6624, 195, 64, 10, 498, 138, 1962, 8621, 7181, 16679, 4, 5449, 14848, 433, 54014, 56035, 0, 515]
[0, 7590, 5589, 271, 653, 38, 437, 26, 2236, 9226, 7806, 17466, 11, 5413, 15372, 459, 60238, 55123, 2, 450]
[2, 7753, 5450, 81, 284, 18, 412, 29, 2020, 10261, 6759, 17898, 7, 4924, 14553, 297, 66844, 55057, 0, 579]
[1, 7114, 4950, 251, 351, 44, 432, 197, 2263, 9072, 7472, 17837, 5, 4671, 14352, 483, 54594, 57650, 0, 551]
[0, 8059, 6383, 102, 254, 65, 469, 28, 1943, 10005, 6783, 16124, 6, 5372, 13911, 665, 52747, 51346, 0, 292]
[4, 6986, 5485, 160, 558, 132, 416, 25, 1839, 9446, 6899, 17085, 8, 5927, 15906, 242, 54838, 45857, 0, 806]
[0, 7593, 5150, 82, 864, 13, 247, 5, 2319, 8693, 7135, 17636, 5, 5545, 16211, 335, 59941, 47107, 0, 710]
[0, 6928, 4645, 159, 641, 21, 317, 106, 4038, 9743, 6510, 17404, 4, 6485, 14229, 379, 53524, 50948, 3, 208]
[3, 6681, 5922, 139, 362, 64, 723, 69, 2721, 9351, 6595, 17011, 6, 5413, 15191, 447, 53394, 46727, 8, 689]
