193174
191781
196624
196311
192744
202059
186293
198499
190584
202467
185152
185075
188047
195834
198954
196077
179970
195300
204344
191560
194946
183965
203347
191319
194723
201733
196630
197005
190585
203021
192260
194010
202032
190017
191414
202363
190176
205694
199065
202531
193572
201518
201748
206453
193259
184243
196405
187472
193120
193347
200404
198198
195679
202658
198387
184762
190738
193624
196399
205182
190001
202151
201575
189050
196911
206012
193178
198859
203025
198680
192331
201871
194987
193375
201649
190590
200383
188332
203120
198702
202784
188554
188730
207287
192074
200814
197245
200082
198554
201450
200703
201239
195473
208566
206256
192454
198206
202217
201580
189806
