203439
189232
202875
202118
190040
195656
199294
199620
206286
195561
200262
199399
193765
200946
198380
194388
203300
198948
199991
195186
192544
193236
196956
209333
202886
198845
196035
210687
194747
189326
203045
196612
194702
192851
203258
193189
211451
201862
200343
195262
195235
193415
184681
200310
201921
198272
195428
192208
198815
197965
193335
205835
186443
195771
195168
199413
191015
195086
195041
199215
200119
190734
205201
197578
187917
194548
204736
198739
187481
194599
196994
195834
191004
192195
200683
193095
194631
202475
194085
200590
189884
194383
201297
189555
206492
197273
200661
191751
193066
198201
197476
197270
204386
207002
197413
190103
187160
193749
188074
186897
