202098
193728
188516
212614
196297
206347
191930
201927
194875
175026
197183
193040
189653
207138
196399
200915
189777
186924
200483
198383
192203
202221
191786
196708
190810
202004
195552
192746
203304
197652
188343
195769
198863
193502
201935
191145
196777
208228
199161
194403
198877
195447
193581
203596
195553
199394
194233
200791
204058
200370
195279
190334
195677
202830
202407
192948
200541
209314
196959
204373
208973
190528
196522
188405
190872
201774
202281
187003
201110
207514
200953
196194
191717
195331
198833
195645
205028
201629
208425
189671
202905
200627
202392
206100
191863
206441
190066
192367
186072
208313
192834
190170
205640
190454
211922
199629
207501
196955
196115
204942
