198998
196688
192870
198409
195724
198015
190815
189751
199963
193104
192892
198424
191815
190398
189399
194603
191288
196433
197720
190027
202391
193910
203439
190341
189867
197643
193082
197595
195522
200211
191074
189165
193453
201728
195227
188306
190957
198209
201980
195625
189167
200486
190318
206246
189740
189580
203252
196023
202119
194111
194915
190673
203263
201112
204524
196987
201303
204281
188454
193606
184381
192072
188541
193007
195541
191454
203940
193529
198537
198040
190341
184187
191954
196942
194330
197531
197848
186593
194392
188676
205324
190704
188422
197485
196292
193887
188321
194111
197707
193297
187809
191823
193750
192143
191752
188149
198713
194868
195996
193114
