154021
154071
154055
154359
154060
154054
154091
154186
154448
154355
154202
154040
154283
154033
154185
154087
154155
154062
154050
154054
154103
154123
154293
154077
154040
154805
154035
154379
154069
154041
158089
154122
154150
154113
154057
154421
154139
154155
154201
154100
154724
154053
154081
154155
154081
154071
154107
154091
154124
155119
154083
154296
154742
154277
154011
154071
154053
154068
154047
154119
154338
154247
154059
154083
154267
154034
154197
154159
154089
154154
154042
154107
154057
154093
154155
154060
154040
154122
154138
154083
154057
154059
154704
154129
154185
154035
154025
154102
154261
154105
154237
154059
154942
154115
154098
154107
154089
154069
154153
154115
