153883
153883
153883
153883
153883
153883
153883
153883
153883
153883
153883
153883
153883
153883
153883
153883
153883
153883
153883
153883
153883
153883
153889
153883
153883
153883
153883
153883
153883
153883
153883
153883
153883
153885
153883
153883
153883
153895
153883
153883
153883
153883
153883
153883
153883
153883
153912
153883
153883
153883
153883
153883
153883
153883
153883
153883
153883
153883
153883
153883
153883
153884
153883
153883
153883
153883
153883
153883
153883
153883
153883
153883
153883
153883
153883
153883
153883
153883
153883
153883
153883
153883
153883
153883
153883
153883
153883
153883
153883
153883
153883
153883
153883
153883
153883
153883
154002
153883
153883
153883
