144872
146482
144454
146461
144922
144687
145182
145654
145108
146238
146210
146021
144980
144721
144702
145155
146593
145718
145606
145184
145575
145517
146371
144987
146502
146157
144025
145910
144786
145211
146393
145868
145965
144750
146287
144459
145152
145848
145273
145832
145111
144929
145531
145501
146049
145344
144690
145745
145854
145330
146321
145606
145459
145725
144962
145583
146081
145719
145988
145359
145678
143749
144558
146030
145388
145180
146639
144294
145532
143421
144705
145094
145531
145765
144773
146620
146019
145973
146555
145778
145887
145252
144594
146042
144623
145713
145983
146596
145055
146324
146738
146125
145024
145879
144878
145773
144721
146473
145192
146831
