216812
202472
212540
211611
202836
208994
204513
205877
200873
196136
212760
204938
212097
206651
196752
202708
197852
200062
198401
202908
205203
205067
208625
201439
200562
203977
203898
202956
203246
202562
193257
205504
201176
196968
207279
200432
199647
198649
201491
204364
193541
198432
200264
206232
200467
202592
204130
207138
205758
210581
198414
208237
203494
204480
205884
200849
201811
206062
214887
205893
210453
208729
201863
195700
196541
212385
214945
204820
202917
195539
199385
198401
204928
189930
205177
204508
205399
201452
202290
198886
205612
195917
207649
201828
201817
212874
195722
197178
201302
209213
202647
209786
205588
198691
205732
205683
203564
194020
204850
203291
