200418
202812
204581
200390
204880
205455
205076
197282
212026
209424
204749
210082
207903
196876
203143
204349
205225
200418
201206
201360
206653
207906
191651
210728
197503
206300
200203
196537
207131
208090
207406
206709
203356
199681
198695
209958
205588
202845
196686
193961
201525
200327
197978
208917
203623
207299
199942
204819
201599
210407
205243
212904
206267
201021
197166
199119
202581
198389
206712
209248
207510
204619
202379
196030
204328
207915
212142
197998
200876
195761
201615
208257
205769
201802
207207
208265
194678
196637
205226
195936
203812
205051
207227
196694
203434
201889
198259
201861
200005
203927
195108
198344
195090
203284
203730
215808
207362
206504
199339
195168
