216550
207006
208335
208244
199591
202139
200371
211415
196453
201295
202131
200267
211536
196419
214477
206241
194952
207654
204607
204650
203488
213293
200774
202749
201444
213099
202988
210071
201520
203417
204883
205780
213617
200856
202605
203859
209471
198218
211650
195171
198682
216067
208196
200562
196943
205477
206381
217483
195154
195082
200048
201736
218784
212457
201941
202593
202831
210177
206714
204252
200892
205554
212479
204778
209395
205828
201275
208303
206211
202005
203664
202479
201843
205933
205599
205960
207554
205603
209040
197191
204323
200675
202930
206638
204920
208381
210862
209761
206915
208697
210373
214777
203839
201286
195362
207866
200214
209779
203497
205888
