198058
194455
204651
192708
199633
195857
200954
188818
189772
200986
190659
188887
198156
196747
194924
193717
193485
197672
196010
196404
193556
203664
194779
193640
187121
191417
199104
208950
192301
199942
203595
198827
204869
193177
204200
189537
190446
197247
198388
201162
192235
195504
198398
198393
208255
196305
207066
195490
195317
190312
202316
199292
198400
200286
200187
196469
198365
186976
203289
189416
194804
194828
189735
194544
196439
187652
193875
199094
205360
192710
195071
191746
197097
193044
195577
199823
191386
195620
193206
196911
198953
198419
196783
194531
195706
194095
197329
200977
194208
201849
205787
190659
191201
196629
197575
186650
198455
198235
194575
204332
