[120552, 103725, 100999, 98844, 133948, 109793, 91945, 102868, 122318, 84448, 95810, 76518, 87049, 89580, 77408, 78817, 23032, 0, 0, 0]
[111814, 95798, 92215, 88769, 124439, 101326, 83887, 94251, 112832, 74255, 85686, 67088, 76990, 79878, 67222, 69556, 19713, 19, 0, 0]
[120527, 105223, 103738, 99721, 134104, 110673, 91569, 102414, 121070, 84185, 95162, 75614, 85906, 87843, 75112, 77729, 16266, 0, 0, 0]
[116411, 100723, 98462, 95297, 130339, 107054, 88787, 99070, 117230, 80342, 91302, 73401, 82526, 83321, 70313, 71506, 18338, 22, 41, 0]
[135505, 119780, 117095, 113981, 148387, 125640, 107131, 117388, 135304, 98598, 111309, 92252, 102007, 103808, 89641, 91506, 29603, 0, 0, 0]
[128497, 113473, 109415, 106540, 141424, 118160, 99749, 110025, 128082, 91067, 102666, 83967, 92574, 94018, 82113, 83946, 22789, 0, 0, 0]
[120673, 104388, 101079, 97620, 132390, 109111, 91737, 102189, 120309, 84024, 95563, 76935, 86711, 87966, 74191, 76785, 23024, 0, 0, 0]
[129023, 112626, 110049, 107438, 140730, 117089, 100118, 110245, 129379, 93819, 104841, 84473, 94077, 94107, 80938, 83663, 18716, 32, 41, 0]
[125779, 107284, 103414, 101051, 134866, 112167, 94638, 104835, 123456, 87333, 99199, 81059, 90609, 92250, 77983, 79991, 25167, 150, 442, 0]
[119430, 102463, 99237, 97302, 130452, 107836, 90362, 100628, 118841, 81795, 94483, 76214, 85029, 86568, 73118, 75304, 23406, 0, 0, 0]
[116545, 99833, 96543, 93573, 128653, 105536, 87616, 97943, 118215, 80351, 91437, 72490, 81982, 84199, 73254, 74949, 22271, 0, 0, 0]
[120423, 104063, 100057, 97506, 132013, 109377, 91224, 101732, 119854, 84645, 95011, 77512, 87109, 89976, 75149, 77180, 20801, 0, 27, 0]
[119900, 102614, 99381, 96862, 130316, 107820, 90331, 100935, 119265, 82678, 95142, 76601, 86419, 86839, 75088, 76098, 24314, 0, 0, 0]
[117381, 101522, 98400, 94663, 129854, 107109, 89481, 99413, 116525, 79487, 90138, 73555, 82818, 82832, 71233, 74003, 20956, 0, 0, 0]
[114838, 98782, 95095, 92109, 127082, 104339, 85795, 96324, 115808, 78350, 88382, 70943, 79610, 79533, 66581, 68887, 17854, 0, 0, 0]
[117121, 101040, 98564, 94778, 130561, 107503, 89036, 99467, 118619, 80988, 92555, 73873, 82361, 82838, 68565, 70432, 21957, 49, 33, 0]
[116399, 97931, 94789, 92163, 126361, 103326, 86728, 97413, 115167, 79236, 89359, 71918, 80829, 80220, 68263, 71617, 18325, 30, 27, 0]
[113432, 97123, 93237, 90702, 124781, 102467, 84692, 95080, 111687, 74096, 87307, 67147, 76327, 77013, 64627, 66336, 23320, 0, 0, 0]
[117452, 100101, 96596, 93746, 127506, 104282, 87210, 97240, 114709, 77804, 88382, 71488, 80695, 79510, 68082, 70286, 19660, 19, 1, 0]
[120165, 103231, 100282, 97519, 131978, 108887, 90889, 100988, 117996, 81532, 93386, 74279, 83023, 83912, 72082, 73518, 21881, 47, 28, 0]
[121831, 105958, 102085, 98616, 133970, 111328, 92982, 103238, 123454, 85478, 97307, 77642, 87656, 88174, 75469, 77662, 27685, 53, 31, 0]
[120912, 104835, 101098, 98336, 133647, 110994, 92909, 103730, 123730, 86446, 98746, 77282, 86814, 87605, 76161, 78835, 28716, 13, 52, 0]
[120847, 103734, 101415, 99549, 133354, 110545, 92195, 102343, 119689, 83958, 95407, 77268, 86594, 88610, 77608, 79218, 22792, 0, 0, 0]
[121500, 104330, 101086, 98515, 133142, 109768, 92729, 103036, 120118, 82834, 93619, 75626, 85636, 85791, 74038, 75875, 19231, 0, 0, 0]
[117669, 102021, 99353, 96865, 130750, 107939, 89011, 99252, 118240, 81569, 93686, 75413, 84975, 86685, 71570, 73297, 20062, 0, 0, 0]
[118424, 101604, 97675, 94236, 129617, 106974, 88328, 98629, 116580, 79935, 90648, 73950, 83778, 84345, 72678, 74820, 18164, 19, 0, 0]
[120235, 105504, 101819, 98797, 133928, 110682, 92698, 103037, 121348, 84046, 94080, 74717, 82872, 82764, 71303, 73504, 18647, 48, 41, 0]
[119801, 104373, 100852, 97994, 131405, 107538, 90480, 100831, 119847, 83200, 93796, 74861, 82695, 83554, 71421, 73487, 19472, 0, 12, 0]
[115593, 98409, 96294, 92948, 127288, 103888, 86517, 96794, 115232, 78738, 90142, 70065, 79200, 80797, 69840, 71595, 21436, 0, 0, 0]
[123052, 105398, 101821, 100243, 134150, 111050, 93962, 103962, 119641, 84171, 96907, 77661, 85972, 87607, 75173, 77305, 23756, 0, 71, 0]
[117685, 101473, 98588, 95535, 128534, 105879, 87840, 97981, 116764, 80247, 90805, 72391, 81261, 81453, 70644, 72284, 24504, 0, 0, 0]
[126160, 108952, 106675, 103998, 137915, 116221, 97272, 108102, 125107, 88640, 98975, 81192, 91419, 92128, 80934, 83282, 25373, 34, 190, 0]
[113108, 96096, 93161, 90652, 124775, 101386, 84060, 94612, 113322, 76435, 87998, 71653, 81321, 83471, 66502, 68134, 20528, 10, 0, 0]
[118647, 102267, 99282, 97033, 130734, 108156, 90345, 100600, 118528, 82436, 93173, 74840, 84678, 85725, 73422, 75339, 16712, 30, 21, 0]
[122139, 106343, 103616, 100453, 136156, 113302, 94331, 104804, 124535, 86081, 97606, 78897, 87969, 87713, 77216, 79329, 19040, 0, 0, 0]
[119496, 103516, 100702, 97099, 133033, 108890, 91206, 101708, 121000, 82875, 93647, 74774, 84373, 84747, 73285, 75535, 23978, 0, 0, 0]
[113811, 95849, 92873, 91717, 124722, 102921, 85779, 96165, 114131, 77014, 88591, 71474, 80015, 80431, 65480, 67990, 15437, 52, 39, 0]
[118677, 102551, 98492, 96730, 130732, 107979, 90206, 100450, 118748, 82198, 92318, 74374, 84310, 85573, 70851, 72918, 25718, 0, 0, 0]
[117033, 101806, 98887, 96308, 131014, 106870, 89695, 100592, 119440, 80587, 91521, 74175, 83540, 85733, 74214, 76098, 22600, 0, 12, 0]
[119118, 102732, 99855, 96012, 130269, 107988, 89538, 100336, 119234, 81904, 92300, 74069, 84777, 87416, 74063, 75432, 18050, 0, 0, 0]
[119521, 102194, 96899, 95242, 131352, 109116, 91000, 101915, 120507, 82776, 92740, 76213, 85979, 87521, 75114, 77115, 18178, 0, 0, 0]
[117462, 100756, 99204, 95727, 131183, 107873, 88933, 99150, 118087, 80462, 92364, 74223, 83807, 85226, 70944, 72872, 22534, 0, 0, 0]
[123762, 107292, 103391, 101272, 134649, 112369, 94063, 104458, 122375, 84688, 98192, 79123, 87350, 87906, 74084, 75689, 20171, 30, 24, 0]
[122585, 105619, 102554, 99669, 135270, 111378, 94294, 104432, 124398, 86356, 98355, 81124, 91904, 95031, 78741, 79743, 25138, 0, 0, 0]
[121939, 104616, 101667, 99027, 133129, 111011, 93614, 103621, 122615, 86713, 98274, 78695, 87683, 89908, 74685, 76057, 19242, 1, 0, 0]
[118255, 101902, 98401, 96174, 130873, 108014, 90525, 100983, 120219, 82395, 93341, 73785, 82909, 83127, 73009, 76434, 23232, 0, 0, 0]
[118505, 101380, 98735, 95881, 130446, 106133, 90077, 100122, 118247, 81520, 93058, 74297, 83913, 85492, 73151, 75324, 23600, 0, 0, 0]
[117738, 100303, 98724, 95742, 130037, 107065, 88647, 98810, 116455, 79633, 92056, 72114, 82593, 84059, 70274, 71563, 20051, 6, 0, 0]
[118419, 102381, 99781, 96212, 130917, 106018, 89011, 99292, 117396, 80240, 93850, 74030, 84715, 85248, 71536, 73371, 21673, 37, 139, 0]
[122373, 106008, 102274, 100344, 135020, 112480, 93884, 104286, 122830, 86381, 96860, 77152, 85830, 84581, 74091, 76467, 24392, 13, 2, 0]
[108445, 91967, 87701, 85775, 118873, 97642, 79621, 90182, 109490, 72063, 83667, 65652, 75518, 78987, 64459, 65614, 22193, 0, 0, 0]
[119122, 101915, 99154, 97289, 131080, 107588, 89576, 99817, 117650, 80869, 91962, 74324, 83386, 84797, 71565, 73421, 26588, 0, 0, 0]
[121420, 103523, 100371, 98212, 131912, 109298, 91900, 102317, 121670, 82891, 96490, 76062, 86072, 87190, 73796, 76082, 22125, 6, 0, 0]
[118839, 102658, 99031, 96130, 130091, 107527, 90238, 100551, 120250, 83936, 94463, 75840, 85022, 86563, 73393, 75362, 27340, 0, 0, 0]
[106020, 90894, 88190, 85540, 120040, 96648, 78554, 88779, 107378, 71095, 82491, 63278, 72396, 73769, 61889, 63585, 16903, 0, 0, 0]
[112691, 96497, 93887, 90568, 125190, 102577, 84507, 94742, 113846, 76272, 88140, 67833, 78598, 80110, 67120, 69713, 23851, 0, 0, 0]
[118464, 101540, 98573, 95308, 129759, 107797, 89706, 100371, 118839, 81693, 91668, 72370, 81460, 82413, 69657, 71925, 17752, 47, 25, 0]
[114569, 98259, 95833, 93300, 128133, 104513, 85916, 96304, 115000, 79238, 91000, 71998, 82585, 85464, 70882, 72312, 18990, 10, 0, 0]
[120113, 103763, 101081, 98941, 132356, 108947, 91868, 102150, 119207, 82461, 92469, 73645, 82502, 83865, 73097, 75924, 22934, 0, 0, 0]
[112919, 97450, 95080, 91139, 128463, 103862, 85101, 95475, 115171, 76755, 88123, 69207, 78277, 79422, 67437, 69814, 18331, 0, 0, 0]
[125061, 108474, 104749, 102236, 136148, 113307, 96328, 106681, 125037, 88673, 99689, 81974, 93266, 95521, 80067, 81124, 22186, 6, 0, 0]
[118926, 103176, 100027, 97891, 132291, 109592, 91073, 101305, 120820, 83056, 94941, 76037, 84818, 85479, 72677, 74520, 23191, 0, 0, 0]
[118236, 101687, 98180, 94693, 127192, 104740, 87187, 97809, 116579, 80228, 92315, 74053, 83564, 83849, 71528, 72942, 18818, 7, 0, 0]
[120553, 103246, 99532, 97552, 132551, 110128, 92580, 102952, 121583, 84720, 97298, 76614, 86329, 88125, 74662, 77031, 19027, 0, 0, 0]
[121023, 104307, 101707, 99217, 132488, 110293, 91914, 102280, 120412, 83241, 94818, 76736, 85539, 86305, 74132, 76285, 22269, 0, 0, 0]
[119027, 102375, 99579, 96228, 131083, 107573, 89767, 99989, 117162, 80522, 91373, 73507, 82018, 83159, 68880, 70590, 23787, 0, 0, 0]
[118564, 103048, 100364, 98403, 132706, 108373, 90581, 100797, 118417, 81892, 93310, 74115, 83407, 84191, 70793, 73068, 22703, 0, 0, 0]
[113819, 97077, 93644, 92285, 124908, 102174, 84077, 94205, 112024, 76551, 88201, 68950, 76590, 78482, 66905, 68974, 19002, 7, 0, 0]
[115832, 99528, 97803, 93834, 130353, 106043, 88470, 98824, 118005, 79893, 90982, 72788, 83395, 84973, 72267, 73598, 22951, 0, 43, 0]
[128628, 111747, 108973, 105208, 139446, 116260, 99115, 109138, 128124, 92321, 104359, 83689, 92924, 94637, 82216, 83350, 16007, 0, 0, 0]
[118499, 101596, 100027, 98176, 134380, 111496, 91940, 102320, 121802, 82173, 93478, 75872, 85499, 86874, 74804, 76681, 21185, 0, 0, 0]
[119437, 102834, 99797, 97894, 131347, 107703, 89702, 100020, 118407, 81863, 92741, 74547, 83285, 83489, 71562, 73313, 17611, 13, 11, 0]
[121763, 104893, 102277, 99625, 135453, 111589, 93419, 103622, 121858, 85223, 95684, 78822, 87187, 87774, 76245, 78626, 24980, 12, 31, 0]
[118175, 101426, 98068, 95204, 130115, 107329, 89888, 100322, 118247, 81342, 92222, 72938, 81634, 81866, 68320, 69350, 21665, 0, 0, 0]
[117271, 100734, 97797, 95260, 130036, 106707, 88614, 98997, 117045, 79370, 91296, 73797, 84813, 87443, 71983, 72490, 20339, 0, 0, 0]
[110356, 94588, 91079, 89270, 122476, 100337, 81430, 91863, 109839, 72331, 83526, 64930, 74229, 76066, 63246, 66543, 17025, 0, 0, 0]
[117826, 101041, 98911, 96388, 130656, 108246, 89583, 100339, 119000, 82091, 94717, 76112, 86629, 89534, 75370, 76350, 17536, 30, 21, 0]
[124965, 108299, 104848, 101950, 135741, 114167, 95363, 105533, 121282, 84494, 97640, 79007, 87764, 88370, 73686, 76154, 18432, 30, 107, 0]
[119016, 102235, 100345, 97582, 132039, 108591, 91246, 101450, 119680, 83094, 95417, 75064, 84326, 86863, 73195, 75996, 19410, 0, 0, 0]
[120223, 102482, 98710, 97103, 130365, 108133, 90470, 100483, 117932, 83136, 92940, 75869, 85364, 88294, 73608, 74906, 27050, 57, 47, 0]
[131740, 115016, 111522, 109295, 143694, 121466, 102644, 113404, 131780, 93045, 105648, 85673, 94739, 94934, 79780, 81946, 21251, 0, 0, 0]
[126573, 110521, 106994, 103800, 137285, 114941, 97026, 106993, 124013, 88563, 100465, 80483, 88329, 89963, 74604, 76115, 23097, 0, 0, 0]
[120616, 104510, 101809, 98932, 135063, 110121, 92471, 103051, 121535, 83942, 96805, 76648, 85742, 87626, 74292, 76172, 16813, 52, 42, 0]
[119004, 102356, 98159, 94872, 129354, 107471, 90062, 100563, 119401, 83346, 94331, 75754, 85641, 88037, 76791, 79010, 29529, 0, 0, 0]
[115418, 98853, 95859, 94578, 128895, 105686, 87144, 97437, 116087, 76703, 89516, 70865, 81953, 83427, 69786, 71342, 18796, 50, 31, 0]
[125962, 109396, 107202, 104297, 139061, 115219, 97925, 108487, 125443, 88447, 98586, 81131, 90148, 90496, 79612, 81546, 18905, 0, 0, 0]
[114862, 98154, 94974, 92258, 126372, 104149, 85806, 95675, 113456, 77009, 89267, 69147, 77733, 78139, 66980, 69118, 12875, 25, 42, 0]
[120567, 104949, 99843, 98147, 133602, 110181, 92178, 102473, 119879, 82523, 94478, 75740, 85562, 86848, 73621, 74111, 24296, 0, 0, 0]
[120589, 103300, 99260, 97412, 129669, 107397, 89818, 99895, 118759, 81344, 93729, 75292, 84685, 85123, 71275, 73195, 16221, 0, 0, 0]
[111316, 95644, 92712, 90569, 124626, 100835, 82931, 93144, 110976, 74861, 86825, 67154, 77165, 79165, 67976, 69986, 21342, 19, 31, 0]
[122272, 104943, 101825, 99052, 134590, 110814, 93659, 103897, 122668, 85690, 95970, 76513, 85480, 85744, 72484, 75152, 20697, 0, 0, 0]
[119219, 103226, 100254, 96003, 131144, 108772, 90529, 100521, 117231, 81825, 92644, 75520, 83449, 82500, 71561, 74209, 17944, 26, 136, 0]
[117733, 101884, 98290, 95567, 132372, 107673, 90031, 100103, 117797, 79933, 89869, 72542, 80775, 82669, 69192, 72047, 25392, 0, 0, 0]
[117801, 101034, 98801, 96506, 130830, 106844, 89121, 99206, 117687, 81693, 92620, 74204, 84087, 84874, 71730, 73256, 17147, 10, 135, 0]
[121770, 105933, 101677, 98765, 133227, 110703, 92652, 103188, 122767, 85753, 97395, 78520, 88420, 90891, 75231, 76517, 17469, 30, 24, 0]
[118462, 102417, 99153, 95927, 129644, 107167, 89596, 100075, 118278, 81968, 93412, 74328, 83584, 83866, 69277, 72026, 19296, 0, 0, 0]
[117354, 101290, 99348, 96140, 130466, 107337, 89158, 99454, 117578, 80823, 91725, 74084, 83385, 84575, 73655, 75407, 20667, 0, 0, 0]
[110943, 95720, 92302, 89838, 124996, 100719, 82962, 93883, 113699, 74986, 86804, 67961, 77681, 79105, 65646, 67577, 20903, 0, 0, 0]
[109471, 94323, 90859, 87766, 122678, 99958, 81980, 92244, 110111, 73415, 83671, 64796, 74214, 75088, 63447, 65996, 18048, 0, 48, 0]
[118972, 103664, 100122, 96177, 131956, 109331, 91609, 102225, 120826, 82771, 94207, 75152, 84564, 85285, 70823, 72407, 23387, 0, 0, 0]
