198446
189226
198652
194435
213639
206148
199105
206978
203582
197437
194342
198609
197598
195474
192234
195028
194336
191316
194999
197610
199852
199080
198837
199430
196035
196167
197920
197551
193360
200794
195712
203937
191233
196385
199861
197598
192411
196352
194896
196921
198163
195445
201408
200107
200129
196787
196804
195722
196287
200382
186474
197124
199401
196521
183901
190665
196481
193003
197843
191669
203283
197009
196271
199279
199407
196609
196911
191482
193543
206424
196967
197162
199749
196678
195172
187804
195945
202204
197505
198007
210086
204170
198906
196678
193353
203776
192680
198593
198088
189522
199930
196638
196063
196108
200006
196031
195599
189201
187539
197465
