195125
194624
204650
199981
197198
197470
195669
185480
189105
185166
197161
196281
195496
193073
190886
197356
193687
197536
195840
196344
191288
196215
188096
193502
189713
193103
196318
200338
192202
193777
193759
198230
189387
196905
187383
193930
196093
191668
188518
187745
205220
194680
195836
187907
193456
193453
198576
189558
198916
195967
196290
188785
197176
201117
197864
187678
193293
195838
196517
194070
188719
191216
197249
193475
196225
195448
194455
197781
202946
193252
185187
200118
198775
194097
193013
203032
188195
192892
186356
193407
195715
193528
190861
188474
191369
191690
188817
195158
196365
195716
193613
195905
200529
202990
190327
203708
191282
199591
198861
192327
