200036
193899
190533
194980
195636
194888
200079
192073
187625
200552
191356
199152
193672
197567
193290
196921
196216
199842
194934
199850
193446
195422
190296
194539
193540
192919
190291
193560
191102
196733
195703
201595
197788
192188
190492
198985
199398
193191
189787
195903
192854
196153
197455
191037
196123
196399
192460
188670
194023
199687
195751
198560
193024
192945
197978
194122
194519
199618
199230
193404
193890
192824
196294
194350
198662
195732
187416
197246
197281
191579
188865
192911
197994
195870
192906
196491
191880
201744
192981
193187
198016
199703
190249
195919
195006
193612
190453
204107
190658
195583
190541
191806
192033
185905
194751
195553
194357
200124
192797
186858
