198343
187801
193930
197439
193483
200263
188054
200469
194047
195273
196195
194387
198174
203647
198007
190359
197590
203459
190204
184927
195769
195008
193019
189693
192166
197563
189616
188785
192339
188230
190049
198159
194447
191807
199373
186719
195507
191443
201860
200552
202025
199536
195939
199595
199118
197786
193211
195365
190583
192256
199563
198370
190071
195490
191011
193696
190003
203558
193914
200978
195657
194391
197890
190104
189723
198736
188154
207177
194199
196428
186194
191526
201724
200743
186898
193848
196822
209726
190887
192055
193494
196235
200239
191481
198345
189793
186879
198442
197157
198474
191350
200637
194410
194863
199109
195479
196582
194556
194966
200995
