[0, 719, 635, 7, 18, 0, 23, 0, 68, 807, 567, 1847, 1, 468, 1789, 33, 6098, 4433, 0, 17]
[0, 1163, 452, 0, 75, 0, 0, 129, 74, 628, 512, 1407, 1, 303, 1783, 107, 6878, 4850, 5, 44]
[0, 410, 971, 0, 0, 0, 33, 15, 378, 900, 596, 1823, 0, 417, 1660, 12, 5145, 4756, 0, 64]
[0, 982, 509, 11, 3, 0, 186, 0, 160, 877, 689, 1760, 0, 466, 1720, 0, 4494, 4577, 3, 45]
[0, 754, 578, 0, 65, 46, 92, 5, 140, 832, 635, 1868, 0, 527, 1166, 0, 4747, 7220, 0, 112]
[0, 628, 453, 24, 192, 0, 101, 0, 41, 859, 611, 1695, 0, 589, 2244, 16, 2925, 5112, 0, 52]
[0, 813, 203, 0, 133, 0, 0, 62, 51, 629, 1300, 1717, 0, 486, 1847, 74, 6228, 4388, 0, 21]
[0, 539, 835, 0, 110, 0, 29, 0, 30, 715, 711, 1341, 0, 645, 1858, 51, 6709, 4861, 0, 14]
[0, 1072, 986, 0, 0, 6, 5, 0, 106, 547, 634, 1430, 0, 348, 1878, 38, 7633, 5805, 0, 5]
[0, 351, 392, 0, 70, 0, 34, 0, 68, 1044, 1196, 1998, 1, 686, 1427, 73, 5049, 4120, 0, 34]
[0, 673, 582, 0, 0, 0, 69, 0, 153, 912, 505, 1774, 0, 702, 1195, 0, 3645, 4246, 0, 0]
[0, 376, 911, 19, 350, 0, 137, 1, 391, 1046, 1059, 1411, 2, 401, 1669, 0, 6401, 5455, 0, 10]
[0, 665, 668, 18, 157, 0, 53, 0, 271, 1381, 768, 1788, 0, 487, 1497, 32, 8502, 5358, 0, 3]
[0, 763, 1041, 0, 36, 0, 99, 0, 245, 849, 483, 1665, 0, 579, 1034, 56, 5241, 4348, 0, 29]
[0, 771, 621, 0, 6, 0, 20, 0, 459, 1086, 1069, 1509, 0, 679, 1470, 63, 4868, 6119, 0, 31]
[0, 459, 382, 0, 75, 0, 4, 0, 120, 763, 607, 1573, 0, 643, 1292, 38, 6547, 5207, 0, 8]
[0, 495, 936, 0, 211, 0, 54, 0, 427, 928, 551, 1355, 0, 440, 2118, 25, 6212, 3990, 0, 4]
[0, 638, 543, 44, 16, 0, 0, 0, 243, 819, 439, 2017, 1, 540, 1511, 95, 3919, 5022, 0, 59]
[1, 667, 469, 21, 10, 0, 0, 0, 126, 884, 612, 1902, 0, 797, 851, 53, 5702, 5880, 0, 32]
[0, 322, 425, 0, 30, 0, 12, 0, 712, 1013, 895, 1973, 0, 515, 975, 115, 6345, 6130, 0, 281]
[0, 709, 584, 52, 195, 40, 51, 0, 134, 1170, 597, 1586, 1, 492, 1616, 26, 4849, 4739, 0, 37]
[0, 1458, 500, 0, 57, 42, 28, 0, 530, 867, 776, 1931, 1, 951, 1050, 21, 6030, 4735, 1, 14]
[0, 432, 730, 0, 0, 0, 0, 0, 8, 864, 808, 1369, 0, 306, 1786, 2, 5367, 2838, 0, 113]
[0, 748, 339, 0, 62, 0, 0, 0, 27, 959, 663, 1497, 1, 562, 1753, 34, 3897, 5153, 0, 0]
[0, 822, 485, 12, 3, 0, 29, 0, 95, 596, 811, 1604, 0, 854, 1264, 44, 4631, 5929, 0, 33]
[0, 762, 321, 0, 0, 5, 110, 0, 183, 1056, 555, 1330, 0, 577, 799, 27, 8495, 4254, 0, 84]
[0, 769, 703, 0, 0, 0, 32, 2, 10, 362, 556, 1968, 3, 516, 881, 0, 4778, 6766, 0, 51]
[0, 457, 585, 0, 64, 0, 49, 0, 204, 746, 677, 1732, 0, 359, 1664, 64, 5045, 5668, 0, 0]
[0, 265, 1146, 16, 0, 1, 13, 37, 576, 748, 429, 1844, 0, 678, 2106, 12, 6393, 5245, 0, 15]
[0, 811, 908, 0, 110, 0, 17, 0, 283, 708, 729, 1886, 0, 419, 1211, 13, 3927, 5283, 0, 0]
[0, 580, 692, 20, 0, 0, 93, 0, 132, 1061, 667, 2320, 0, 527, 1204, 49, 4831, 5126, 0, 52]
[0, 765, 441, 0, 15, 0, 112, 0, 61, 1058, 463, 1566, 0, 663, 1922, 94, 7771, 4128, 0, 0]
[0, 590, 659, 0, 0, 0, 4, 0, 668, 1135, 691, 1774, 0, 412, 1163, 34, 7079, 4335, 0, 16]
[0, 631, 394, 0, 14, 0, 6, 1, 205, 870, 914, 1783, 0, 618, 1103, 16, 6635, 6358, 0, 93]
[0, 847, 1190, 0, 15, 0, 0, 0, 36, 835, 763, 1254, 1, 617, 1234, 74, 9062, 5723, 0, 32]
[0, 596, 726, 6, 159, 0, 60, 0, 195, 716, 679, 1707, 2, 667, 1368, 78, 5521, 5188, 0, 4]
[0, 827, 532, 2, 0, 0, 66, 0, 186, 827, 756, 2089, 0, 768, 1728, 153, 5121, 5205, 0, 73]
[0, 542, 459, 0, 54, 0, 42, 0, 525, 793, 816, 1427, 2, 281, 948, 62, 4742, 5080, 0, 84]
[0, 756, 467, 0, 0, 18, 14, 5, 87, 509, 862, 1884, 0, 447, 1072, 7, 7461, 3437, 0, 0]
[0, 1008, 544, 0, 3, 12, 103, 0, 313, 992, 611, 1675, 1, 680, 1466, 24, 4311, 4747, 0, 81]
[0, 642, 710, 2, 235, 0, 15, 37, 360, 1207, 1028, 1622, 0, 553, 1270, 15, 4119, 7474, 0, 37]
[0, 736, 524, 0, 0, 0, 154, 0, 42, 986, 651, 1527, 0, 592, 1472, 27, 4531, 5825, 0, 65]
[0, 638, 362, 5, 217, 21, 143, 0, 303, 1229, 485, 1613, 1, 515, 2303, 150, 3996, 5045, 0, 191]
[0, 600, 457, 0, 6, 0, 96, 0, 85, 1198, 1064, 1988, 0, 602, 965, 45, 4506, 7585, 0, 350]
[0, 501, 445, 0, 39, 0, 35, 0, 517, 825, 973, 1452, 1, 717, 1643, 79, 3983, 7488, 5, 4]
[0, 600, 666, 0, 61, 0, 47, 24, 50, 749, 672, 1650, 1, 267, 1301, 18, 7056, 8055, 0, 6]
[0, 474, 1111, 17, 69, 0, 16, 0, 151, 1373, 898, 1398, 0, 634, 887, 43, 5965, 9335, 0, 110]
[1, 568, 619, 0, 9, 0, 0, 50, 135, 1184, 572, 1246, 1, 434, 2737, 37, 4616, 5167, 0, 36]
[0, 807, 435, 0, 105, 0, 35, 9, 188, 1234, 513, 1353, 2, 371, 1301, 177, 4681, 8429, 0, 0]
[0, 816, 638, 0, 0, 0, 15, 21, 369, 827, 970, 1617, 2, 565, 1804, 89, 5844, 4521, 0, 38]
[0, 567, 432, 8, 20, 0, 116, 0, 123, 1304, 790, 1360, 1, 446, 835, 0, 3174, 6419, 0, 0]
[0, 732, 475, 0, 23, 7, 5, 0, 447, 553, 802, 2092, 0, 410, 1395, 46, 5831, 5112, 0, 57]
[0, 936, 290, 10, 454, 0, 129, 0, 226, 926, 933, 1675, 1, 660, 2474, 18, 4832, 3906, 0, 15]
[0, 1038, 339, 44, 167, 0, 67, 56, 50, 858, 463, 1748, 2, 560, 1782, 22, 4501, 4982, 0, 23]
[0, 518, 678, 0, 236, 0, 0, 0, 176, 946, 707, 1648, 1, 432, 1112, 66, 5023, 5809, 0, 5]
[0, 1175, 406, 0, 0, 0, 0, 0, 439, 976, 646, 1571, 0, 709, 1668, 15, 4728, 5581, 0, 107]
[0, 1108, 335, 0, 0, 46, 58, 0, 72, 991, 824, 2015, 0, 258, 1461, 195, 5269, 6366, 0, 0]
[0, 756, 817, 0, 0, 0, 55, 0, 563, 810, 520, 1471, 3, 337, 1312, 56, 7619, 4703, 0, 53]
[0, 1126, 289, 0, 0, 0, 0, 0, 287, 928, 543, 2097, 1, 586, 976, 122, 5545, 2436, 0, 37]
[0, 803, 1094, 0, 0, 0, 60, 0, 119, 611, 596, 1689, 0, 335, 1920, 107, 6817, 3623, 0, 19]
[0, 1143, 291, 0, 89, 5, 8, 0, 214, 952, 907, 1941, 2, 559, 1296, 49, 4248, 7706, 0, 3]
[0, 982, 799, 0, 221, 1, 81, 27, 233, 823, 870, 1598, 0, 423, 835, 47, 4096, 5065, 0, 98]
[0, 617, 317, 0, 55, 0, 23, 0, 344, 1170, 518, 1523, 0, 568, 1135, 35, 4998, 4801, 0, 79]
[0, 558, 371, 27, 52, 0, 27, 0, 267, 993, 745, 2091, 0, 917, 1032, 0, 8693, 3369, 0, 234]
[0, 557, 569, 5, 235, 45, 32, 0, 71, 917, 625, 1488, 1, 732, 2036, 45, 4886, 5971, 0, 117]
[0, 883, 162, 0, 145, 0, 180, 0, 44, 682, 1013, 1688, 0, 389, 1312, 40, 6927, 5703, 0, 26]
[0, 985, 266, 3, 197, 3, 0, 0, 466, 1468, 405, 1325, 1, 605, 1217, 0, 4767, 6121, 0, 9]
[0, 561, 647, 0, 165, 0, 0, 0, 45, 919, 722, 1555, 0, 646, 1138, 5, 5532, 2338, 0, 78]
[0, 449, 331, 52, 189, 0, 37, 0, 633, 1055, 483, 1686, 0, 761, 1119, 6, 4645, 3516, 0, 0]
[0, 797, 624, 2, 51, 15, 36, 67, 4, 848, 473, 1786, 0, 511, 1481, 0, 7084, 4889, 0, 0]
[0, 671, 700, 0, 0, 0, 13, 0, 314, 762, 907, 1749, 0, 760, 1181, 8, 7663, 3763, 0, 3]
[0, 489, 588, 0, 0, 0, 211, 0, 223, 778, 711, 893, 3, 582, 2054, 54, 5551, 8166, 0, 138]
[0, 972, 681, 0, 121, 43, 54, 0, 52, 1112, 756, 2025, 1, 522, 2030, 73, 3714, 6288, 0, 221]
[0, 807, 489, 0, 216, 0, 6, 20, 658, 1059, 1000, 1502, 0, 260, 1105, 80, 7142, 7493, 0, 42]
[0, 866, 420, 16, 0, 0, 126, 0, 16, 792, 778, 1835, 0, 463, 1652, 46, 5136, 2945, 0, 43]
[0, 420, 194, 0, 108, 0, 0, 0, 244, 551, 464, 1418, 1, 469, 900, 4, 6304, 5662, 0, 0]
[0, 911, 321, 0, 6, 37, 110, 0, 93, 961, 613, 1630, 0, 469, 1558, 6, 7646, 4734, 0, 17]
[0, 426, 523, 35, 65, 6, 17, 0, 146, 1013, 692, 1963, 1, 348, 1249, 0, 9994, 3480, 0, 0]
[0, 698, 302, 0, 82, 0, 25, 0, 261, 888, 697, 1528, 0, 634, 1162, 36, 5964, 6060, 0, 0]
[0, 988, 467, 0, 0, 0, 108, 0, 13, 985, 546, 1634, 0, 522, 2062, 46, 4513, 2602, 0, 3]
[0, 650, 519, 1, 39, 0, 0, 0, 209, 882, 968, 1583, 3, 522, 965, 69, 6545, 5247, 0, 31]
[0, 520, 502, 0, 55, 0, 39, 0, 87, 714, 297, 1662, 0, 537, 1170, 0, 4573, 4030, 0, 0]
[0, 713, 383, 7, 112, 0, 151, 13, 263, 712, 990, 1713, 0, 244, 1227, 1, 7350, 3476, 0, 0]
[0, 1221, 332, 0, 0, 3, 22, 0, 180, 1353, 547, 1526, 0, 422, 1442, 2, 4391, 3015, 0, 77]
[0, 645, 598, 0, 27, 0, 27, 0, 101, 1009, 1038, 1966, 1, 698, 1507, 5, 6435, 3301, 0, 38]
[0, 801, 754, 0, 7, 0, 118, 55, 465, 1037, 608, 1524, 6, 935, 1694, 8, 3162, 3150, 0, 0]
[0, 856, 635, 2, 134, 1, 143, 0, 175, 833, 764, 2050, 1, 750, 1210, 140, 5590, 5220, 0, 92]
[0, 767, 450, 0, 0, 0, 87, 0, 384, 829, 978, 1595, 0, 329, 1721, 56, 5556, 4661, 0, 12]
[1, 1109, 626, 0, 31, 0, 66, 0, 177, 876, 649, 1961, 0, 438, 1293, 92, 4487, 8208, 0, 210]
[0, 1499, 597, 0, 21, 0, 7, 0, 289, 1086, 845, 1676, 2, 677, 1100, 21, 4822, 6109, 0, 52]
[0, 487, 714, 0, 0, 0, 57, 0, 616, 1313, 866, 1310, 0, 569, 2242, 33, 5441, 5207, 0, 80]
[0, 462, 566, 20, 15, 0, 0, 0, 858, 829, 792, 1450, 0, 449, 1535, 0, 4992, 6180, 0, 4]
[0, 699, 812, 0, 60, 0, 52, 33, 6, 330, 706, 2174, 0, 672, 1389, 37, 6614, 6716, 0, 23]
[0, 362, 339, 0, 5, 0, 81, 41, 137, 871, 866, 1365, 1, 574, 2681, 63, 6755, 6715, 0, 28]
[3, 447, 454, 0, 0, 10, 44, 0, 105, 870, 409, 1961, 0, 316, 1458, 139, 6180, 5356, 0, 141]
[0, 827, 520, 0, 0, 0, 136, 0, 351, 794, 983, 1849, 0, 1049, 2203, 80, 4950, 5529, 0, 132]
[0, 908, 600, 9, 287, 0, 0, 61, 224, 1258, 816, 1668, 0, 419, 1047, 62, 5801, 5089, 0, 0]
[0, 315, 734, 0, 40, 0, 62, 0, 131, 489, 675, 1394, 0, 468, 1728, 35, 5119, 3723, 0, 4]
[0, 1209, 645, 13, 0, 0, 81, 0, 136, 638, 866, 1325, 2, 270, 1958, 54, 4202, 5186, 0, 172]
[0, 426, 501, 0, 0, 0, 12, 0, 288, 612, 776, 1559, 1, 469, 1274, 4, 3409, 3474, 0, 20]
