196445
203213
194922
207925
196774
205577
210424
197470
199730
198662
207528
207272
195525
208418
193014
203880
204177
198094
198981
202804
201292
208331
202771
210081
205751
195123
207211
198539
193425
203230
206897
195687
205904
197853
199664
211569
201867
198481
210042
205869
204661
196519
210338
211476
200411
206807
207664
210208
204219
206798
208774
200837
200437
205931
199433
197695
209453
202779
212607
208716
204694
195765
203300
206269
209695
205387
207503
194681
202364
202352
205021
200527
205345
209030
202558
201073
207169
203321
213866
197563
210796
198572
200614
210920
200951
202996
195448
202848
202494
201631
194369
204293
206273
206139
199310
207407
213366
199596
202696
209994
