195485
197270
198288
192175
206237
184749
197339
201417
200101
199959
190305
195882
191059
180885
197988
192511
197665
193212
197437
196480
196832
191441
194485
196829
192283
187345
185541
185909
192039
193926
190595
193628
191758
193240
189318
192723
200172
199664
195820
199032
197818
202480
187938
188564
195670
196968
189472
191225
191957
199075
198533
198355
194572
188676
195022
194575
182551
197364
193264
195077
197647
183554
197337
202368
202959
194497
197807
195122
192287
187808
195423
194902
195766
201717
195313
194340
190199
192444
200984
193594
187117
199538
203641
197877
191342
196938
196092
196540
197373
190658
197317
191488
196348
193554
196611
189363
188679
192863
189597
186467
