192920
189074
201343
189344
198961
197563
196432
188728
190841
192573
187366
195465
188774
195710
194832
197254
193152
191299
199558
196621
197973
198497
197175
194130
197286
192475
193426
197160
194163
194000
188182
194560
197092
196982
198506
201607
195151
197865
192805
199065
197058
196412
200042
195889
190634
192243
192569
195643
190112
199275
203460
193355
193219
199917
192737
199961
194889
195379
191473
194847
188814
199549
203373
190626
199178
199879
189895
200188
187169
189184
192376
199472
199918
199954
191159
194663
199561
195329
195999
193895
190505
197986
192052
192730
198183
197939
198391
201972
190764
193702
190711
188623
191568
192114
192914
194885
186191
190283
194666
196313
