21650
20001
27896
25088
19426
22474
18358
21923
23327
24890
23158
21511
24882
19298
20220
25632
21698
27491
19311
23631
24672
18052
21581
19955
22735
22066
26076
26188
19806
22958
19963
21069
31790
23851
23712
24324
25331
25031
27744
26240
29937
21530
16780
25155
27340
23862
26735
21859
25103
26414
32941
26877
21667
24482
21920
26374
22838
27748
27391
31761
28338
30087
30234
25916
26851
22082
30880
21255
31295
20890
23737
24358
20882
23448
20681
22137
20666
21908
23651
21605
17326
22462
20366
27271
22519
24237
19510
19883
24387
28955
26641
23456
22289
22265
26543
19928
25964
23724
23845
23025
17491
21003
22150
22478
21838
21871
25756
23430
23188
27513
23344
21527
23826
21735
22392
27685
22172
20932
21879
20201
19771
17867
20033
21333
16647
25380
20697
22617
21150
19565
20058
21194
19457
21854
26441
24655
20507
21079
17948
16577
19055
22393
22612
19483
21920
21821
20166
19243
19590
22407
16214
21168
19939
21318
21539
23688
22221
22471
19521
27247
17453
21115
17318
19813
23482
22255
23577
17008
22090
20893
19589
23435
20492
20982
21356
19947
23453
19261
23146
26016
22490
22311
20932
30695
21929
19268
17958
23364
25753
21113
25940
23850
22040
20826
19899
25854
19997
19523
20974
15800
20384
22160
19468
21547
23061
20744
24049
16060
22381
19761
19393
18128
23405
18923
18932
20902
19643
20363
17604
17603
24746
22794
16242
16515
19171
18049
16774
20363
17802
19338
18215
19913
17936
22194
18682
25899
21828
21634
18765
20008
16794
16094
19856
21504
24736
21228
18455
20988
17019
15194
20570
17804
16280
19635
18578
22177
18146
19928
18360
23016
20745
18337
21074
20959
17868
20273
17075
17473
17519
19913
21195
25245
20131
16893
18814
25188
21153
18831
21441
21488
18992
23225
21849
19850
23382
22001
22049
18444
18617
20257
19746
20363
20886
19991
17593
16489
17270
24606
24950
20378
19744
19786
19062
24311
18721
19105
23092
18108
18741
22620
23033
14561
15987
17680
20460
19615
19689
15975
15859
17151
22145
20007
22069
20737
18038
20136
23302
21474
15566
17630
19387
21816
16683
20304
16668
17349
16791
17959
17218
22837
17188
18016
18132
16188
19914
19472
18012
17307
19560
17748
22594
22303
22142
15611
19515
18295
19847
15298
17497
18697
18379
17635
19597
20348
20367
27974
20014
19817
25966
17991
19856
22966
20747
22004
21937
21467
25036
18566
20481
21044
23198
25894
20232
20997
19161
18348
16819
24442
22275
19928
24159
18767
23231
20168
20417
20308
22111
22499
19717
16983
20451
20002
20122
18907
21838
20176
23750
21139
22880
22988
18063
22975
20392
23573
22411
18873
19294
22714
20792
21028
24526
20882
20308
20185
22474
19740
19865
19359
19520
16102
16268
17500
19352
17184
17107
22931
21612
19653
18375
14341
15685
18370
18847
19431
19005
17304
20005
16188
17871
15387
17543
17969
18554
15813
17617
16071
18913
17218
21731
17936
20645
16197
18025
19025
20172
18257
16226
16025
18387
14900
18877
15085
16245
17398
15917
18314
14296
20754
21857
17218
16490
16175
18172
22319
17695
16378
17296
18855
21945
19927
15881
18396
18089
16384
18579
20245
16315
22429
17128
17690
17909
20114
21854
14748
15486
19292
17279
16214
20671
21514
17334
16422
14692
18467
22377
18898
19828
19060
21269
20304
22501
20310
16154
20028
18698
24051
20132
23459
28264
20792
19805
18550
19294
18696
20595
21891
19173
20396
18630
21044
19087
19498
20163
22510
18082
21201
18717
21332
19536
20413
19128
20532
17975
19572
21960
19782
21115
24205
21526
18940
20195
19835
21292
19862
20842
18811
22176
19462
20968
21412
17872
20766
22199
21249
18882
20332
23379
20948
21641
18963
20055
20437
18426
20874
19839
19814
20749
24212
18437
20759
20853
20708
20532
20089
22963
18852
18402
18813
21988
17152
21175
20131
20933
22003
22260
19687
22640
18212
16546
19516
18452
19851
21534
21815
19792
18520
18882
23075
19535
21457
22201
17950
19542
23928
20550
18325
21760
21568
19121
18078
19433
19970
18614
20608
19979
23370
21499
21427
21259
18718
20701
18540
23471
19172
18842
20839
21912
21043
20539
17356
18119
20545
17827
20992
19479
18331
19270
19947
23025
21128
19182
23377
18544
17969
19212
16142
21678
18499
17952
22023
19117
20185
19991
21417
19794
23474
21774
20438
18891
20634
20101
21178
24503
22529
20055
20398
20883
19896
21193
19355
21948
23397
20451
18092
19998
21935
19797
19050
19448
18863
20759
20108
19181
23769
19265
18760
18454
22157
19590
19024
22700
20908
21718
22117
23811
18052
18930
22339
21002
23318
19671
17889
23339
18455
20535
22849
22559
20237
20161
20795
18908
22499
20439
20109
19497
19688
20229
18875
18501
20001
19272
18711
19658
17268
20135
20744
19969
22223
22498
20146
19297
20705
19187
18757
24232
20529
21840
20046
13889
19680
21517
19634
22550
19153
17725
20792
22436
20178
21291
21551
22553
18943
21151
21543
20453
18561
18171
19273
20014
18847
21020
18552
23151
18526
18505
19446
20220
19113
20150
21510
17730
19972
22210
20060
21908
20514
20409
23474
18545
21107
22421
19326
19984
18901
21303
19080
21542
19728
19079
19118
20438
22008
20605
22998
17478
20802
21514
19236
21213
17998
22770
20341
20901
20324
20241
17764
23377
21713
18190
21535
21660
21228
19829
22491
21095
18087
19598
17607
18248
20973
20170
18375
18911
20046
19335
24024
23378
20689
20192
20973
21058
20957
18613
19869
20032
19152
20645
19548
19023
21448
21432
21402
17783
21287
17899
21587
19367
18255
18992
20694
20804
21010
21904
19546
20751
20106
20816
17737
20764
20168
20848
21229
19554
21424
19937
22345
23078
22272
23504
23697
19467
20921
21127
20392
19755
23082
19055
20364
18156
20942
20101
20837
19908
21565
18177
22682
20437
19789
24466
18229
22452
18981
20687
20679
20998
18778
21445
21536
20814
18561
20638
20065
21516
20663
20489
19029
21276
20469
20969
19546
18926
20107
23555
19502
19947
19180
24829
19818
20979
22253
18578
19564
20878
20558
21711
20198
20966
22579
21572
21288
22903
21190
20019
20755
20489
20565
19867
19575
19249
21727
19479
19903
21853
19620
21395
18973
21240
20749
21629
20517
18938
22718
20806
21193
21705
19237
20270
19543
22051
22213
20139
21067
19727
20154
20595
19712
20064
17576
20221
20966
18679
19263
19456
20004
25302
21525
19592
21295
21631
21874
