1722132.0
1811631.0
1369645.0
1571385.0
1834950.0
1714232.0
1860175.0
1736186.0
1627685.0
1547340.0
1651323.0
1710070.0
1543594.0
1814217.0
1805077.0
1563391.0
1705568.0
1433406.0
1809400.0
1608539.0
1620284.0
1873288.0
1733052.0
1825132.0
1637438.0
1664532.0
1488724.0
1500287.0
1777490.0
1636189.0
1779605.0
1690013.0
1201066.0
1588814.0
1603558.0
1566913.0
1493821.0
1581855.0
1399688.0
1453281.0
1350558.0
1716117.0
1962131.0
1587137.0
1436983.0
1612590.0
1446722.0
1695484.0
1517021.0
1443765.0
1175163.0
1425447.0
1699323.0
1540915.0
1698727.0
1480161.0
1645140.0
1374997.0
1395639.0
1177793.0
1382615.0
1316141.0
1294191.0
1454307.0
1480580.0
1713507.0
1259856.0
1718063.0
1200281.0
1722074.0
1572382.0
1552312.0
1751139.0
1606047.0
1759765.0
1726669.0
1741968.0
1675031.0
1603519.0
1750990.0
1932725.0
1647888.0
1778462.0
1434852.0
1674028.0
1558595.0
1819730.0
1812305.0
1564545.0
1369959.0
1451670.0
1636253.0
1718623.0
1665482.0
1492132.0
1754357.0
1523879.0
1603277.0
1577470.0
1639713.0
1931281.0
1766489.0
1701697.0
1669183.0
1683091.0
1734296.0
1491246.0
1634101.0
1629565.0
1433165.0
1606753.0
1689665.0
1583028.0
1729121.0
1719978.0
1394059.0
1680311.0
1762341.0
1703696.0
1763895.0
1788512.0
1900106.0
1798056.0
1734345.0
1957156.0
1521372.0
1728625.0
1654167.0
1775063.0
1833426.0
1815663.0
1728516.0
1812677.0
1692860.0
1517541.0
1549976.0
1825540.0
1727360.0
1904020.0
1959492.0
1841568.0
1693177.0
1684713.0
1805039.0
1736893.0
1683066.0
1780947.0
1805819.0
1786034.0
1668835.0
1971111.0
1803102.0
1822815.0
1704817.0
1698142.0
1579123.0
1780627.0
1643041.0
1869288.0
1428134.0
1929243.0
1736352.0
1908321.0
1833484.0
1623945.0
1642806.0
1607848.0
1915923.0
1634707.0
1737439.0
1805209.0
1631473.0
1768561.0
1762938.0
1738312.0
1778258.0
1615413.0
1818597.0
1695061.0
1559965.0
1653191.0
1651050.0
1747910.0
1303244.0
1665908.0
1818361.0
1918764.0
1618675.0
1538829.0
1711248.0
1531387.0
1564611.0
1698757.0
1770340.0
1774054.0
1456437.0
1808982.0
1816436.0
1745283.0
2046792.0
1766446.0
1717983.0
1825880.0
1683748.0
1660865.0
1767418.0
1558351.0
1980688.0
1671187.0
1791217.0
1796054.0
1884304.0
1600818.0
1889898.0
1890514.0
1718386.0
1854030.0
1788779.0
1903578.0
1884458.0
1534950.0
1664076.0
1954357.0
1927630.0
1790095.0
1874737.0
1935757.0
1735451.0
1894776.0
1863077.0
1842631.0
1777386.0
1856443.0
1662730.0
1829584.0
1522930.0
1665954.0
1708119.0
1873106.0
1778552.0
1940115.0
1974097.0
1749050.0
1666292.0
1549420.0
1728690.0
1908582.0
1726889.0
1953553.0
2037515.0
1758376.0
1874596.0
1992594.0
1809325.0
1929244.0
1703200.0
1903856.0
1799523.0
1884944.0
1597873.0
1759136.0
1927062.0
1732134.0
1750652.0
1889585.0
1808143.0
1935761.0
1946805.0
1901605.0
1786562.0
1757173.0
1559551.0
1754034.0
1964226.0
1855066.0
1585845.0
1747830.0
1847519.0
1736887.0
1718108.0
1841306.0
1678463.0
1715112.0
1769716.0
1645632.0
1680146.0
1666400.0
1866587.0
1832323.0
1805278.0
1798593.0
1754967.0
1725620.0
1782410.0
1918074.0
2002046.0
1930365.0
1603285.0
1588622.0
1755757.0
1800985.0
1784859.0
1853166.0
1625050.0
1870480.0
1811453.0
1668538.0
1873393.0
1879701.0
1631696.0
1747410.0
2040048.0
1990307.0
1927591.0
1799745.0
1839920.0
1796028.0
1997800.0
2020099.0
1912279.0
1754621.0
1764471.0
1702502.0
1770736.0
1879520.0
1840604.0
1611653.0
1688488.0
1995468.0
1903581.0
1803599.0
1674362.0
1960979.0
1754971.0
1976433.0
1939026.0
1946238.0
1932823.0
1911484.0
1611537.0
1942077.0
1909192.0
1866052.0
2039926.0
1759549.0
1799005.0
1867486.0
1884772.0
1807674.0
1908521.0
1686424.0
1688457.0
1716144.0
1998612.0
1817847.0
1941843.0
1802229.0
2005016.0
1898397.0
1870272.0
1868186.0
1912663.0
1835258.0
1811439.0
1812878.0
1402517.0
1773214.0
1831049.0
1536478.0
1873411.0
1789207.0
1634579.0
1729571.0
1660017.0
1683679.0
1703200.0
1578791.0
1871996.0
1753905.0
1773280.0
1688266.0
1487727.0
1791909.0
1774857.0
1834250.0
1847589.0
1932762.0
1570407.0
1727878.0
1779833.0
1588821.0
1873537.0
1617642.0
1812019.0
1766796.0
1776921.0
1684091.0
1649707.0
1835872.0
1932299.0
1784079.0
1791551.0
1784789.0
1870905.0
1759178.0
1792205.0
1661506.0
1736974.0
1655971.0
1645119.0
1867190.0
1624542.0
1773750.0
1592909.0
1694310.0
1881849.0
1863575.0
1676009.0
1758026.0
1783004.0
1578128.0
1764028.0
1762567.0
1795630.0
1680878.0
1798211.0
1809090.0
2044287.0
1816177.0
1989175.0
1986842.0
1896810.0
1818671.0
1985160.0
1923014.0
1669699.0
1785878.0
1824236.0
1930652.0
2080432.0
2068887.0
1880090.0
1876010.0
1849863.0
1904849.0
1924405.0
1771671.0
1968492.0
1887501.0
2011543.0
1912019.0
1878267.0
1865087.0
1977715.0
1892488.0
1984207.0
1876910.0
1940309.0
1683773.0
1900593.0
1735298.0
1966332.0
1907428.0
1819341.0
1791703.0
1880177.0
1995474.0
2058628.0
1887907.0
2058791.0
1913385.0
2105318.0
1995998.0
1930092.0
1996249.0
1870442.0
2152237.0
1797520.0
1809357.0
1920420.0
2011608.0
1999179.0
1900726.0
1656133.0
1919735.0
2029710.0
1920209.0
1927669.0
1783426.0
1858117.0
2024620.0
1877746.0
1906160.0
1989236.0
2008956.0
1915620.0
1983715.0
1667461.0
1975520.0
1895854.0
1926302.0
1785929.0
1701673.0
2119930.0
2094711.0
2010466.0
2028596.0
2012076.0
1982695.0
1943943.0
2040707.0
2039268.0
2119970.0
1891290.0
1684085.0
1930858.0
1944050.0
2026964.0
1893744.0
1857556.0
1763791.0
1857092.0
2134461.0
1887478.0
1974196.0
1697390.0
1968420.0
1705227.0
1409524.0
1874505.0
1791935.0
1908216.0
1894569.0
1949625.0
1906636.0
1797246.0
1859701.0
1871103.0
1926187.0
1828981.0
1886540.0
1922477.0
2002736.0
1723310.0
1932720.0
1805264.0
2018972.0
1899165.0
1983948.0
1965349.0
1875549.0
1888066.0
2015410.0
1872250.0
1731406.0
1914219.0
1888538.0
1823748.0
1706091.0
1887800.0
1830401.0
1919233.0
1758590.0
1870682.0
1916740.0
2039638.0
1881353.0
1858795.0
1783831.0
1751416.0
2022547.0
1846364.0
1766810.0
1867766.0
1914741.0
1956074.0
1696219.0
1819735.0
1836382.0
1877567.0
1885826.0
1809804.0
1892041.0
1806705.0
1818645.0
1859826.0
1856420.0
1617708.0
2003400.0
1785192.0
1836995.0
1796101.0
1912126.0
1831274.0
1707453.0
1899343.0
1886236.0
1888969.0
1816278.0
1908602.0
1760834.0
1906217.0
1875837.0
1763027.0
1731221.0
1827558.0
1697950.0
1898326.0
1988934.0
1833125.0
1954951.0
1849636.0
1771098.0
1754527.0
1833514.0
1887883.0
1899972.0
1659459.0
1847296.0
1716230.0
1699256.0
1994959.0
1846183.0
1649659.0
1830680.0
1966676.0
1793129.0
1768613.0
1841315.0
1993239.0
1943004.0
1870744.0
1941871.0
1787043.0
1840652.0
1684484.0
1764630.0
1833966.0
1755281.0
1912393.0
1761883.0
1928528.0
1654290.0
1899284.0
1892176.0
1808181.0
1725886.0
1810786.0
1794166.0
1941251.0
1956873.0
1808938.0
1916564.0
1873944.0
1897307.0
1948532.0
1859414.0
1817999.0
1691124.0
1788720.0
1878323.0
1641962.0
1855183.0
1957937.0
1886572.0
2011531.0
1756223.0
1861541.0
2014798.0
1749297.0
1940005.0
1860871.0
1905858.0
1864672.0
1890694.0
1630705.0
1729550.0
1829274.0
1931555.0
1841249.0
1870235.0
1772378.0
1672707.0
1748485.0
1913106.0
1787809.0
1744476.0
1853802.0
1769455.0
1991879.0
1797383.0
1672883.0
1898387.0
1922287.0
1872837.0
1757500.0
1879819.0
1921908.0
1889651.0
1860358.0
1810555.0
1830300.0
1919414.0
1643466.0
1878611.0
1884399.0
1915550.0
1862952.0
1855092.0
1897846.0
1754633.0
1828492.0
1758947.0
1686069.0
1711576.0
1980014.0
1951104.0
1850176.0
1768842.0
1673449.0
1822228.0
2001310.0
1719402.0
1948880.0
1832261.0
1696920.0
1697341.0
1814746.0
1810797.0
1800731.0
1894062.0
1761757.0
1851558.0
1885034.0
1809368.0
1847438.0
1843359.0
1965239.0
1912606.0
1899102.0
1858845.0
1873299.0
1850832.0
2021483.0
1840111.0
1810738.0
1874022.0
1769140.0
1734669.0
1803664.0
1928624.0
1845590.0
1843259.0
1941938.0
1710123.0
1866909.0
1834552.0
1848066.0
2210751.0
1870729.0
1748289.0
1913051.0
1792968.0
1924149.0
1959102.0
1896321.0
1755892.0
1834922.0
1866492.0
1783276.0
1783039.0
1934794.0
1843996.0
1825895.0
1928713.0
1978580.0
1975102.0
1857422.0
1894558.0
1928940.0
1852447.0
1985415.0
1747552.0
1982998.0
1960829.0
1953269.0
1923571.0
2009460.0
1861324.0
1816017.0
2015122.0
1830220.0
1711202.0
1847365.0
1781563.0
1808398.0
1894264.0
1742674.0
1994618.0
1790956.0
1771539.0
1945403.0
1931925.0
1985782.0
1865064.0
1927968.0
1867048.0
1911354.0
2010254.0
1961635.0
1923855.0
1830480.0
1913702.0
1693186.0
2046941.0
1902966.0
1834170.0
2004638.0
1833210.0
2009155.0
1777769.0
1910347.0
1817853.0
1932267.0
1918375.0
2031592.0
1671879.0
1875403.0
2010273.0
1830976.0
1756995.0
1858610.0
1882108.0
1785217.0
1947868.0
2022395.0
1959859.0
2059238.0
2039313.0
1926064.0
1838187.0
2004561.0
1941098.0
1927667.0
1949904.0
1716027.0
1764112.0
1856491.0
1914974.0
1933054.0
1919266.0
1899527.0
2058062.0
1874286.0
1966155.0
1953596.0
1935305.0
1916008.0
2019034.0
1869825.0
1833436.0
1867799.0
1998940.0
1858000.0
2074419.0
1804968.0
1946356.0
2043691.0
2011755.0
1893154.0
1866979.0
1899175.0
1865244.0
1946747.0
1915038.0
1920669.0
1860921.0
2063936.0
1883717.0
1890267.0
1912613.0
1883522.0
1966448.0
1816756.0
1975508.0
1751967.0
1790943.0
1852693.0
1717499.0
1787331.0
1969809.0
1906886.0
1906665.0
1909697.0
1937251.0
1770107.0
1953113.0
1894478.0
2029686.0
1917974.0
1940167.0
1895794.0
1932899.0
1845055.0
2033920.0
1788221.0
1889671.0
1932701.0
1765021.0
2007332.0
1811273.0
1985061.0
1897565.0
1925287.0
1893470.0
2020463.0
1837477.0
1887962.0
1923415.0
2043263.0
1901179.0
1950573.0
1890132.0
1924776.0
1945426.0
2020432.0
1943097.0
1957258.0
1929483.0
1959234.0
2002734.0
1968683.0
1769180.0
1980343.0
1937912.0
2025720.0
1703635.0
1977106.0
1914947.0
1835780.0
2063123.0
1974467.0
1944394.0
1927131.0
1904478.0
1946514.0
1929811.0
1826234.0
1879526.0
1915063.0
1821322.0
1917222.0
1985013.0
1929046.0
1951452.0
1895038.0
1935037.0
1976289.0
2009346.0
1842496.0
1979244.0
1948465.0
1877374.0
1987832.0
1890459.0
2016057.0
1884657.0
1890820.0
1853987.0
1944683.0
2003233.0
1809193.0
1905408.0
1908826.0
1825411.0
2004285.0
1950009.0
1976619.0
1835142.0
1848347.0
1967745.0
1907046.0
1951037.0
1943709.0
1902003.0
1979622.0
1953719.0
2092016.0
1939738.0
1895614.0
2017060.0
1991103.0
1981213.0
1945495.0
1728846.0
1889159.0
1972765.0
1894712.0
1879023.0
1875012.0
