1042.4809770584106
133.9368381500244
93.7171778678894
103.36570167541504
137.11486148834229
78.02415561676025
171.96514081954956
198.6037826538086
113.54676294326782
107.33430433273315
144.847580909729
227.44937801361084
159.22090816497803
138.04322910308838
125.45115756988525
122.6468505859375
184.79492092132568
195.51028728485107
178.0742015838623
161.30868005752563
106.23350095748901
165.80575275421143
222.74107551574707
228.90819835662842
172.36750602722168
155.30112648010254
170.17405223846436
198.7749719619751
393.9886894226074
343.7753715515137
202.92154693603516
199.95097255706787
253.4935121536255
280.5179862976074
229.24682235717773
175.10855865478516
163.72292613983154
170.45398998260498
196.57842254638672
242.92529487609863
183.6954002380371
316.8411464691162
264.7001733779907
314.74476432800293
278.2289352416992
309.5084533691406
383.6977491378784
268.707407951355
244.02515602111816
206.0868148803711
211.15906620025635
313.8691530227661
272.26404190063477
253.29566383361816
195.05056190490723
228.80294132232666
220.5244264602661
283.64243602752686
231.92660903930664
198.725830078125
216.96128463745117
163.19124794006348
166.995436668396
189.5533323287964
203.3678216934204
258.29961013793945
269.70350456237793
282.1705017089844
250.86637687683105
163.305739402771
165.1391839981079
197.8491554260254
171.95911502838135
216.17399501800537
282.6616096496582
234.31037044525146
192.00341510772705
171.24209117889404
250.8031358718872
228.11029529571533
189.2352180480957
150.94029140472412
193.0712423324585
216.14338397979736
253.22303295135498
211.5389747619629
181.76575088500977
157.49359798431396
126.65842723846436
170.91947174072266
223.10354232788086
190.05974674224854
222.86878776550293
187.13036346435547
203.49682140350342
233.2239875793457
179.03945541381836
159.28322219848633
237.8869857788086
142.41798210144043
138.24787139892578
239.97949409484863
196.32704830169678
170.80968952178955
188.14756965637207
182.6965503692627
211.21243858337402
164.9977741241455
196.3230381011963
176.1617889404297
197.9138879776001
207.89364051818848
245.69413566589355
245.31275749206543
225.05295181274414
248.66327667236328
523.8835620880127
485.17902755737305
391.91031074523926
230.94912147521973
345.9945077896118
268.03313636779785
237.63594150543213
185.79882526397705
192.5468626022339
188.1668405532837
245.5484161376953
205.0089225769043
242.10461807250977
180.1118459701538
257.04123306274414
233.84785652160645
180.16328811645508
283.8498249053955
364.2522430419922
314.819055557251
396.40744972229004
427.38768196105957
240.63347244262695
311.1188163757324
322.183141708374
427.4670867919922
322.69418716430664
231.33042526245117
222.488676071167
239.03634452819824
421.74657440185547
476.15178298950195
703.296516418457
377.9701919555664
407.33895111083984
552.903112411499
297.11265563964844
224.08182525634766
229.78140449523926
225.0202808380127
298.6490783691406
586.8919887542725
616.577356338501
440.2310371398926
801.5899019241333
341.70398902893066
459.52770042419434
453.6870918273926
491.21764755249023
603.657642364502
312.45115089416504
245.8472080230713
254.41144371032715
439.5461120605469
406.3578643798828
219.07467365264893
462.8084669113159
323.22462463378906
233.93346118927002
253.03671550750732
205.68654918670654
195.4649486541748
300.35888957977295
816.5308971405029
402.3687686920166
857.8201293945312
1019.1468925476074
374.8005084991455
289.433970451355
195.7850637435913
235.58930015563965
280.0552978515625
226.2678108215332
192.65381145477295
257.8297462463379
141.70852184295654
158.20881938934326
190.80315399169922
160.28347492218018
282.27465534210205
204.30470943450928
206.9076623916626
504.56970596313477
561.7230758666992
255.93332862854004
191.82047510147095
204.24182987213135
317.2019271850586
247.9705867767334
257.31904220581055
168.125506401062
243.67797660827637
289.08808612823486
160.87152290344238
170.75998210906982
252.3425693511963
427.0196886062622
511.94323348999023
523.8622751235962
604.3770923614502
503.76910495758057
375.463960647583
340.1617021560669
264.5207118988037
200.5923728942871
185.90263557434082
253.97726917266846
184.9009656906128
180.67366313934326
167.05718612670898
200.49166679382324
207.12353992462158
174.95155906677246
154.29177856445312
192.52313804626465
257.51707649230957
187.9929141998291
301.45509243011475
344.6745891571045
331.64313316345215
197.64133167266846
199.98063278198242
228.4408254623413
322.7972164154053
421.1364555358887
675.8759460449219
454.64941596984863
468.5994987487793
367.52373123168945
326.17336654663086
275.50218391418457
270.9730052947998
245.4310073852539
295.56139373779297
236.24795150756836
295.0541000366211
345.6556396484375
292.87639808654785
261.789493560791
320.3169403076172
282.943151473999
258.3082695007324
312.7371940612793
237.39828300476074
247.98409461975098
403.24568939208984
324.97552490234375
248.8014497756958
287.57211112976074
236.97260189056396
243.1982822418213
265.79565715789795
316.7931098937988
285.40801429748535
329.2296504974365
300.4864387512207
284.0498695373535
277.82095527648926
269.2608184814453
314.8148784637451
269.7959098815918
240.18967819213867
250.03410530090332
243.8062915802002
261.4869213104248
295.79745864868164
257.08133602142334
304.3431568145752
293.5349540710449
282.9982509613037
371.6369438171387
368.37878799438477
331.3591003417969
338.8568172454834
342.24391174316406
347.2100467681885
316.4118766784668
300.5412349700928
360.9489402770996
341.2579936981201
300.9819927215576
336.90835189819336
304.8428440093994
451.83794021606445
323.9877872467041
274.6289691925049
269.9284553527832
286.66734504699707
250.82687377929688
307.6136074066162
308.0451240539551
293.1796398162842
340.3532772064209
312.9283332824707
354.239013671875
439.83377265930176
293.8450126647949
245.2273120880127
305.12597846984863
260.908390045166
261.000093460083
285.60158348083496
304.3091850280762
352.1771183013916
374.5998878479004
455.0206127166748
367.53796577453613
322.01384353637695
326.3279914855957
240.93759727478027
242.57009887695312
336.9935073852539
398.0637722015381
313.2686176300049
275.80448722839355
251.75450897216797
274.26745223999023
251.1173324584961
290.63664054870605
307.09679412841797
274.4383029937744
252.97652435302734
235.17016220092773
236.45238304138184
220.793550491333
248.2172031402588
291.5232124328613
303.82098960876465
233.84376335144043
219.11149978637695
328.0338726043701
336.9360456466675
316.3245964050293
214.92494297027588
262.47234630584717
430.018346786499
494.1689624786377
313.8260021209717
278.7433605194092
249.5028076171875
502.5834789276123
525.7865715026855
726.4341011047363
692.3109436035156
283.8029956817627
299.34055042266846
311.4536762237549
561.4533576965332
301.68895053863525
227.26006698608398
331.6800136566162
274.4998435974121
249.61737442016602
288.7051467895508
184.2119655609131
207.4627332687378
161.77956867218018
213.7941837310791
304.23668670654297
207.75920581817627
232.11822128295898
206.86564445495605
176.1584701538086
175.791277885437
258.86680030822754
217.95559692382812
218.3700466156006
251.62560558319092
233.15689182281494
209.45540618896484
300.82703018188477
238.96773719787598
269.79876708984375
327.21280670166016
211.97049522399902
171.07171726226807
198.0573616027832
201.07500839233398
266.31998443603516
232.3255844116211
234.55772972106934
220.78755378723145
243.32482814788818
216.1773853302002
238.212308883667
222.66908073425293
234.8758487701416
249.3787899017334
219.65249824523926
270.8224506378174
213.61610794067383
258.0109043121338
225.83058547973633
208.68707847595215
260.1336193084717
212.35451126098633
218.95855712890625
238.01270961761475
232.27840042114258
237.81777572631836
236.27940940856934
216.20519638061523
266.74737548828125
229.30413150787354
255.4467830657959
329.51208686828613
297.4893035888672
275.5574131011963
271.9646110534668
268.07997703552246
284.92834281921387
319.53015899658203
263.5318374633789
265.28985023498535
340.8686923980713
309.04299545288086
313.2692413330078
287.0212230682373
308.2716979980469
276.2384204864502
273.3986339569092
310.1091766357422
306.47486686706543
296.51609802246094
308.1563034057617
325.1144142150879
303.8717441558838
251.9424228668213
267.3594627380371
295.89501571655273
333.3853569030762
277.3440361022949
259.6566753387451
226.7771759033203
296.4953365325928
304.2474594116211
319.1854496002197
274.0521297454834
278.5651321411133
327.3779602050781
380.3190498352051
339.0491695404053
347.8028812408447
332.5267791748047
303.4086685180664
270.61877059936523
308.0563316345215
340.1750202178955
326.8214855194092
330.32652854919434
311.31627464294434
296.65613746643066
302.05323219299316
251.79109573364258
323.88590240478516
342.68909454345703
307.8350601196289
301.482364654541
278.4909267425537
330.4155511856079
287.38694953918457
290.9171943664551
348.7290325164795
374.4605960845947
322.35880279541016
366.2204055786133
333.6210422515869
300.8642826080322
300.9374885559082
361.1856517791748
389.2863426208496
355.9124221801758
330.06250762939453
300.6782970428467
326.27158546447754
253.3758087158203
290.1944007873535
318.0368404388428
297.59112548828125
281.39879417419434
268.5757122039795
256.70824813842773
250.3925609588623
273.0371780395508
261.3407459259033
247.47186279296875
277.50363540649414
260.2187728881836
257.3544921875
270.1369171142578
269.55419158935547
245.4417552947998
321.12829208374023
268.25855255126953
313.0907669067383
387.57709884643555
256.1888084411621
279.6603374481201
271.49344635009766
263.1108207702637
250.82261848449707
261.1828365325928
292.2652111053467
349.5954875946045
364.2549514770508
253.98251628875732
249.28172874450684
264.5387086868286
288.6665744781494
263.1198482513428
316.1463375091553
325.7652359008789
350.244815826416
360.608660697937
313.0517883300781
332.45667457580566
339.2297019958496
294.09377098083496
335.87013816833496
341.31697845458984
284.98546600341797
281.6185188293457
381.3528938293457
328.6135959625244
293.8933620452881
328.397274017334
297.9753189086914
307.77898597717285
278.067834854126
322.8154468536377
306.83390045166016
287.8982105255127
327.95195960998535
337.2261714935303
283.61875343322754
322.50396156311035
327.09323501586914
394.75266456604004
443.0175838470459
356.13139152526855
347.37396240234375
331.6960563659668
401.66199111938477
397.11738204956055
342.0006504058838
388.3651695251465
406.66218185424805
355.0049686431885
336.598424911499
357.6575050354004
343.6085910797119
327.39941596984863
314.19627380371094
380.55494117736816
337.36448669433594
356.5237216949463
380.1518611907959
342.1296501159668
343.2717056274414
396.1919631958008
341.30820083618164
367.44844818115234
363.3599376678467
376.4759101867676
400.5775337219238
387.8210258483887
396.5732650756836
417.53808975219727
409.699275970459
411.5288772583008
421.7136878967285
416.23638916015625
446.87993240356445
448.07979583740234
465.2267761230469
488.1747245788574
425.8856658935547
449.18848609924316
433.9167938232422
518.1982727050781
579.4066066741943
557.7642097473145
530.111499786377
650.7173080444336
417.2608985900879
500.16781997680664
536.5409851074219
470.46584701538086
494.988338470459
494.891902923584
487.5618705749512
441.42142486572266
577.3959732055664
556.1952743530273
442.1975555419922
501.0439453125
454.91234588623047
456.2334976196289
461.32038497924805
482.9181785583496
430.97905349731445
456.4068374633789
444.4775924682617
464.59936904907227
495.68257904052734
392.23726654052734
461.13212966918945
481.89428329467773
625.4704093933105
531.6924629211426
489.39177322387695
485.49589920043945
423.9418258666992
466.810359954834
440.62975692749023
397.3741855621338
443.1466484069824
449.9550552368164
467.5781841278076
565.0816841125488
378.3554172515869
413.9194755554199
370.10950088500977
402.5652828216553
445.19845962524414
443.64012145996094
363.0419578552246
442.5556945800781
404.615535736084
450.0486145019531
436.3802680969238
435.19721603393555
441.6338653564453
432.93701553344727
425.4320545196533
500.03165435791016
433.3726100921631
427.49317359924316
482.5233612060547
490.45852279663086
522.0695037841797
528.5671615600586
520.7347640991211
520.4389114379883
545.617733001709
445.7619819641113
535.9576950073242
547.497142791748
558.9735488891602
605.552906036377
528.9193077087402
546.224235534668
525.066780090332
571.2137641906738
528.1935272216797
605.6628074645996
628.864818572998
658.9273147583008
606.6070518493652
621.2405166625977
680.8087921142578
617.3762130737305
651.7316551208496
594.6229934692383
662.253288269043
730.0343856811523
687.0605888366699
739.2082595825195
699.8730812072754
682.0435752868652
596.9960327148438
703.6429901123047
653.9000511169434
794.9452667236328
648.3264122009277
738.8502235412598
699.6433525085449
699.5945053100586
670.4128646850586
693.312614440918
688.8588752746582
726.1547508239746
770.2661361694336
697.4872589111328
762.5081748962402
729.255485534668
785.1090850830078
790.2060241699219
825.3244781494141
778.6558151245117
679.0471839904785
790.7560195922852
719.8205184936523
732.9156150817871
680.9958267211914
649.8086547851562
744.9077072143555
720.5345001220703
689.7317199707031
613.7837982177734
667.2119750976562
626.3735313415527
729.0360641479492
651.724552154541
646.7335510253906
816.7688522338867
680.279914855957
701.2305488586426
688.7817573547363
735.597827911377
737.5665130615234
739.4421615600586
803.1688003540039
713.2165374755859
698.1678695678711
674.3892555236816
741.8751640319824
639.6884880065918
695.4435043334961
598.4624977111816
784.7935333251953
866.5051193237305
794.2044715881348
686.995418548584
872.3474578857422
649.9729499816895
736.4173812866211
708.4247703552246
636.3971939086914
710.4468803405762
637.7709579467773
688.0482444763184
698.7674026489258
632.108772277832
714.202033996582
704.2387504577637
739.7891311645508
733.508861541748
687.5813331604004
673.8988037109375
648.9589424133301
738.767448425293
782.0193061828613
769.0526351928711
772.4203796386719
697.3763313293457
785.212516784668
789.9367408752441
688.2489891052246
659.5537757873535
541.5858116149902
566.3000984191895
613.9641494750977
699.1905784606934
606.1877288818359
556.3936424255371
582.7776794433594
607.267219543457
654.0648612976074
656.1446838378906
521.8942909240723
635.4930953979492
544.7726974487305
541.7298851013184
558.5634803771973
538.5764808654785
586.8322486877441
572.3810577392578
550.2822799682617
513.1775207519531
570.2446136474609
631.100658416748
512.327465057373
567.9649963378906
600.4655914306641
584.4151763916016
578.2753448486328
551.4699878692627
546.7478942871094
625.6290855407715
522.8204536437988
538.212760925293
602.375373840332
555.8009414672852
614.3958549499512
578.035457611084
556.156909942627
583.075569152832
527.4080390930176
556.3823738098145
583.0863571166992
627.05224609375
587.6017761230469
520.7989845275879
579.8981857299805
604.8261413574219
560.9609756469727
619.9183921813965
615.297477722168
592.2176895141602
622.2839736938477
584.1170616149902
592.016773223877
638.2021598815918
532.0681800842285
577.5387992858887
600.5442504882812
549.7659034729004
663.0678749084473
657.1356620788574
549.0434150695801
606.5816116333008
680.7464561462402
546.6990432739258
502.5015068054199
680.9025955200195
569.4891815185547
610.87548828125
624.125114440918
557.488697052002
549.761302947998
550.9546318054199
708.642448425293
614.5264663696289
627.0617980957031
646.3650016784668
679.9062042236328
750.201114654541
778.2907485961914
605.2199554443359
573.7379493713379
631.8152885437012
642.5259819030762
582.6364707946777
689.5179100036621
578.1491661071777
652.1081161499023
642.9269599914551
678.1404609680176
601.7950019836426
659.0073204040527
611.1695327758789
546.304874420166
601.3435440063477
629.0816078186035
797.4357795715332
616.6715145111084
719.3598937988281
697.71044921875
694.8858947753906
646.3574256896973
678.0915641784668
667.9843940734863
608.0860939025879
710.1077651977539
706.8917198181152
857.6442184448242
701.8364868164062
686.3336448669434
798.9360847473145
742.0374603271484
664.2761077880859
726.3607482910156
614.5140686035156
712.1085891723633
615.9377326965332
671.5450057983398
676.8610992431641
787.1097526550293
656.036693572998
586.9492340087891
695.6217880249023
685.890625
686.0001029968262
697.0416870117188
618.0189170837402
660.7867050170898
639.7944374084473
647.0931625366211
673.8564414978027
663.713191986084
638.6884880065918
630.9610290527344
749.9156112670898
793.2108345031738
694.3210067749023
627.8580932617188
736.1857833862305
748.5662956237793
745.3133506774902
713.2133407592773
622.4304809570312
695.8533172607422
712.5464248657227
673.0006141662598
781.5563545227051
729.0187873840332
684.4367828369141
666.909049987793
675.3143577575684
652.7401466369629
702.0297813415527
683.3801040649414
626.5497398376465
748.5173530578613
623.2067413330078
634.8161735534668
646.7113304138184
626.2550926208496
682.6498146057129
629.2684898376465
640.5847625732422
660.350513458252
661.3847808837891
696.3471641540527
584.0507946014404
613.8401641845703
590.8973274230957
589.3800315856934
573.4967842102051
523.4537162780762
530.8374900817871
577.7602634429932
614.2143974304199
643.9222869873047
633.1256256103516
621.8655738830566
573.3130111694336
671.2830085754395
637.5039520263672
562.2374572753906
663.0854682922363
546.8173904418945
688.8652534484863
614.6329498291016
615.6350364685059
575.2292137145996
544.6642150878906
628.3219795227051
730.0000801086426
590.2516250610352
677.4912757873535
651.0214767456055
687.7223434448242
645.0411376953125
671.9480400085449
694.4231719970703
707.3053016662598
727.569694519043
657.4888000488281
648.1366767883301
651.0119934082031
619.7706260681152
584.0374870300293
621.8426742553711
536.2929496765137
580.7009887695312
603.5172119140625
541.1744728088379
556.4273147583008
579.6842269897461
552.2674980163574
632.7246971130371
507.04693603515625
679.0230140686035
628.0133895874023
589.0585594177246
519.0839691162109
610.2760925292969
509.14259338378906
587.3915138244629
568.5253829956055
668.760425567627
619.0708084106445
610.8459854125977
618.3251419067383
692.4615631103516
623.4725341796875
551.3208694458008
616.1924819946289
571.7928581237793
647.2379112243652
527.2249755859375
581.2181091308594
