219770
224852
214903
219779
221448
217693
228208
201967
218226
226604
222071
240986
232103
222906
225161
215758
209299
217847
219565
225520
220867
231339
216821
209176
197661
215790
205852
209184
243181
220511
218117
217951
212937
221416
209719
222844
212746
221264
223171
215222
218356
222574
206015
217388
240257
211068
223847
219226
217094
217396
208901
215203
220233
209866
227388
221409
229743
214675
225168
218756
221783
202012
217720
234159
216580
216485
227899
220746
246407
222241
224907
229089
221656
222619
222912
219047
218887
230374
224285
226574
219594
222376
227164
208956
218646
224055
220584
220345
229097
220659
214497
222464
222168
218442
221113
217146
219622
218973
221457
207305
214825
206983
218562
219043
230520
221182
222427
215237
225988
221689
216687
217350
224935
213070
223482
247781
217326
221739
210146
217145
231068
224859
220733
223582
228912
229614
218588
216515
232906
218927
226873
215671
209567
237533
237129
216037
214429
219965
226412
219671
222043
238247
225064
213177
229485
215199
227542
218684
215161
212215
217960
223463
227150
217198
213121
224977
233000
232459
222298
225200
217502
235570
219324
227173
219460
212202
228240
229390
222408
209320
225518
209442
215418
219586
234927
225903
207137
232770
214052
198472
217759
214572
225276
217487
223034
209548
222412
204367
213148
222765
207496
219110
230375
214705
214543
207546
218805
235332
224531
207009
204801
210691
229938
222452
215701
221650
218966
239179
223968
218432
210940
220986
227831
223512
214169
241574
218856
218385
209926
231877
213998
241861
212400
210154
223482
240468
217350
214876
232617
228394
216774
229087
230524
224816
252400
224372
236828
239064
208382
233097
229359
216001
222377
207491
227612
214511
217866
216631
228552
233439
229068
234411
212151
215390
225519
227271
222641
232681
214302
225946
232578
231268
207674
207546
215659
211175
229988
220792
225455
242230
220212
221427
229076
214888
207257
234938
226893
230687
224220
210487
225378
235548
232066
220419
215919
208489
231514
230309
212895
211163
225097
241290
216330
218103
227712
217665
210793
214966
210111
235439
219258
227102
259815
228087
215673
211600
221235
218838
221191
243382
229661
203539
211929
224867
219064
216977
228415
203628
222256
226133
215423
230913
239080
227201
224678
215338
221649
200239
213046
221138
221666
222972
232538
223052
211241
216074
229023
209294
217090
219349
205180
205594
231982
232138
215195
226865
229390
211029
246296
209637
213442
210324
224964
217574
218472
214445
228755
209331
209577
212979
222821
221339
217590
242443
222570
225965
221695
210768
218724
217576
211962
221152
210251
205684
212209
220914
207522
222968
208901
213810
223163
209975
226276
228710
217977
241421
226904
214944
226488
211532
217457
222028
237877
211977
216437
228451
221199
229548
246675
221943
228187
217974
206686
220883
211866
198507
205493
229692
219557
205649
227063
217305
214736
213411
208141
236759
215568
213975
211589
216055
206375
213399
228154
218896
226628
210753
229787
194713
220692
222409
216780
236607
220812
244436
218577
212389
214550
224452
238081
210745
220665
232771
216827
238180
230211
206928
216271
219981
219637
204510
224006
222545
219002
224820
224975
214583
220119
227289
203905
231761
204969
213081
216042
223290
215767
220371
215002
239153
216798
223139
213323
223673
202173
227170
207774
234748
230312
220496
216432
219968
222807
226327
210460
227165
217137
216945
214498
212003
224096
224668
259703
231081
230264
221595
221423
213324
244442
233417
213893
224430
207509
219561
227536
217717
221954
223007
215132
209178
215346
219484
211090
226521
213188
217765
230394
209619
203260
223554
220475
219566
227891
217140
222827
230657
218844
215527
225546
223878
221593
221897
236206
220327
232335
220344
212659
213461
226634
218095
233599
225979
217790
204020
212826
226694
232333
220135
227256
217210
211326
205709
219739
214799
220932
221188
233542
233926
221657
235199
230585
234300
194131
224236
217263
234753
220333
226997
218925
217973
222798
218151
218567
220816
215331
222247
215809
220372
222936
220187
214867
213540
211766
218529
229931
235454
227917
218490
220677
209282
234588
224089
236027
221662
224304
209964
212512
208691
207668
215544
218786
225677
217510
227815
205617
219117
211789
225911
220791
211934
217088
218898
225959
244102
200339
202699
208275
220655
213037
214579
218248
210387
206669
220201
233982
201934
232681
230113
234761
218666
217219
212770
214482
210427
214076
220882
220683
212381
231011
206058
227159
199926
227956
209500
221660
226960
206284
211902
207047
202070
231431
215772
212322
211309
209250
241821
214816
217405
224948
226329
216960
236963
211126
219526
224946
213783
214160
215567
216173
217849
207347
216611
225368
213793
202116
216741
223600
220488
226464
227107
224558
226475
221987
214183
224677
227672
212458
220030
208872
211928
215333
231009
226992
224004
218337
233575
220045
228417
217545
231395
220947
226022
225618
213367
230408
224338
225948
218350
223524
227191
208763
225029
227924
216025
204102
205472
231574
215063
220826
212165
219210
230037
229898
208556
216684
231550
203833
232191
210143
212652
205402
213110
230860
207687
225776
210336
220730
215309
226565
227222
230556
222098
209576
220099
211497
213970
221069
227233
210353
219618
212306
240108
221659
221262
211867
222346
217696
223376
220786
244023
220559
222992
222254
222967
207317
198779
211658
202740
218558
211344
201523
226802
225270
224779
217240
219939
211543
223683
207356
228428
200323
216164
223857
225351
219111
214104
228049
220686
216563
214180
221223
230440
220303
217389
228030
207330
246073
233081
238434
243396
209152
235285
201913
209350
211306
211488
214983
221266
223263
205120
209157
218976
210154
209488
226593
231160
207381
212527
210538
215494
213920
221178
235473
221213
229671
218355
209551
207364
224405
213261
230520
214663
214051
210726
210253
224965
225781
226633
221514
224009
210678
220035
212430
208830
219329
228477
209242
205439
217798
213553
208725
217355
220328
214445
223379
219198
208389
220858
210742
216447
223599
213826
209131
223759
220665
222886
225554
218467
222782
228253
230585
226591
219954
206696
217215
221500
210791
211115
220863
215873
214165
220441
212658
237321
222856
224793
227060
212040
230273
223494
236573
226155
206987
228141
206834
223178
225000
234175
227314
203926
222711
213185
209451
216029
217262
210135
213942
231028
195865
216785
228622
208685
227406
214237
223358
220941
219035
212594
216558
218986
220315
222812
231007
219535
200929
216535
226701
201668
206922
207941
210793
216570
228849
211195
228522
220919
220739
231600
228853
209876
218861
223095
210130
232580
219466
202857
221795
218513
191094
219424
212208
205614
205982
226995
224273
217396
220747
232887
209869
219645
206806
209676
207894
222038
211920
215977
230231
213574
223762
217105
227797
208920
216930
212913
225854
229798
219940
224426
212435
222914
218421
226359
229555
219070
225402
214801
231550
247568
225472
206686
219527
226398
233755
218488
210986
225144
215854
214752
226299
215846
227374
227114
215995
220006
235866
209019
229396
222772
211475
223944
219127
215237
219737
221214
215730
225973
212983
212831
214137
215707
214005
214048
219063
209679
216063
221129
208320
217393
215028
223903
219022
216881
222461
214228
225112
206241
234370
223350
222980
223821
221753
205108
209708
208643
208905
218619
229775
211203
208103
209770
214654
212297
217644
223145
210274
223559
230251
210566
235470
222885
226912
212526
217076
209809
207468
199602
220825
208241
216328
211345
216414
209613
223596
229523
212441
215656
228221
218118
229121
229591
220238
227356
216554
214268
208888
207818
213161
220850
220467
216356
214166
212868
223243
225970
214870
225248
210555
222733
209561
212195
232787
217802
226926
226123
218963
215660
221752
206960
214051
225861
204993
201551
219722
218930
226898
195861
228737
217192
194779
216564
221467
227893
219817
217774
212336
226876
215984
218298
220796
219667
207299
220200
209851
232360
203554
223665
209752
209670
221246
215722
225523
230196
217654
212840
225001
221342
224919
213243
238885
219446
212190
227460
219303
217413
218059
202876
220586
223176
231035
218371
223322
225048
224974
224088
219302
217619
208494
229903
203791
215172
235159
219836
210206
215642
218985
217498
223042
222511
213483
242146
210441
208311
221015
221287
234697
224134
218920
212780
210057
212781
223308
213275
215874
200517
237900
213038
212018
226147
208108
205779
205143
215004
209094
230504
227589
218318
207976
233312
223045
225915
210652
212844
207186
216419
210237
221380
222033
229124
222986
211358
214526
229016
209777
207457
223426
221602
233987
229747
217796
204032
229723
225973
211041
214870
242152
230534
212177
243849
224848
222444
242443
250612
228109
223130
225391
215070
234480
219233
227845
222616
214430
230678
222422
213383
223694
226073
212330
222948
228522
213165
208292
216936
225785
217675
211989
231366
222693
220772
220050
209162
226244
228768
236218
227582
212759
222995
227412
219881
205147
205402
231408
210290
232177
218721
226296
230500
228033
217521
224917
232101
218102
220829
225003
232025
211833
200339
206797
217596
239904
212818
211457
227254
221796
227146
228733
203682
218319
231452
225832
222419
211618
207426
202541
221290
243280
244932
213497
210317
214668
205784
209166
210471
218637
215391
219441
235102
215889
227673
223487
237067
240221
208713
223926
214574
229535
242513
259075
215645
209938
226750
216733
231933
224444
200469
213442
210861
206208
217892
224369
215821
208649
214652
222074
224348
217460
221026
230835
225520
205392
226750
220680
219750
224182
215366
224444
198510
202789
211094
222967
222536
201801
220489
210413
231875
209071
216459
220010
220190
230111
223401
227721
207590
222827
214287
219718
219497
206951
225138
219713
231774
202090
222110
211955
224791
219697
215491
220904
210700
217113
211918
211004
226555
219762
220372
222347
214290
208902
222865
221349
224210
219826
200605
230884
206907
213807
234331
218742
197278
224415
217379
205509
229991
209841
213630
217487
202829
221731
227451
209614
217331
215943
196608
218130
220540
224806
217326
212538
208587
218630
219746
211114
204188
226895
209665
211546
215347
208416
227597
221818
212431
212566
223282
227701
226178
211966
228517
212556
210881
211584
208995
218903
240048
212064
210703
229444
206927
196460
215507
228480
220248
208941
225305
215972
232947
236311
227474
212194
221955
211211
221583
218538
223121
216895
206066
217167
229096
215188
221572
218650
238807
208892
212603
212610
210156
225313
213816
209253
215358
224346
215432
231449
219579
225949
215670
210281
220640
219260
215474
222885
208344
217000
217131
214469
218544
224468
221940
201909
220467
220242
217666
214720
202877
216203
212265
223942
209718
208785
211364
226956
215217
211548
204019
218101
212532
211880
209181
206833
220664
223015
209559
215455
237304
209162
216333
218054
211483
220705
210586
212003
226625
219948
223207
210541
226436
216883
226273
211206
209803
220420
216425
222222
215283
226911
211539
210145
206128
217898
210322
215776
205387
225090
221377
210717
214221
200811
216902
216933
225248
219353
217246
218417
211455
219492
231671
212696
219945
226942
200508
201581
229024
210455
213884
213740
222036
215189
235566
214874
211413
223430
215831
228903
226718
211889
215374
222581
213402
204481
229027
212924
219685
202221
213773
199002
210180
203906
225641
226663
224627
218092
225607
214207
224534
222880
213301
225681
230958
225066
201178
220961
225774
207413
214795
218579
215892
231071
215516
220288
217112
224062
212751
225419
219351
217952
218139
216309
230874
205626
220009
239545
219285
234191
225263
211247
221816
226833
239089
210787
216503
207200
227567
232014
229114
216192
232053
223146
197670
226923
209797
224387
202138
223204
213942
223197
213221
220338
222571
205443
219055
208178
211046
208484
214130
228435
210274
225478
236354
225435
225730
224706
216152
212015
205677
228660
215305
235439
219436
223070
234603
206542
220728
209787
216906
224140
208117
224352
233014
215671
233950
225324
210970
223132
215278
228757
213244
212311
203917
227691
208398
214061
227264
215234
226963
218518
225033
226057
215483
208752
215411
224752
225834
227006
237604
213373
222169
226595
225123
223431
227415
210329
207571
215843
214795
210876
221385
217863
213587
210337
222368
212224
215707
202850
231156
202696
204896
210725
213891
222009
218548
215315
222141
205154
208778
211596
213101
218215
225002
219005
216531
221074
218289
215857
211429
210251
215733
215803
212976
214995
207285
213289
217667
217499
205739
211209
221503
220857
212247
229088
218489
226011
219094
230275
219704
217930
211192
215135
222305
225122
209031
216659
212761
207763
207972
202978
209600
218951
215647
211965
205164
206122
215215
220723
210923
208837
202341
235094
211614
218443
215616
221113
216844
218511
201471
223401
226095
215814
217702
229865
221376
216339
225631
213296
218885
213923
224570
219725
214728
234580
218735
217222
215330
207959
215747
231507
206723
218340
215679
221788
221083
226794
207457
214831
219941
219068
211635
204530
213122
216727
229090
234403
210642
223442
221071
217009
217559
229241
211994
222662
217634
215150
221684
220287
208559
211649
225549
214207
216854
221002
212847
241771
214352
209552
209929
224507
207034
217768
220492
211148
214223
206443
223671
222465
229596
213655
220049
234970
208270
205105
221041
219213
224097
223053
213803
210321
226159
221955
222730
231069
217603
217540
217936
220872
228698
232550
226786
212121
219198
223007
211687
221694
221475
210551
208931
209480
225369
227557
217190
217512
214335
212513
207371
211425
224116
221335
223198
227642
220825
222547
221768
232267
232207
222119
219600
221346
220551
229624
216972
215250
217036
218176
220650
229591
202653
224923
216073
208741
226392
218332
212805
207560
230083
213392
215532
233279
221561
204111
216847
201933
218183
223647
216299
207589
221320
218044
225154
221197
216223
232514
211305
214445
206121
215416
224120
229061
209750
211349
206674
202854
204228
221134
215033
220329
222784
228177
214708
215681
217846
213574
222165
225877
223758
220667
213556
222564
214353
227522
214864
231952
220826
202742
213224
224891
210617
222054
210559
220427
219225
200461
227009
204737
211157
221803
210508
211280
210367
232061
220773
201974
220631
227656
223760
221806
210538
222169
223282
208105
219549
212816
218656
223278
204632
221916
215780
227095
212576
214783
216290
223065
216098
215728
216450
205798
209138
218702
220960
216009
222069
209257
214357
210484
210961
206366
215918
213608
226845
226150
205148
228621
229882
210237
214083
216681
214833
224034
237088
215865
248013
223599
220687
219938
206600
223495
213513
207848
215273
214968
216743
211656
223765
220411
239439
231463
216389
203457
212042
225520
219481
216078
209173
218118
218011
215150
212587
220673
200712
216764
200615
208404
219882
204875
201394
226216
231444
219969
222625
216393
204940
230323
224121
233636
209692
223419
220724
210502
215052
209308
215365
213876
203754
207322
212183
221461
221266
211531
218092
222008
213429
216710
213053
212111
226643
219159
219886
215783
201076
221995
220271
221620
215248
211794
203321
214974
210356
206413
228652
221305
213639
231937
221711
238741
208170
207485
217358
212167
209775
222567
211634
228255
226358
221809
227204
231255
211361
210699
211711
231020
212332
224012
214499
210322
220015
208440
210820
212914
217434
209751
208364
218026
214891
229940
218690
458821
254251
225788
228258
207708
220250
206536
226193
209557
206320
215416
206602
224254
214841
204940
218739
211524
213740
204207
221045
217230
226845
216967
213082
218768
217063
225002
204386
236122
212832
224008
223088
214317
233575
221237
211602
208001
224175
230257
203477
210028
216900
211472
232300
207800
218813
205295
213415
220612
212709
219350
212942
229361
197463
230757
219805
205708
223565
210091
219406
201529
235290
223578
219629
221497
215417
208106
219303
204105
220043
236637
229729
227128
224025
208502
218606
208333
211925
218823
204064
224701
206208
223921
209450
214045
207661
221512
221243
208157
212518
210858
209994
215631
225067
220387
213926
209401
203059
216594
228991
214323
208448
215554
227343
217508
221518
212333
221170
205483
222857
213954
218396
217243
202662
225251
221993
239308
215975
237411
223923
220270
204985
211058
216132
218807
232297
222050
211044
229536
219763
222863
217791
219099
219418
229419
217521
202964
243854
209434
220507
224684
207612
221862
221088
225252
207516
219321
211862
222464
227658
209115
228738
204351
222620
216214
208569
220850
219126
220365
213023
230603
208169
211027
228004
215507
220679
227790
214159
209222
208661
220022
217872
224183
228560
212272
207179
213272
219826
217418
211234
210652
210518
213369
226344
216025
206960
217809
210783
215673
228268
213807
212772
222512
214798
218319
207069
201644
213215
216857
213148
238694
212684
210349
207056
219211
238534
228823
225113
217263
224382
215680
214370
213090
209571
212866
215841
214985
213997
222199
225692
210018
206022
210993
216758
220649
216884
212776
196189
230181
204050
221376
209961
208920
221918
224855
223011
244074
229276
209582
216666
205571
201565
204748
218592
212779
222335
216952
221211
207410
204766
213092
201517
226664
207071
205771
214127
217945
208626
229272
201400
209595
231789
220081
194779
226725
215737
215294
222186
206617
199047
213634
214065
221811
221347
238987
220260
211048
212117
219981
214616
219072
201469
214202
223487
214953
207502
224338
217725
236038
226231
209058
213911
220296
220963
214609
217894
207244
218862
218005
216258
224436
211915
214006
215017
215110
221372
206637
207439
213164
224179
218983
202483
214829
213216
215906
205377
222538
214502
213294
220685
218446
225278
204207
229050
217939
223140
216613
222490
219769
222528
210478
210583
206020
218382
222234
220311
220921
207630
199496
224327
216275
214206
221772
207150
216772
211232
220512
226486
220922
212470
208632
203545
221639
218451
214725
221489
228809
221298
240971
228185
217762
230662
224415
227290
220162
233365
220777
209959
220907
227949
213567
222229
207771
223496
212423
200592
206905
234501
256404
228423
206206
226635
217133
209774
208773
206969
222856
210521
226667
232249
207620
229181
206633
211153
211356
209066
229180
215974
208404
203192
210548
218751
224930
201483
201490
210049
213863
200019
206484
227200
211671
211967
205869
217803
213239
216753
222741
217745
232549
203829
212297
213065
215175
215719
211697
222900
215510
221457
220953
229021
222368
220878
210976
210084
204884
215564
213357
213248
223571
217957
225125
210864
208291
206913
219056
215785
214065
216404
202145
227397
228521
213999
212930
197242
216709
209337
212113
219670
207425
243538
219030
219841
254223
234772
224200
217553
225039
232521
207613
215923
227410
227032
224048
213435
226835
225021
227775
225473
216631
223319
217497
216602
212066
218097
226602
213014
206507
215086
219344
209056
218408
224969
215462
218925
217695
198052
221311
209774
220809
219874
206106
232813
216920
212277
218687
201686
211208
214449
206067
225914
220813
215442
211499
215415
213664
214324
220061
225218
218793
205598
230869
212536
222527
239446
239884
247364
207342
219873
219823
206267
218941
203848
214094
217720
207791
210966
206910
213885
212462
215673
211400
222976
222225
211963
217495
236453
232946
218387
206466
215384
225796
206644
199688
226481
209540
216739
216852
202859
222951
225734
206804
218105
224028
212847
220350
221388
209010
213643
229661
215975
223251
213618
222851
211240
217937
223857
221506
209347
215204
215061
220061
209481
215477
212302
223876
210725
218819
218188
193823
213232
216412
222743
218289
226502
221671
210459
209401
211184
220560
232782
223190
221447
214358
203177
196981
212919
226739
221539
223112
204953
215510
203001
212210
218672
200511
220769
230514
209213
227594
215930
218176
224531
220223
205117
215980
206967
211889
213350
220286
220571
220827
212656
212245
206730
216803
217529
218161
217242
209545
216053
228713
233069
231015
207519
240734
203918
208852
223076
214551
220487
224035
216698
194536
218331
223086
207291
223339
230169
215711
227718
212989
217285
212350
211278
208454
240917
216719
203612
222117
218312
216879
212050
231834
269760
207550
215264
199074
211830
215635
225706
212235
212368
213060
211800
215572
226713
217720
203792
218095
215482
224560
215953
218257
200192
218207
215535
227245
225893
205862
205301
237016
220987
207569
223073
224179
233514
211055
224416
220148
220989
219751
222180
209090
223626
216148
219816
223118
221608
208355
204625
219558
222023
225274
216792
211243
223792
215788
225216
225830
203374
220131
226345
223129
257243
220041
223704
220386
222129
214590
205450
221546
218143
214151
211372
217884
210734
220070
219242
212389
209185
197830
200523
207286
212435
223242
204479
213708
215964
221053
232239
205257
205033
222764
236510
227321
208548
216200
216783
216685
206073
210141
236191
207722
223343
204986
215155
219919
211435
227061
207948
204405
217668
207727
216163
220142
220722
227334
208227
216935
212451
224368
214024
204499
208867
218955
212036
220020
223338
210386
217139
202712
220848
216351
219490
202443
219940
214211
209404
209255
203851
223137
217479
215361
210838
219867
211882
232272
230761
212774
225451
215008
209407
207610
207513
213343
212316
207724
207084
230851
207910
216291
227405
199998
215907
219051
221338
219282
220030
210385
233392
214493
228403
214502
214594
207512
204368
210101
221858
213743
215766
228503
207522
211551
217944
211563
214405
231091
220284
203802
206526
218955
212060
224664
213991
200186
211442
213577
228720
203316
221719
227438
216643
218417
218202
216792
210769
229702
202636
212386
224363
226935
216659
200857
211424
212035
222786
214856
212542
206405
203390
229778
207912
219800
209549
228722
220124
193473
201557
212198
224646
213006
210080
214547
213782
213780
215992
219094
219193
227532
209308
227617
216584
201497
232863
210495
220632
230131
213728
273548
372334
231179
233639
220894
205920
205102
210285
213056
220783
229663
220508
217672
216202
220618
215398
216355
199482
209989
209466
232590
228120
221325
215908
219680
212609
214196
212769
197610
209341
213224
210479
228631
226083
221265
213615
207262
211251
221188
213409
218442
203626
212968
205956
215665
223615
224137
208107
225185
212062
218875
230419
218956
216004
216413
221776
217109
212237
216110
213519
215467
219510
220282
208154
220488
208536
205426
215673
227140
203222
207938
231518
208520
207185
220742
228191
224540
222024
227743
207187
218607
227119
222376
208149
216753
219482
228549
223128
212086
215892
225086
203813
205780
209801
206255
215114
201245
213114
216278
213926
206787
208455
224580
213621
217266
216794
212870
227478
212749
214195
214128
209937
224058
227925
213642
221564
228361
217052
208741
211824
214697
221744
215915
220312
231935
209206
223886
221710
206743
220192
225079
226250
205094
221356
221298
215437
214341
236122
211088
212164
205036
218550
204099
222140
203864
222695
218197
219379
210171
216712
217629
233261
219993
214274
210837
220321
205180
211484
210246
211731
219084
231552
225346
265486
206469
214208
215862
215841
220672
212715
209727
217588
218794
209372
210325
202958
203826
217818
217880
226953
219186
215589
203927
208227
234065
207206
212377
209901
208505
206084
218202
205923
218814
209110
230254
215789
216804
210427
214924
213442
210297
220557
228434
217659
211154
193857
226469
235470
216020
221828
212749
207336
221762
225053
225249
199793
206403
209569
207148
215972
218259
221006
222210
215912
220252
220220
212847
207071
216931
209840
222023
211089
220667
214158
231007
210796
220971
212147
224678
211317
220076
238458
216603
203695
206920
214282
211890
215514
210383
201736
208535
204738
221763
209016
196221
212322
225943
206121
211085
214043
213624
227931
223191
225927
240300
222025
218799
214994
213181
217964
220222
219173
198490
214957
205229
216823
202910
215556
217442
226529
213331
213324
222053
219221
219224
207880
213866
201116
206234
217851
180312
191297
199266
217688
214872
220500
222087
214747
258915
215692
216151
209356
181721
185062
183674
187273
194446
200480
206870
210585
200986
207021
221461
222535
215362
204975
220139
207746
202620
211428
213283
220080
206497
220592
213287
214978
200800
193733
194482
181061
206200
215511
212496
218282
211174
216559
225395
267948
216099
213766
202285
217459
207275
231090
217851
219842
228655
202494
208390
213762
221228
210857
217239
183088
217086
219724
220130
214610
212611
218930
207174
211963
227127
214047
218367
206154
213015
208550
211626
295237
223218
216054
213276
218675
216688
239080
578609
211748
223193
206686
224052
204166
215676
199244
207998
219914
206056
221659
191286
228903
218479
212547
208979
210326
215025
215569
214742
197891
210468
220443
206087
234290
232643
216414
225166
221244
205999
227747
206058
212294
217396
212126
205217
220537
202517
213686
218383
204415
210792
224119
220812
223464
206792
219348
215374
211626
211265
223270
219647
220037
206844
206093
223543
210943
207821
209757
215931
213628
210110
208589
210108
210351
210425
291301
222023
200304
212454
204971
216609
212049
211979
214235
205529
211978
225554
214591
208929
212541
210662
221101
213386
212625
211096
222617
213438
223639
222319
204344
208095
216231
214522
226468
209761
228655
220327
215212
205175
219763
210993
222792
210386
213004
224781
201977
214662
221841
215401
210253
206393
228163
212568
211425
217643
206019
214430
194769
221256
207114
204245
208201
207555
203572
207612
205533
204788
226059
221149
210032
207488
206875
176047
202593
213444
208039
221606
204412
217326
197365
222797
212396
222931
214228
208298
224790
198607
213349
229352
215441
219083
214997
222579
219990
233489
210371
208731
212267
224108
210924
215088
221891
213493
219371
209375
200326
206034
220818
198705
216359
222503
226750
222055
207532
204294
201260
188223
202698
210547
222441
215900
227389
211244
207745
216130
215942
204557
225797
184725
198875
181705
208202
214308
215437
222404
217762
214870
215512
203869
201983
216455
224524
222688
214756
215721
240900
207546
193821
207829
210699
214239
206795
209385
216114
198599
208679
208216
212150
215855
212010
209712
196470
221139
220750
214203
220398
211391
216731
220991
218842
205795
210210
224884
203123
213752
207545
221162
355553
206437
213411
215580
209864
213045
212443
217689
212804
225838
209097
221080
214331
211832
224052
207994
216007
210015
219939
213642
199707
216683
211019
211592
218410
204438
210046
209310
214035
216458
225641
210141
221799
215934
223166
215540
207596
220724
264390
211102
210220
204374
207766
219896
208465
212054
223024
224241
227334
210549
212387
213983
227430
206214
214778
222790
205152
213385
277319
281245
227454
220926
221514
215818
209401
225372
218128
202438
208950
213660
208155
216792
215703
210975
216780
209396
218340
213903
216156
218574
220434
225665
220597
220310
205243
210128
224183
211648
210679
217475
205702
217919
226727
204965
216556
218485
210952
222978
218371
228390
216354
216233
204729
220532
203007
215594
228313
227907
213996
210807
210395
217176
207218
206644
223404
214541
216363
216350
202392
211518
208475
214691
223736
227213
213692
208606
216018
210295
225009
217643
216810
223712
218475
213992
200883
209496
214247
216238
215530
216038
210293
218672
204175
206172
224434
205183
220032
219504
226671
217289
211139
205077
222973
208185
205050
216895
219870
217317
225906
201526
216834
183185
216298
216698
219301
197445
231898
208746
200107
214561
208507
229442
221987
211553
217061
212182
220380
209686
218365
213880
217603
202078
221648
214655
204403
207524
218614
227031
225240
216813
217654
217548
193951
206876
215287
206396
226111
222427
208593
206220
211484
206444
214378
227544
284783
221192
210117
211396
210743
217618
219471
216819
206676
204098
215251
213857
202577
213186
213959
221029
220349
215890
222206
706190
208162
212666
202645
218771
212249
217250
206479
207216
218613
220124
213566
223417
216493
203958
216369
215264
215446
213782
218007
203384
204240
223003
209383
204199
230799
232064
222335
231512
202125
199807
216841
218894
229289
217586
215895
227706
223820
204924
209634
213592
210036
206750
211710
219327
215983
202987
207662
236853
206560
214393
226133
205433
211679
212293
215186
218285
210841
216238
198813
211237
207968
207468
216213
208643
212934
218084
208653
206644
210432
214943
215825
217672
215966
204112
217995
217304
212187
214743
208778
208518
207230
223403
205301
213777
223440
211795
219852
192835
214217
224371
201386
211767
232600
207719
222069
211500
218978
217118
214599
214021
221843
210823
202340
213430
238473
215759
214826
209682
214177
202342
219195
201013
220155
218251
226319
214124
208977
233110
224767
207328
213858
206014
204595
228375
220990
232772
214911
225131
220903
209887
218552
203181
185420
211784
217177
210335
227905
213932
204504
213060
206407
184073
233629
260210
214770
211992
217089
207038
217248
224704
207471
212635
219295
230333
217805
216585
215156
214612
207829
214470
217111
221659
204573
205171
212614
217627
207792
194740
211903
232349
198874
217345
222059
216013
209615
214355
220763
205254
210910
237778
277522
217928
216331
209734
216650
211489
204711
220887
205734
219338
209536
219735
213986
204925
214950
215836
208095
218162
211784
222807
224129
213677
208901
211648
215465
222368
210048
198044
201874
199295
207695
217573
208591
218136
212715
207379
219322
217898
211946
212406
201408
216099
234653
197877
213227
202324
210492
212322
220756
207691
230136
203436
220285
226838
229347
220572
217129
208105
210458
215796
221158
213077
217047
224806
211047
222515
211468
226413
217881
214973
212602
219856
217031
204810
226815
206059
211760
216704
211469
205278
214278
207790
216923
211737
217514
206987
215022
212518
200646
206971
223932
215966
206485
221765
196071
218945
215926
217678
221484
213621
220165
203935
213281
215332
208017
210659
218954
227027
209382
212164
215675
203046
218134
203631
211456
201848
205370
208988
212672
216283
205223
210892
229833
217968
210176
209524
207765
213588
211065
214908
210273
207458
218877
205252
552997
220172
207507
222806
206428
201804
212002
211962
211715
208616
212552
195592
214942
214331
204343
202315
219642
205396
197588
221807
213237
213929
203456
219501
208963
210324
203728
210645
227325
221959
196028
210141
214309
217810
211474
223126
213817
205122
207322
207413
206300
222054
209591
207881
213555
219917
222700
217619
201257
219929
207910
219149
201064
216022
182772
206210
212790
236060
539020
202546
221421
204183
203963
210807
212503
232111
218194
203521
201033
212172
204375
200126
207486
209454
220956
219505
210168
209106
202123
213104
211940
217084
218589
203128
209657
187896
214329
221862
223757
213723
218623
228223
216505
213840
211009
200369
209859
196923
213298
207849
212367
208266
222136
207327
209013
219759
213689
216710
221678
207578
209832
214058
215874
212650
217687
216095
215344
206646
204412
205409
205723
204273
208835
207928
218235
255691
211159
225412
213189
222813
221897
226687
222129
213925
217508
222264
212901
207057
211390
212219
220666
217458
228508
219326
211346
211567
243968
285257
209412
221145
214210
187406
221301
214417
222904
205568
214179
212734
210093
208526
217453
202376
217147
212839
217449
203253
208984
208827
223691
222724
205971
219957
221842
200815
195807
213515
206866
202918
214002
192703
218393
203038
206234
206190
218969
220370
212723
226093
185053
171326
175424
187365
212986
209776
213147
221164
211176
218446
208987
213093
209895
201959
309347
215464
229259
224229
214694
220001
219134
219485
213063
210119
183253
208562
206232
214250
215137
211589
216781
201122
216161
218416
219202
210081
219673
222218
197524
212253
223990
206810
204835
207443
209140
221445
196799
214106
192956
200999
204290
231869
210393
218033
206190
184863
216442
198098
213843
211591
230855
206100
210909
202397
206064
213274
199192
184590
214630
202216
221344
213287
221984
215141
207820
218112
211144
202294
203884
216872
210193
211620
212150
203338
208624
211540
215319
214860
212410
208210
205787
208740
212512
227087
205458
210320
210420
220100
217609
209235
215504
200806
211384
214215
217530
222146
212641
241623
217882
210331
208308
218684
215895
220168
219928
206471
217317
209586
218920
229009
227033
216586
213409
224727
209693
237367
224446
217269
222385
231507
231801
204031
210942
225120
205992
189319
180951
223217
211945
211075
301798
215499
208639
189033
210524
217113
219945
213130
228176
219479
225794
220000
216702
210878
214283
197945
216585
215156
211893
211168
205814
221321
184163
211549
211208
212771
203788
203866
211335
205057
215206
208839
203607
216637
216435
222861
212035
214136
210682
211785
209185
218239
199717
220494
206159
203975
208466
202839
213631
214869
222511
214697
254392
214863
207241
220138
208717
203206
196755
210551
207356
218608
189406
206002
212093
209987
206613
219989
228649
214487
207889
186654
212804
208676
220017
212795
214875
216502
221488
202971
214715
211323
205739
225687
202024
210034
224623
217220
214831
217257
216191
198740
208232
222426
205103
219699
271855
189788
206509
193381
225948
216286
210442
222655
223307
205448
213181
196618
196606
207142
209293
199312
211743
207802
223540
209635
209726
203140
213500
217849
211494
211068
219834
207663
208525
391446
215203
218583
298660
220373
213642
214016
218571
219731
211527
209598
207397
212572
204809
208694
212545
208673
221792
215245
215542
209782
230987
217125
227614
217889
209644
221936
207945
224937
213514
227827
212461
201390
213709
216581
219820
211295
307406
221444
213722
226473
204596
208146
221159
211376
210751
212377
214692
222855
209386
201494
213367
217405
203755
204468
211467
217978
222564
229672
241369
208586
215336
217611
181783
991482
452571
215349
196393
219702
186071
198020
213591
210547
206144
215323
191058
219865
206045
225320
211625
219250
211959
212979
210668
213364
202048
218688
214156
211490
200581
217405
216316
210561
187969
194205
212908
209683
216935
210271
210733
200775
211441
195997
208423
204456
218206
209928
211252
206012
213159
209520
209269
199627
183681
230176
215577
220446
222326
209809
231319
214458
215510
217445
224147
225990
211282
225296
208088
213906
210532
221042
212407
216453
209934
202368
226374
211996
226340
212493
199338
204908
209744
222629
222813
202503
215533
213950
208517
240722
201519
204714
220092
204484
291757
323018
200453
208035
208363
206207
202247
220934
212115
214586
217919
218695
202557
212429
218189
209815
209057
208783
209847
230566
214796
211679
218019
205471
206953
211661
211386
215215
216940
214205
217971
213003
194973
208932
219388
205453
193879
209005
201738
207571
208097
201359
214965
201769
208656
209392
211637
210579
211425
211430
219852
208867
188862
210929
215843
217785
208895
210704
197606
200653
222879
215088
216499
205587
217878
206342
225652
204473
218824
215819
215767
212194
217053
215627
208594
214092
210598
200373
210045
218373
215393
207091
215319
212060
208792
216293
215738
208425
229211
225542
210899
223731
211205
199096
210096
209318
226276
217364
227904
205471
204694
214067
204118
212217
217731
226286
296652
219789
225363
218282
223805
212602
207723
205395
221997
229084
212514
220635
215586
203158
217326
218342
216142
209176
206872
189130
214613
210816
208682
212479
213117
212144
214652
213730
211346
218904
218582
206960
186249
226967
203449
211079
216474
235872
208739
215911
214199
211332
220627
207115
216442
211623
213665
214469
200347
219198
207756
211748
212720
187038
204624
222391
228749
213063
214190
209252
210274
207209
203864
207898
213236
201861
220907
216753
206753
207983
206046
210824
214602
204408
209930
205632
203864
199883
206424
209170
214987
211182
216059
205624
206806
216027
210958
209257
208695
213873
216151
218457
219514
214743
203852
213386
211530
225212
218716
213850
215892
210183
209340
208693
205114
211510
211248
210494
181338
221220
208974
209745
225593
214705
219091
224054
214998
214030
173220
181455
196373
178788
206203
223887
212280
212454
213456
209171
215149
229630
189148
193243
220425
214753
206561
206609
204844
190998
192310
205870
228041
212044
200245
183558
183518
197219
190756
179571
191322
207937
216136
196229
197030
220660
207125
206864
207836
209411
222671
208555
208815
218414
214320
206771
207768
203079
211797
212714
221072
214074
205425
209693
209015
213224
205282
217704
221277
212220
219064
208283
215788
202979
205492
214519
189236
221812
208128
206233
213677
222217
222549
234748
210992
225947
212093
199619
200193
209249
217644
204451
223754
207535
201702
189217
223583
212222
177300
220287
201135
194908
208374
221009
200281
219634
207968
218527
215480
231701
214081
203838
211998
207403
215364
205073
207289
214951
216846
209688
206862
204931
227325
203439
218506
201688
225804
218152
206803
215069
206055
211211
218781
211451
207205
219165
456412
209442
201195
212671
216920
225380
210608
207484
213377
210249
213611
217123
211130
209561
213149
214308
212459
213407
211270
205363
194710
213774
215695
204748
220407
210874
199080
208853
213917
187809
212397
216207
209598
219643
220633
215662
216457
192271
204799
204006
220961
205896
216222
223999
184823
207776
211055
229863
220379
206938
212198
211192
173810
181371
216966
173697
173839
169970
178134
216479
214550
201887
192750
218724
203067
209439
197481
213157
218083
214865
212462
1170176
1196721
206193
216881
204483
217974
212661
213067
219447
216187
209252
200800
210744
212417
214190
202510
220372
205302
219762
204830
203012
200546
217928
227165
203258
186302
188754
223628
209334
220398
207968
222041
210391
221851
211516
208255
213583
212005
210408
222498
223280
212296
217492
225383
210395
218581
221127
209241
207467
207105
218688
202972
220720
211359
218877
199979
213300
217153
228469
217433
208748
219123
215002
215323
205623
211094
212844
210813
199466
192030
209227
215169
209548
199909
207036
202980
187768
180811
223250
215648
205646
212291
215046
221467
211806
211735
192792
176816
209190
208884
210337
209720
207670
219707
209279
215605
223638
212001
184824
204877
212354
217443
221670
179914
210472
220053
171074
205690
294018
212778
181228
181742
185331
192933
215012
201836
210958
222325
213032
212492
214498
224661
206677
214663
202304
208722
208380
215838
199462
208019
208476
205185
213498
217317
216206
222599
196260
225317
216987
206972
210022
215795
211578
218954
220894
207879
202419
210313
191397
217348
212415
224151
212463
213568
196639
203700
215958
210711
218860
178406
221772
205525
216595
260594
216751
230525
253327
210738
220143
212864
199616
219468
205049
214878
205031
216064
215792
212652
201985
208747
218195
205628
220200
219973
214235
209270
190588
231124
211884
223215
210717
213980
202171
217471
222776
200930
225804
214712
224698
199764
202020
216466
224618
219755
218712
221549
209641
209012
201441
216769
211514
224073
259770
185591
193561
219223
195725
215817
211832
212260
220019
210830
213993
216432
187057
217135
209578
201304
248191
222846
212168
206436
210666
216234
213759
214445
210803
213499
213682
216971
219550
212214
179627
204306
221703
219642
207078
213427
222916
216957
195303
224115
224953
215207
193813
221270
1202554
449029
210362
217841
212412
229924
209960
219315
213579
191261
210141
210462
196739
210263
210941
216932
208256
211930
224006
203055
209748
202079
209025
221936
206662
220398
218714
220195
215856
218238
218340
214651
207924
214679
220825
205190
213851
213805
213584
211161
204084
216117
211106
213341
196098
213121
211976
217873
201522
216929
217512
214158
206131
213886
212893
202930
191330
184555
207852
216524
203437
218005
208357
223393
203089
195881
200611
199870
207621
197623
248639
226479
206458
222447
218349
215486
204402
206872
206900
209142
181977
214769
217574
195861
201415
209617
213495
208968
193133
196493
202989
203537
206486
208105
192958
194779
203316
207654
190092
201413
210837
220925
208307
212869
195148
213060
215301
209366
209139
192619
179383
205025
186390
180332
195768
211088
213828
180173
303217
197548
211720
202867
220727
174133
174909
195699
213214
631136
193568
210466
211335
213596
208641
206518
178355
199541
206419
214435
216922
213034
215706
204157
213538
206583
216699
214979
216213
211974
212223
224166
221271
211986
200883
215905
209631
213523
214888
215207
218443
215810
213074
226007
211715
207716
223851
208971
219347
336807
203190
210874
214288
216776
203606
218490
182388
214990
219386
205174
219086
195824
203863
180170
196437
205753
206279
210812
171992
216870
213044
212054
209142
212428
205617
212552
207315
207723
205325
207459
223035
233037
209068
221753
212388
314901
208606
200089
200607
216502
224448
210520
216189
208776
216316
213554
205597
217375
208156
213197
196385
211035
219707
207758
196892
213464
209907
209079
214834
210624
229187
218587
208674
205972
211725
212730
221299
216975
1223018
205795
218472
208381
216719
216162
218201
206940
211511
202231
201797
224200
210590
195220
184695
216628
205723
213056
209167
216013
183255
176823
212859
209120
205083
218251
210055
212150
213178
215198
205640
213364
205427
201552
204039
221973
214188
200620
217636
204851
214809
213198
205646
207225
207896
203561
208013
213447
196547
208569
196937
183496
208045
207368
196837
207614
210589
214556
208638
210833
202154
223048
217006
214151
214292
223639
234631
216040
214239
210733
207479
201168
216308
226471
200774
201567
199987
200943
220091
185880
205132
212746
217600
179012
213215
205825
198528
189975
220644
216918
208265
206405
212567
192626
205203
178793
210596
211487
223197
248720
207298
187894
218521
201760
208361
214220
204005
224314
222611
215916
207016
214024
188211
215226
207290
213985
215633
216089
215545
213681
196092
206796
212435
211095
180825
200890
208240
199554
201444
205393
194414
220316
208805
210138
202651
196536
201627
215036
219908
190179
212013
212669
218010
186684
201769
291829
214713
258583
205818
203446
206357
199542
215058
215544
213519
217470
213970
204830
209406
212802
206053
204527
218017
246537
210991
173632
203762
202872
190663
217684
224126
186739
215847
219945
210832
215223
209414
205298
218954
206558
209582
209855
213193
213131
218870
213489
217354
209960
214758
212255
212921
218282
210456
209523
204310
207949
209771
218899
191732
199064
187811
210359
218793
222460
196242
201898
206109
212740
203566
210098
201630
212787
196445
209121
211990
201073
202824
207162
219704
211602
184998
191549
210239
199210
216659
223856
203091
204749
210615
210538
213631
218149
172535
211198
213627
215506
211240
211508
219293
208237
210619
205890
213933
194018
215971
310197
212171
202912
216775
191769
218927
214842
204455
207552
167071
211014
202243
209326
180684
167991
177977
224720
202365
189954
215812
217465
215636
218132
171321
166235
184677
215724
202487
209504
214505
207344
206658
223914
210384
199249
177210
215679
213559
208110
219178
210377
205920
212130
198327
204834
202668
216878
212871
264997
244776
206258
206230
215277
208379
202122
208011
207373
223076
207649
211667
210039
228317
203267
215207
211861
232034
218779
211645
196414
207346
206991
207482
204335
193796
214311
208123
219719
204153
212190
217354
215586
222054
219075
204887
204236
206305
183155
207041
217834
207040
207196
215982
211574
208355
198914
193709
221963
213392
252395
212623
314390
179790
205757
251149
205365
1304001
215400
214840
220173
221320
206855
186027
204413
212568
191283
216620
221754
215855
203670
214768
207271
194836
212663
210049
213097
217603
219475
213780
204595
209859
202968
219756
209755
172067
217152
213818
213260
215060
211704
217603
211753
216595
210635
209868
211509
208606
208909
212581
217856
206810
216813
207918
212188
208696
220407
207394
226611
231466
211180
208851
206535
217220
211733
193425
206107
220653
197532
209251
214694
187781
216927
213119
189624
203784
212493
205040
218515
204971
202584
204790
206488
206628
232792
204975
206930
214874
207871
216962
211979
196029
205608
202438
203691
211763
178265
191489
175684
195570
500441
199268
203225
206531
175902
188403
189393
213320
204707
207509
211005
198167
205582
197503
195853
212912
216285
205248
201371
202866
203823
186666
203175
200801
210353
222834
212388
765797
1255145
198771
212849
199836
208024
207437
206492
202725
224611
211957
202283
212596
208947
211879
202060
202740
207666
207743
207581
216111
203633
205825
207372
212946
215235
203886
213736
213397
207757
216803
208237
217552
214502
204472
206781
210526
218430
218367
221635
218448
233777
207362
204356
354885
209418
228489
215378
207417
205686
212804
204885
209308
203969
213871
213780
202506
209344
192541
187263
209138
212535
201041
203721
172764
201721
212043
199820
207418
220060
282224
181747
173992
206785
208837
207546
184541
204207
204982
219691
207127
178600
178640
204623
211097
219288
203641
214442
216180
205757
188192
206248
206748
171156
213883
204364
212536
200321
208669
216590
191455
199581
216966
209996
208985
217106
197764
198265
187010
210556
206781
199103
210293
214568
176274
220623
212035
215716
212355
223641
194206
208416
208012
183858
192124
215022
209810
184757
215586
213523
184297
201008
185660
215942
219411
209834
211616
207368
334518
245538
206542
210672
215455
210367
200277
204564
211889
214503
205582
217340
207864
218942
215622
207849
205184
198122
201701
210177
213111
204747
177966
218833
188361
223192
212815
204506
197741
211847
204924
207603
203185
204460
219026
215815
177097
216938
202719
201655
206028
214409
217715
190869
182813
193834
171131
171336
194584
174683
195260
205749
347360
211210
191560
204935
202580
205041
210773
210813
211042
208727
212341
211011
194334
216775
211320
189270
210080
206454
214871
1255028
1172001
206357
210924
173221
165797
169762
191190
167585
215614
216887
210849
172302
200258
179263
213106
214391
209172
202714
174847
212602
219516
212028
203661
180780
194072
218544
216882
200648
186655
186144
214595
172434
177078
206863
194233
204899
217961
205582
204127
211611
205587
273503
211128
208368
210282
211568
205825
199118
210026
215227
197211
200423
212450
213173
205746
207188
203300
188596
203801
177135
189355
206118
199030
207153
244605
205179
216781
187384
202206
206813
207919
206961
216167
204425
200246
209326
218293
189190
167193
208872
216458
201626
185298
179235
262992
207708
202054
181052
192736
189276
205144
180853
190657
198447
217768
214334
192227
199926
208619
218083
206536
207527
189426
217151
210657
206443
205448
203890
191198
174285
269465
207240
203596
178329
206370
196603
175445
210019
215980
187510
212374
1048918
286587
172304
188703
187174
212012
209192
212310
212395
209063
193132
201868
195150
207763
188900
172571
213352
209830
209186
205051
207031
191349
188386
206608
201597
217738
210245
210525
180538
214182
212191
210528
218728
227314
207807
214441
201049
189985
218511
187487
199918
197362
194616
209498
200942
203046
213866
207222
224891
204125
209137
203386
208715
216379
210290
170694
193644
191493
169561
221297
195842
205776
219765
207906
209590
207631
180817
188357
209949
217681
215043
185787
168794
184114
206327
196990
204800
168663
171487
191960
210800
219544
218504
212760
214786
205071
219334
213177
200985
177491
202396
291087
201331
214739
171333
210132
204178
210730
202487
205944
203034
209517
190056
185108
208079
214893
204488
193337
209520
217467
174446
210646
232036
201401
206681
206586
206818
190872
207788
204481
225991
216177
190853
216031
220265
217261
208786
208906
195599
211836
194618
206475
214771
197195
210408
209460
199172
233524
288263
207754
219648
210829
194955
209872
215046
184731
208465
199589
207426
178224
208971
193696
215158
210821
209663
216258
185719
197601
193733
189707
203099
205963
181434
168572
263772
192917
286994
588803
352534
181365
215563
215147
167253
166955
184939
174623
171320
164031
193179
209641
193881
210943
209751
209440
210085
207801
188982
196008
201995
176374
203207
185800
213754
177630
190146
199721
177612
194438
168093
179002
206026
207861
207783
183140
215012
176100
180883
194687
213224
201844
182779
207766
205452
215285
219717
176132
215196
284285
207444
301962
206037
212958
225012
207143
203460
213300
201778
233623
355878
211248
210340
211997
206779
339377
200063
212972
215466
210540
207986
204476
203752
205281
205290
170256
218490
213098
210361
214420
183984
181093
197493
206201
211483
207177
210099
211149
197617
217206
176111
204046
202249
167863
179331
206447
195004
199808
173721
205053
181931
175252
164271
193318
181183
208498
196590
208267
174214
176773
207115
208848
205976
213043
172949
178198
196471
180196
222738
205981
191652
213170
207798
169645
156591
190251
210452
181394
175560
210763
206556
188014
205612
356691
207099
213537
200521
208801
173317
194390
187778
193757
193340
173184
204505
175731
211624
212307
176883
186453
190476
197551
195983
206938
211885
215255
210153
203794
172721
203481
209969
177232
207880
218154
192483
173570
208951
170622
191865
194767
176438
182945
212617
170392
185286
217686
172842
204184
208131
190260
195620
181010
208241
182368
207692
207072
220299
204819
247272
322440
216660
199269
216892
179824
214984
203662
212099
210984
181063
1453987
288774
385403
1427477
173126
180127
167545
194105
204411
213367
207279
207068
204282
205826
208345
210727
205132
201669
205229
222642
206174
213472
218194
197324
206679
197986
209894
215321
204146
208187
208100
207758
214054
209091
168576
209568
212619
208035
170079
216223
165947
497218
211210
180491
173558
223382
202879
207273
220747
770072
805759
210547
214518
220432
204313
220156
199503
210611
207943
207759
207267
208282
210440
219008
218683
220317
209429
204644
203835
206039
212056
291783
209904
207631
205336
173671
207331
209060
174727
211823
213397
216271
278155
228420
213375
206224
208730
356164
205427
211262
221504
209861
214814
174787
209468
213778
184190
198503
203862
177585
213147
209593
188884
200218
187816
176641
175893
202496
191828
177488
185486
189510
205735
192734
195025
209047
178765
193486
208511
213909
199855
193543
198143
193091
214766
211063
207355
212830
215953
178840
202095
170975
199470
216351
199799
207149
264122
201544
216087
207094
216453
197465
180808
211780
178640
207746
186072
180990
203905
204090
211474
201608
177180
213037
213773
217674
190059
214430
207688
217531
184102
202370
212825
201651
207924
181890
202674
170905
209965
205525
202838
212922
199036
218075
198136
261892
199286
212761
201215
341138
174120
188217
183058
243186
209140
174659
179241
196576
189045
214364
222404
209832
201734
183179
179511
188607
186030
171983
168444
211264
214190
188017
186490
211319
223818
202608
208654
202137
206305
182156
179230
198817
217186
201560
194715
176741
212463
257204
211427
203876
186130
181695
192391
211347
173945
178012
210715
198441
201523
192102
199607
208535
217920
201452
214325
203369
214943
160886
205773
202964
187212
201584
176364
175341
180098
211147
206063
213705
254247
179404
216979
177517
172348
168943
178196
179070
177069
193666
189932
217501
200953
212423
195033
212968
210117
213844
216133
191958
213350
206471
175088
205445
171380
174458
210967
212144
200765
202728
212083
208541
207190
187864
196038
218278
214007
186799
199791
210097
183823
212981
222666
212546
203633
216131
202957
207027
201790
180182
188713
201774
198997
210001
189400
189567
211116
206944
211339
333688
254748
174089
176626
190537
192319
171961
180620
208764
1037656
186615
179481
175052
245727
227554
269304
208825
205689
196408
280737
345503
213934
211203
206415
215365
207981
208163
199164
217175
187316
301721
272073
209024
189572
208691
211976
215692
213192
213570
214166
209490
218349
554086
247460
216873
219851
223012
215592
208470
202487
177304
205256
208492
209430
208858
207278
205533
169385
210202
187252
190722
216692
202823
211641
207606
212272
192146
211757
206696
210451
210898
352628
191274
181536
183942
210773
224329
174902
235464
215717
212501
173507
169020
162043
198114
194403
182364
180429
192814
205635
208128
210218
204711
340707
210036
188698
204682
185777
223961
213023
209227
208218
208257
154809
177725
171602
214389
183997
203314
216474
195072
205307
181540
208524
214442
176649
198845
214778
207076
213035
177356
218769
220314
196007
215354
169609
212048
177106
189722
182289
173044
206774
1490223
309388
220069
164793
174911
171928
183862
161799
208648
203426
207890
201747
202512
194436
201068
161685
204089
187073
357030
215461
197773
174112
193849
217651
163054
191081
209852
199465
210343
205611
166237
208328
174064
155185
200250
207628
201521
172245
188961
190159
194228
204056
208498
208428
197517
199356
218931
207170
260591
165993
356675
168643
176953
184896
165013
202354
206613
204756
189039
174325
173653
207127
204363
208985
209941
207143
207338
206043
263336
206564
192203
208655
268723
178665
273653
187007
183111
158150
182502
182691
187682
174383
161235
178210
177749
181140
208985
182805
261825
163147
192413
209866
190335
207903
204970
215420
203928
199925
291808
210538
207602
205024
195882
211881
216807
205182
198419
216082
222910
173960
205496
203486
201523
186669
208655
206606
175367
216473
195125
159140
209185
215027
204054
209428
186523
224908
209991
205063
214579
211649
211429
194220
213227
189162
209751
216965
196502
204612
210534
206419
174307
200586
190053
201711
212344
207711
217580
219001
207253
202224
186268
187578
352534
210103
192192
175841
196220
210371
161885
152939
212548
186030
178360
204680
156409
173335
212999
198266
158435
182821
201407
156126
214270
188273
178770
217849
181926
203237
212238
207867
168822
212564
340382
176654
155994
163031
156811
157478
157527
147848
154436
155142
156149
153788
162122
154757
366045
158319
163966
162977
157495
159174
157974
165255
157252
170451
184619
179970
181183
213929
209418
210320
208306
181728
208228
214904
202531
195432
210807
168741
208541
1458654
182677
169185
179635
208720
249447
204488
206741
154206
157415
153638
156083
231710
1490380
211965
158203
161760
159072
317204
314550
321825
316244
323630
326703
322685
241201
205842
214596
224744
206002
210158
204934
204270
209220
222841
199732
193540
212973
162664
154732
181353
155826
163455
172614
370244
359043
288368
155627
160385
149112
155332
164040
160517
157625
157926
160308
161881
163093
160621
172648
165451
176504
175881
171610
177834
179598
188523
175588
196191
189511
191983
178510
204904
211192
213648
200019
171555
177149
178773
194516
186016
188944
176462
145237
181624
171524
201043
210336
191200
187327
165712
183345
186538
212032
173069
195328
202590
207700
206845
209244
149376
200519
209835
150944
171628
222973
158911
218799
171873
372445
631224
197847
201701
201295
211754
205434
214184
214296
165520
169437
147970
163767
210689
215944
158955
182000
179143
202732
179550
168044
151846
149746
147118
159504
161834
164196
172328
210783
210215
204761
207435
166323
176228
180389
168742
169802
160881
182545
169714
171778
210985
180379
210810
209165
204478
205050
263734
183771
168755
187968
210380
160547
150023
150579
160840
160898
161593
162150
195286
209504
210760
216298
211556
204226
208788
206144
206409
209759
154880
204786
208122
210816
205957
209056
204903
164218
209862
201720
205312
186701
146603
154171
160855
193580
205134
212794
206958
195450
207831
210463
179537
208148
196632
172574
1515284
201329
259772
146858
148961
153796
181717
177893
179823
205161
211487
205114
205980
168900
187616
201744
200868
218625
191468
211768
206203
179505
186146
307037
170136
213661
195015
212727
196113
276775
170268
178001
179433
203070
215290
193188
180602
204662
202079
208361
198027
218119
205145
167540
181146
160944
207977
1013386
189697
214617
178607
200292
180016
168447
183795
199415
207369
154471
187012
148875
146052
179972
174434
166455
156576
165806
160622
201867
200530
194633
198734
179853
197362
203492
202250
205587
212453
153630
175134
174893
377750
172193
194263
183758
187757
184539
161605
162694
158079
152557
154064
160475
149958
165832
193852
168525
155115
166922
210529
207852
175074
150556
151766
330240
166284
337313
357680
1560948
219123
219392
206194
205078
208206
214109
207822
202856
210333
212085
211391
371837
225910
216433
253541
203489
209532
188276
173078
203003
212354
228867
211521
147396
170509
215680
211842
193587
150285
228355
212610
207174
220221
167493
174175
149439
207061
195440
215847
206908
266243
267537
265247
168175
160168
176801
181939
168508
166670
163487
152305
148656
148258
186394
198445
205036
208632
216282
207619
207933
204217
208855
180477
212235
206400
205507
189178
325372
156581
205310
180444
156141
193568
220003
148542
176686
194225
182689
171910
208838
210912
211308
196879
183979
202248
197504
164052
158035
163050
160980
157915
160377
148527
171228
156406
151229
147098
160112
166719
160781
208917
206646
214457
209123
208730
206101
206858
215077
158224
211826
144954
149979
200702
369914
379980
173884
161288
158760
149785
158327
180159
154724
152483
153429
150634
145999
152380
149265
158098
204186
372728
373078
372243
377079
385341
378686
364817
158443
149051
147807
148732
152958
148767
154149
152886
155828
160667
148508
148605
152206
153526
153640
158415
157955
158389
160155
160407
157820
157255
156087
156118
161006
167237
157273
158924
160690
155387
158999
159902
155310
156780
158284
157272
157728
276364
146274
164182
161092
159192
161594
156197
156684
158169
157870
156098
148207
145928
149266
144912
161260
158470
156508
160604
239786
242055
232976
238904
241813
236250
236362
195607
148583
205987
206443
156600
195330
178727
161848
163895
152693
385423
169017
166003
155621
152774
152481
151786
153885
153240
1591945
1605469
1627221
1657170
1654210
1634528
1620650
1631741
1638333
1609147
1636770
144782
157173
157838
161072
161374
159397
157668
158281
161176
157750
160005
165382
166355
173954
172393
162114
155077
147946
144982
148377
155128
149104
152813
153089
153554
149248
145049
144510
148995
146981
145943
144406
213578
205397
199577
198382
148729
152723
151592
148056
157898
159231
158210
157335
158694
158085
157663
159330
158352
158679
156603
161125
151434
148588
146221
148647
148391
149709
187764
158367
157169
157996
157800
158843
160425
161340
156463
160370
360184
385024
384256
387054
386277
387947
383479
354696
157553
159639
157680
160478
164466
158137
165188
169341
147561
147704
151820
158924
155997
241887
337116
343971
331988
338110
338523
348629
346949
324467
340551
334324
334206
330366
163132
186856
165043
150788
248753
206181
185701
161481
149201
343228
144563
152501
155513
151048
144665
145960
167606
154752
164184
146911
169246
195575
201973
200591
205457
211704
1628998
181407
145362
148074
149623
153665
157303
150035
151389
148625
155763
156576
277445
289809
280950
272602
263726
150275
147553
377574
399775
346995
158146
159192
152424
153285
154828
156467
160711
277319
269069
277808
270305
268750
147910
147799
151759
153070
148206
149915
150812
156410
148710
164976
167839
167188
167671
168964
147052
150249
147787
146968
149982
147209
151637
211255
170177
160365
157412
161828
162465
166584
156649
154124
153270
152687
149653
151045
150506
152755
147388
171170
160965
237470
236118
239412
218005
204299
198506
151464
147270
149841
150291
159655
162224
184763
170292
195668
212557
210056
212162
213010
212019
204256
208227
162462
172431
176948
177683
176459
154184
178183
182610
146701
149313
186446
1669616
1634420
148679
146250
151119
151255
152419
149109
152009
168076
148372
149113
167266
146822
147414
146550
152104
149048
148944
153669
149310
156397
150094
157001
150709
146777
149628
150472
150869
147391
152512
151438
149076
148304
150255
150225
149073
162021
153285
146512
146745
147074
148959
144702
149746
147046
169518
211228
203786
218815
209256
205989
209111
149960
210711
208582
151411
148424
148861
172936
235593
241149
153533
157415
151441
168560
167980
196961
147756
149075
277498
138425
148691
167976
158025
189146
194506
206398
199255
210417
211291
207777
207443
198906
280752
272630
182439
171230
150312
148309
174432
175767
171291
181486
167822
1683698
397829
185804
178717
180105
262422
167592
151190
149325
149746
158145
155692
148532
171655
150777
151982
151750
152262
201174
172079
176476
173575
167616
177250
176676
176351
154386
159074
158777
147069
149256
182047
180999
199353
200131
200058
155054
153352
148747
154357
149117
153233
149628
152808
155510
477494
503850
159823
148956
151129
153170
160766
161330
161971
161392
161709
160613
160080
161295
161873
269229
277583
145151
149614
154177
155137
149337
150519
154789
150935
154032
206582
170642
151171
159493
205856
172061
167706
168076
166734
148595
206577
211409
232226
383980
392316
388968
388952
387296
378414
394432
383585
170270
211144
194939
150408
207413
197560
179183
154002
179185
164486
169701
171838
167944
168915
170527
358164
179335
151083
151368
150476
148376
139454
150115
153696
150547
151889
151574
153233
160717
165111
165881
203577
200766
191838
169752
161548
159775
165144
168713
149254
157304
151222
155121
153802
155299
207621
168038
170546
169281
169471
171279
174045
148138
209562
160804
146080
151101
147110
146617
148151
145850
147917
150651
159787
161496
164676
165505
162541
162793
161888
159169
161782
159015
162251
162068
151796
154781
155071
148174
401021
391319
396832
386158
148709
152574
152909
153566
150349
151474
150356
155777
152081
153106
231127
175121
177550
160505
157451
148301
150914
151745
152012
151417
150389
149920
150922
148750
153119
147326
150004
148972
151287
148556
152599
164771
340848
341282
151643
153127
153293
151827
151147
154786
154023
153666
148014
164284
276834
169837
149013
148342
149996
149810
148698
183811
146594
147282
147300
149925
147817
151139
150169
148579
152637
153041
172104
148875
148072
145978
151380
152453
148588
148724
238559
246845
150751
155980
200728
239062
333598
1683549
1731433
148007
147265
147643
164777
166259
162599
162606
171303
174425
181988
175882
177258
176528
167429
343733
162111
159076
158323
160577
159391
162196
205113
204610
204100
202956
202961
146680
248699
276326
279285
149859
149688
172312
173279
171401
170638
171400
169680
163815
172922
153197
148195
149892
151453
150115
154572
154446
152506
152072
177088
173133
176656
176339
170778
179671
173722
179969
237772
164290
235005
151358
158104
386688
203348
208046
208216
208943
240248
239074
248345
236030
271322
279236
272102
277922
201858
210571
201459
191044
173105
151112
151672
170265
172320
172355
163959
243084
242517
248549
233570
248073
244127
243755
230075
160362
161496
161588
159281
151847
159980
163324
150004
150036
170546
149352
156519
149433
150218
149381
171320
161170
160492
163368
164768
162781
163772
160487
162558
147476
149495
150396
146484
162519
147784
203028
168200
186208
150780
148723
148176
150912
203171
205190
202291
173575
177397
172804
172519
173973
149413
150937
150250
151765
394041
398247
390847
395020
399130
389804
392043
398200
150613
149325
164864
152669
150819
153831
150013
153202
151287
164351
152098
162340
152994
149674
179334
165661
164948
154616
153558
152323
150966
154886
154307
160833
152013
163773
156648
176639
237212
178298
199016
796206
174684
167129
166869
166911
163705
168883
169714
167989
173169
150455
149213
147605
172807
172074
174534
172652
172894
385384
245089
151679
151265
149121
150604
151199
149844
150947
152886
154691
151068
152100
154656
153497
150762
152612
151325
151912
150254
150384
151455
391520
390968
405543
387261
396642
399029
386707
399450
161210
152795
152716
150982
150718
151120
155777
153793
149639
150795
163678
161321
150168
261039
278348
147367
150748
151257
151015
152237
151958
154997
173421
171954
210608
204626
201808
211681
206688
154784
157085
154354
154949
180337
166266
165572
162815
164152
165764
160996
153195
147257
151995
150008
148424
148926
150052
151171
147654
148434
151601
148703
150171
150862
161980
162813
163582
161304
151313
147638
172087
149936
348889
351365
350545
151214
150064
150274
150365
151148
150596
151264
153831
169724
160563
185027
177027
176683
179557
177914
164415
152109
150468
151761
155739
154528
173977
173928
174556
151248
151009
153487
155726
154081
153688
150613
176019
149034
151843
151160
149154
149973
151560
150158
174456
175894
175238
175052
175185
151377
148373
150296
151420
150065
150346
151193
150498
152145
166317
152045
147656
149807
148774
148959
149866
148885
233777
149836
149769
149777
151453
150945
358991
351931
350446
359361
353206
353223
351778
152664
152883
151158
153455
155474
154148
153030
154700
365197
154461
152210
283051
157947
156742
163964
164407
163676
156009
151068
152583
152465
150802
151119
152808
151033
208120
149328
212785
201567
209307
198248
200870
175173
152096
158408
161146
177023
205437
197090
201546
209698
208140
206973
203841
151396
150428
149185
149853
164283
165806
162837
165561
159277
149365
156980
151185
149941
199496
393116
387386
405066
397911
397302
391394
402940
151194
209402
271131
1777933
1727629
1741455
1787576
392024
176385
175798
206953
201645
151264
202066
217325
214044
212613
214973
240869
199223
151060
152692
151489
151430
149951
152170
203776
209790
162946
150862
150217
152567
149121
149490
149606
163117
280709
356272
151099
154205
152165
164976
168118
163160
162523
164939
163858
152396
153886
151112
151527
150092
143461
148739
151064
278432
1772169
176361
177909
177319
179461
175996
176725
177036
174925
172504
179131
172986
176619
271797
150890
153917
150848
151485
150780
150495
149127
175364
175217
164735
164158
163124
164011
163276
240467
257879
250634
251823
255259
239822
242102
248152
176261
176166
176655
150567
150944
151597
152291
150546
150859
152234
152189
153616
177999
178397
177453
176908
180258
154911
153608
150490
153284
153463
151703
153867
252895
246509
246520
259722
248296
247876
150583
151012
151719
151124
152248
151868
149654
154551
150686
150864
152224
151020
152904
150955
180534
183044
181163
180918
181647
149927
150169
151878
149669
149833
150027
152559
149150
151132
151710
1802234
1821345
1767952
1779931
1838040
151651
151768
150897
157954
165242
167595
196908
199227
196792
177237
180185
186955
185647
176211
167722
168314
158367
165150
187350
222185
228980
234140
411250
397480
398331
394473
398982
407003
406845
205277
214382
211372
184224
153787
152290
151230
153665
152533
151445
152689
151031
151511
153574
153278
153347
154600
227913
216830
225083
216330
216914
149445
153273
151803
152508
151977
153572
167609
197203
211057
208978
280559
278591
285443
154966
154286
152378
152587
151360
151873
155284
152203
152507
150977
151440
150838
151730
151361
151835
153340
373455
362233
365897
367372
367432
166604
168674
166925
165533
199636
202438
195515
206845
202255
191853
151399
153483
152798
151742
206077
151288
150267
150769
168089
169595
169883
168239
168424
152131
151683
203171
152240
152994
152366
165018
1821453
1803432
1821719
1844702
1834206
1822873
1801573
154454
153356
169723
180991
177391
187555
189460
187073
186614
193611
190205
151194
152196
151257
154904
150999
150521
153076
151272
174604
175623
214838
204260
210609
207654
210068
162886
206920
205951
207080
150894
166722
166047
166409
166253
166056
168679
153675
179906
178283
178470
179725
178462
178851
178789
180238
154133
165143
165087
167734
165194
166259
166414
151260
151607
154118
153436
168077
167666
167377
166798
166447
166331
151472
154233
151637
152446
152787
153130
151749
252215
165406
165306
151963
155283
155036
257296
245074
256152
250861
176832
177700
174938
171281
179198
181853
180438
172817
193298
155086
165415
165698
166010
154472
153713
154557
155325
178956
152357
181948
182359
179934
180406
167931
281601
166375
166003
167429
166392
153467
201347
209119
207202
205632
152090
152063
204355
212975
152341
152931
152723
152393
152692
152824
151316
153610
154100
152835
152918
180306
180752
180253
179903
179405
179850
183286
153553
152236
151980
153246
152710
166096
152110
151962
152518
151993
151722
151347
154713
166661
166072
167115
166089
166631
166233
151253
151208
151093
151750
151798
151947
153951
153687
153511
153198
154455
155222
166598
166541
165650
152279
151954
180331
180994
180683
182453
180300
152423
151987
244262
249646
245176
151787
151279
151346
151563
166562
153386
152630
156637
157055
160494
156957
177010
201326
205295
166668
370509
153691
153626
152961
153918
155088
281240
286680
286539
280102
276970
152417
154438
153291
155204
152361
153919
152106
152712
151967
151990
153071
152130
369506
159987
156796
209159
212750
208579
209182
153986
152106
153542
152946
152751
152416
154294
152638
152613
152852
152815
152866
153105
152438
154591
144404
152267
167244
167592
167908
156803
154325
190163
167545
167455
181129
181498
153534
152555
152315
152611
169149
180922
181394
181595
180875
153069
153053
181256
181804
181173
180940
180891
181410
182058
152270
154160
155488
153559
153425
152660
153459
153209
153588
152576
152927
152536
152765
154348
154437
152362
152307
167761
168378
167511
154175
154321
154769
158661
154037
152938
152871
152558
152478
153057
415157
414586
342966
419545
152661
152292
152166
152604
153703
153945
153381
153405
152380
152820
153105
152940
153904
152961
155310
154191
152317
289965
282982
288785
284810
277861
154383
153571
154006
152487
155162
154502
152372
167112
154141
152746
153621
152500
151678
152393
152406
208601
154602
154083
154784
152284
157791
154003
163700
153201
153589
153737
153203
153274
153103
154778
153629
154229
154390
154129
182236
182677
182303
182585
152955
154466
168053
168433
168458
168285
168290
184526
182336
176916
177969
176901
175828
153751
157099
213686
182640
182133
182651
178963
182213
183486
182635
183119
183107
182985
182383
183043
183174
183444
182795
168148
154118
153074
182398
182889
182651
182768
182575
184112
154747
155291
154947
154188
182678
182650
183133
182934
183082
155677
154451
182266
183008
182910
182703
183944
183006
183010
184720
182628
183112
182795
183157
183367
183180
183571
183135
182942
182976
183506
183122
183619
183388
183157
182802
183269
183693
183594
183227
183161
183006
183397
183607
183734
183278
183499
183516
183363
183414
183427
183858
183298
183296
182981
183948
183229
183258
184034
183789
165371
183416
183604
183282
182827
183382
183586
183621
183365
183423
183615
183184
183524
183873
183601
183516
184020
183734
183424
177345
183329
183325
158281
183550
183244
183385
183973
169056
159311
183295
184246
183480
183176
183132
183367
173257
167390
183713
183486
153325
183890
153963
153625
153539
153513
154140
153895
183641
183674
183739
183913
183617
183727
184509
183580
183883
183413
183848
184034
183555
183138
183436
184068
183536
183626
183884
183704
183374
183658
183768
183949
183706
166739
183952
183832
183597
154838
183552
183654
184449
184247
183635
183984
183214
183292
183431
183579
183242
183864
183729
183584
183593
