53815
62601
69406
56964
61581
67211
56093
64011
58906
61329
63018
59511
61065
61042
69942
64611
69141
66387
64420
63649
56674
58304
67171
62019
59276
67433
62512
61270
69823
54167
66071
63636
63780
59912
67063
57785
62426
61130
63830
53918
60417
62121
57162
62183
63927
58462
61133
63449
67447
62331
61622
53538
62091
57417
66798
56504
60383
60229
64099
69132
64072
67719
70737
60974
59125
62843
64393
59602
55863
72154
62812
58738
62595
61719
65986
58709
63018
72411
62312
74003
55216
52926
64619
57684
66543
67825
62073
61672
67578
68125
61255
56685
59983
53228
65204
63548
62787
54859
68284
73814
67738
66023
56000
63054
62539
72715
60194
55665
63288
68367
68443
67313
57767
55345
60948
67734
66703
62264
60828
66208
61799
67159
62890
60111
64201
72303
64127
63216
68685
71608
64625
56247
65683
55826
59499
70820
62733
70178
64651
62784
58141
57795
61192
57398
67356
59993
61589
61658
62910
58483
58755
63666
67820
71655
57778
61259
70554
61718
57257
62988
62427
60551
61164
60507
61882
63374
64527
63653
67325
66201
58080
67496
61220
69863
68269
64180
70037
59559
64185
65745
66251
55587
62119
61018
60520
60095
69321
63165
60145
62269
55017
58809
60095
69702
56675
63681
72330
58679
60808
58637
62163
64238
68882
59156
61856
68064
60100
62898
64560
62867
58044
68538
70230
65598
65401
62864
59776
63217
63429
59390
62463
60833
63101
69321
70342
58440
61278
57696
61175
63516
66833
60342
67340
63837
69510
57904
69789
67895
64922
62643
63385
55701
56569
56069
53381
59312
68957
62654
56482
63566
61714
56598
59614
55236
65997
67299
66153
64694
60596
58716
64225
55919
66913
57582
64159
59896
62041
65673
62603
65862
71524
64754
69122
68374
63429
64010
63260
55340
57468
70115
62329
63259
58458
69578
64740
64942
66392
70635
76809
62153
65868
56053
71482
61283
62104
62337
61858
60470
68888
74169
71848
62348
68874
64025
54526
77032
59422
63984
57585
60496
63681
59348
60566
56485
59903
65542
54479
61895
60093
63883
69190
62915
60774
62410
61423
64060
54612
58138
63607
55461
71746
69798
56813
66866
65116
61967
60549
64140
70913
64926
63253
62487
60400
58385
58984
63041
57402
62927
65292
60996
60277
56431
62635
67074
61667
49932
62054
56834
61912
66667
62382
66824
57078
65471
65149
60592
57156
55722
55479
58854
58393
55434
62636
60314
58852
68508
62870
75546
57568
62269
63217
61244
59738
60613
65910
60074
62285
65717
73363
57064
66651
65134
68268
61361
62964
61057
59551
68146
59463
62010
60703
64745
53948
57329
65521
68874
66438
57276
69799
60695
57924
54779
59673
70531
65721
68614
59658
61619
60659
64642
61063
56175
63557
63388
61967
61853
62482
65206
55026
66511
62272
58155
64118
68986
60732
65006
59736
61904
65745
61158
65118
66338
66558
64239
55880
67099
62901
66513
68669
71020
68007
66580
63961
63893
65353
69499
67395
64375
69034
69154
68028
65980
65615
61945
61842
63262
61325
59118
61307
58910
65109
66370
64051
68255
67524
64460
60549
65167
63908
62277
67428
65387
64435
65256
66780
55386
62004
59590
59362
63490
63177
65457
64581
66646
64316
59106
64049
62112
58176
62712
66920
65853
61719
63472
67144
58751
67818
57665
61951
64325
65894
61849
58641
52141
63490
57796
66874
57447
58216
59704
58704
60672
64826
62263
64652
58665
62098
56827
63513
62616
60509
59549
64471
52024
59604
62672
62696
61333
55772
65598
64726
59638
71431
65110
67118
56777
59282
58217
65421
58560
54277
71724
63850
65301
58007
54946
57982
64484
59524
69848
68519
66103
69629
52897
63487
57960
64554
65870
57891
64084
58840
60454
63412
57312
66159
57556
66543
52408
63694
61376
63724
58133
62535
60148
61197
65938
63151
54228
64159
56048
68385
58969
69453
53722
63530
68642
65088
63391
54787
54628
62777
55729
52665
58338
65915
64945
59985
64376
59885
54380
61650
61436
55031
59359
60787
64769
65302
63580
51931
59859
59750
61709
65453
60602
60682
58933
59213
63347
59963
60684
57259
56815
57089
64553
58980
54972
54371
63809
54529
52088
60065
63397
55984
67107
57331
64722
65641
62769
61855
62813
59431
60763
55789
71594
57665
64030
62900
49467
60016
57193
62685
61902
59400
59870
59184
59720
64943
57320
54847
63080
74366
60214
57584
54194
56228
58056
57848
59349
61928
57128
74520
53443
64785
61540
65883
59650
58363
71167
57182
68989
64737
64714
69679
62584
64032
63977
58870
64019
67524
63315
58650
62165
67350
53237
61788
62733
60968
64078
57902
56871
56415
62126
59665
58489
56979
58762
63269
66246
63810
59559
56358
54797
69678
68142
63137
58805
69412
62571
62436
62470
64279
60000
59436
53612
66894
66030
63758
62445
57905
60654
59581
62229
58209
57826
61189
61007
60011
60061
59854
57969
66203
57339
61117
57382
59740
61073
56747
57921
59470
62606
61066
64907
56808
53484
67855
66094
57894
62888
74057
61168
60263
54292
57466
51283
58372
58015
57480
60518
66757
54538
55706
59953
62530
64348
55740
58338
55512
59623
60285
64200
63005
66389
72592
56632
62705
60004
58678
61503
60724
64008
72040
59008
63385
66006
60225
58502
57004
60265
62246
61127
60929
55211
67177
58345
57240
53215
64159
49015
60584
56575
72051
67334
60421
61585
55105
55307
57409
56136
64300
60228
65393
51481
59359
59620
63421
69261
59285
61984
64359
59976
55879
58319
57753
62193
56081
70456
63506
61375
54896
63141
62347
63128
59891
55887
61930
62077
61067
55887
56985
59084
62896
66033
57296
63243
55264
59616
58003
56796
66849
62368
64751
61849
58812
56563
58596
64176
58532
62276
60809
64684
66109
64971
57327
60791
69497
66564
68601
64705
67264
66625
67342
62504
62696
63114
67092
62327
65547
64764
65186
62570
67068
55908
62748
64077
64538
51614
59610
70037
64054
57504
58427
65170
67550
62586
59634
51386
55386
62769
63827
62203
56140
65113
59504
68369
54740
62957
60708
58800
51086
63835
64598
69209
63856
60280
63165
60348
65489
58023
58836
56216
61125
53467
64769
61542
56419
54043
60997
56046
52932
60681
56538
58759
59481
59259
64995
61580
59599
57045
65066
62229
54466
59606
55326
62688
66282
54398
57349
57406
56094
62031
61739
56018
55575
57788
58179
61100
55039
56644
60244
54943
58211
60742
64078
53689
55184
57149
59166
52046
54655
64024
55985
51411
57994
54756
61183
55284
62953
56428
55593
59849
61851
61622
49583
69766
58484
48830
62161
58540
55117
55283
62314
58052
61695
55951
54443
51603
56859
57796
59391
51674
58541
62843
55599
62785
59138
66350
55426
59336
58441
56248
53214
58488
58867
48265
57294
57854
57063
68230
62823
56796
59380
57473
57185
56665
58824
53753
61502
58814
62737
54356
63104
62785
59002
60400
63704
55040
56783
56495
59594
68048
61355
54309
56368
63585
57586
69051
57617
62488
58254
61423
60990
56282
61336
65270
59521
52355
60273
59885
58695
58999
67199
54792
59522
58790
54777
58423
61228
54983
59651
56797
55558
63174
61271
61186
58832
59980
55549
62492
63856
58247
57545
56951
63575
57567
61627
57723
56485
56738
55834
57291
55254
63313
63510
68515
58641
57658
63929
62093
54782
64042
62085
64814
61653
62324
66928
62062
54315
59736
58375
64098
62210
55400
57659
61425
67749
61946
63459
63528
60320
61348
59271
64339
54375
71188
57893
62217
54184
64944
53674
53988
63120
59496
59099
61361
63727
63873
62305
64990
61138
63570
61160
60943
60871
62864
65583
66143
59086
58679
66379
60672
54269
60657
67418
62797
62186
63256
70842
56241
56850
62771
61947
65163
60527
63529
66877
62927
65629
64225
70346
67524
61075
63597
64976
68318
67901
62602
61850
70988
65216
57107
51330
57934
55656
61214
64714
59128
68199
57210
69532
61177
62536
64031
64047
58934
60089
61796
60291
60802
61131
63536
51740
59853
60126
63929
60829
64852
63467
64052
54342
61535
63784
62921
67397
67936
57192
56839
57249
61306
57677
58323
60130
64238
59152
62904
58242
56024
61973
70916
58351
63479
60831
66999
60719
62760
55314
66451
62805
62640
57941
58368
60119
66230
54835
58935
62458
61635
61473
59889
64326
57401
59390
61680
65414
59833
68465
68442
61911
55893
64300
60451
59968
60255
60657
57064
66962
60112
61828
55891
57933
53937
58332
60399
63674
60440
62869
64757
61147
61412
67162
61194
63747
65978
64931
67223
54121
61342
59293
64654
68869
61750
69083
67282
63774
69456
64377
70951
62472
60506
58525
72097
64379
63315
58574
61728
66758
61749
62590
59830
65318
62242
69489
62545
71563
66331
58934
65048
70516
62033
55358
63888
64835
55414
63693
56534
62973
54225
68062
65506
61102
63057
55067
72267
50278
62718
67425
58083
58594
51649
63143
56114
54041
64295
58706
61095
64253
54098
56320
52277
57937
54954
58639
57438
60184
55816
60219
59633
61515
53823
61387
56347
64574
62676
54796
60346
58760
59038
63031
59130
55448
52907
63353
53134
60907
56187
59073
60477
60019
62714
60230
59352
59047
59568
55090
56540
57356
66928
55909
54160
59931
55934
54200
61160
55165
54635
59946
59080
53704
62114
57549
60455
63554
61802
55702
59086
60851
57716
52578
56753
58812
64188
58880
52423
52067
58580
57463
64004
49366
60266
59331
61636
51892
62518
58769
56238
61382
57424
61442
54082
54492
58302
63775
53582
59029
58324
61193
68386
62522
64604
55920
53910
60854
57535
59060
64761
61271
59604
61521
64785
58220
53585
50130
60201
62914
67659
58875
63594
64777
64714
54657
57044
68010
51014
61433
56541
64758
64504
56561
56318
53691
61228
57129
63738
57942
53782
55083
58523
59040
61311
60504
56982
58200
62036
59991
53754
51993
56948
55484
60141
57444
63486
64510
64568
60299
59172
61868
64617
56032
60134
64993
57973
55285
63069
61677
46244
62426
56992
54869
59570
55555
55534
64226
55136
61417
59626
55084
55916
58057
63609
61281
57071
60271
61227
61554
53905
60299
52475
53494
58698
57888
56447
56475
52575
55322
61552
57758
54841
66701
61162
54047
50379
58684
66839
54736
64391
60425
64214
61571
66030
59329
59290
59640
60336
55097
64131
51720
59983
57618
63239
61635
55894
54659
66730
65452
60651
59225
58235
64299
61587
61005
54239
56699
61613
54856
58690
61068
54718
57613
55701
49236
58623
60986
53492
57695
54228
62553
55663
58269
55795
54013
60937
58545
58672
58122
57711
59185
56025
58067
63643
66767
54146
53486
58596
58106
57363
53845
63728
52972
60312
56347
67507
53607
52006
61112
53989
61509
58568
51729
60181
57477
56220
59949
55641
58531
59751
55700
62609
52194
55900
66370
54171
55596
60661
65094
70169
64562
63281
56774
64648
50689
55906
56515
63106
60029
65288
55615
61255
59941
55905
58788
69683
59451
64144
59520
52535
62982
69030
73101
58497
58909
64909
51440
50937
58503
54054
54334
58433
63730
59490
60472
52837
58041
61057
58621
57806
58087
59175
52960
52364
60061
62328
65475
61180
54714
68330
53696
65358
51772
53288
57376
56307
58098
61014
59229
63366
55484
65786
58983
55400
52550
54806
59929
57150
56244
55855
56627
57126
57950
55107
62259
53807
57974
55540
61089
53042
59160
66381
57010
58713
56393
69779
56290
53680
57363
55575
61353
56703
63255
59087
58045
64038
58888
65486
67754
60765
57209
53583
51910
60829
55708
58691
57147
61459
59065
52072
59310
58668
53722
66515
60056
60621
56134
63899
52839
58599
60368
56988
58094
59108
58073
56060
54871
61971
57546
55968
58881
54847
58827
63877
58963
60636
61143
67214
59658
65505
52115
62874
65378
57508
53409
58451
60585
57766
56142
56638
55443
58183
64080
55512
52414
57792
58180
48859
53482
56174
63463
57694
53006
63649
60414
55785
56154
54376
58987
62595
57478
56924
54487
59542
74430
53450
60575
55937
58397
59894
59056
58560
57782
60824
56305
57288
63082
54724
61586
59094
59144
61332
60730
57769
58281
55407
59346
55468
58399
63675
54762
63549
59599
59731
53445
59088
53844
55781
65181
61001
56095
54276
49915
61270
59715
56503
62311
51744
57354
61101
53806
62098
54011
60532
55765
61848
58124
60069
53889
52274
58789
56865
61378
64361
55929
57822
54023
58941
61975
55705
59330
57622
54805
59902
54239
54371
63918
56724
54569
58856
55830
54320
54305
63324
61040
58218
53285
52017
56268
58765
59211
58639
61155
56008
56933
57063
53919
58777
60097
59543
57599
57227
56507
63178
61877
58247
52788
57587
68064
64257
57707
60029
54034
53563
54810
57093
59025
50936
60104
66277
59145
57221
58798
65497
64581
59338
50508
59266
55204
63452
57535
60937
62386
58600
56483
55992
58533
54684
60227
57808
65424
58640
60896
51330
58224
56025
60994
57121
61147
56353
56358
65245
51021
59826
56465
52862
62721
55678
55692
58846
55944
55489
49689
58855
55043
68009
62220
61764
56137
55146
61530
60916
60043
57083
51391
58517
59484
57100
59775
61200
63269
58210
54876
59829
60174
63483
60448
61985
50111
59806
56242
63359
58291
63103
58437
51118
61402
60647
55484
51307
49585
51548
59834
58055
61690
58303
60438
53610
64044
58668
65287
59484
58380
62425
58798
67812
62192
61942
64422
59078
62311
61574
61520
57919
61564
63645
56852
59982
62701
58966
60527
55478
62989
58914
59859
67906
61678
73541
58610
57897
63159
65085
59863
59773
60605
60515
61455
60205
65219
57168
62168
62010
60009
62504
64128
61124
68573
61923
63646
64451
70068
61057
70383
63249
62856
62853
61855
72256
65256
71284
52441
59525
62185
56914
57313
62029
60983
62566
64050
54966
69027
64987
62655
59339
61828
67582
60624
65474
67199
68208
63639
60947
65432
64639
61328
66662
60746
60275
60553
65975
61759
69730
62707
69096
59780
59571
57470
68202
67333
60021
59971
62326
58372
50667
67097
60236
54889
58974
60749
63674
60386
61746
56306
64002
55067
62693
56680
70552
58214
64437
63652
66221
65241
61272
63463
54231
63404
63779
59036
67423
57920
58924
62776
63896
59627
63480
59717
64115
58264
72401
63649
71284
61383
59181
60912
55401
62867
58917
59308
63140
59623
62472
57299
59572
56209
63837
71114
55629
63676
56850
52654
62295
52233
58289
61131
59769
54481
53189
54606
55057
57357
64224
59628
60050
52832
53306
53532
55022
60086
59780
55023
54155
58334
60603
57284
59837
56761
52855
60402
62784
55752
54117
62110
54645
59528
49360
52687
59082
60062
55634
58500
63034
59596
59422
58885
56372
56927
51483
54907
57741
55844
56255
55907
56666
53750
60059
54113
65254
63713
56865
58349
60104
56782
48599
57158
55557
59221
50924
55332
53173
57980
60997
60896
50864
56134
62129
50977
54575
64590
52572
48642
56172
57352
52695
58469
56478
58239
54244
48774
56932
59045
52198
45759
61076
55179
62951
50953
58140
55576
52378
57801
55745
55897
60186
60681
60797
52865
48012
55456
54820
57814
60988
55446
58208
51805
56463
51033
63242
57254
57862
60251
59513
58390
61569
59410
53791
55051
51787
54388
52062
60676
56215
55757
62935
55258
59539
56992
53386
52087
56177
54754
59767
51916
60694
53958
57012
60684
53936
53416
63197
51487
56021
58279
47742
56249
49676
58397
58659
54471
55010
52754
59592
53635
57157
51561
60374
53972
51353
59127
62755
48983
53597
60194
55570
54333
62582
53898
58856
58813
52405
63385
46970
59796
54660
57567
60277
54033
63122
60367
49830
54939
59959
55509
50988
54741
59801
56334
57697
60699
57027
60043
56254
59789
54191
54527
55581
60540
54896
57759
63049
55049
59188
56048
58985
59344
50042
57649
61310
54160
53784
55019
51256
54736
56610
52736
59145
52859
58591
59358
55662
54946
47939
60555
52412
61002
47715
59617
50708
56841
56097
54115
61872
52829
58016
61146
46007
56887
54109
56852
53548
57942
56841
56480
57484
57001
54372
56662
52845
53387
59276
53683
56842
51107
53756
49567
51060
52140
61307
55054
54442
58049
60941
57666
54568
60238
58586
54825
52482
52725
53498
52011
56983
55668
59100
59809
58796
61289
51097
56325
57773
57390
54393
51971
54520
54348
56078
49945
48219
61371
56540
51609
54365
51654
53585
55417
58403
53957
58860
64464
46936
52411
54926
64116
50818
54841
52262
47331
58242
56812
57509
50691
53476
53619
53950
53272
58934
53347
54267
54225
52017
49568
51048
55390
53830
54057
55399
51663
49170
56350
48198
53244
51710
58123
56839
47055
57372
61179
55655
52396
60819
58836
46946
52997
56059
50187
52044
60215
53021
57649
60108
53076
64906
54924
58085
61225
56698
56188
55855
57252
55611
64215
51874
51567
53371
55188
57846
54356
54116
58253
48501
52258
52723
55870
56549
54397
59625
48345
57543
55780
55342
53158
52173
53913
56717
58315
58277
56105
53125
52807
57774
53885
59752
52917
54908
53905
58708
57786
52107
60018
52413
54841
55202
55238
57337
49235
55844
54820
49564
54026
60499
56945
58267
52821
55859
52390
55319
61941
50816
51719
61919
54399
49280
49365
55743
59517
51406
60303
52777
51062
55160
63017
56699
50115
53967
51453
53793
50872
65332
55235
57164
58909
63871
59244
57862
42922
51180
54189
56262
48300
56482
51379
49670
50842
57300
56053
54563
55519
48580
58217
56499
62488
56085
56895
64013
54287
53454
54118
55078
61364
49995
58290
57523
56653
47387
53759
47478
59422
48885
49561
59686
55133
50927
50713
54078
59988
50546
49817
59923
49884
58780
59093
54186
54250
53416
61061
62089
60671
60040
50726
51436
56488
54078
56464
52299
50763
61459
55932
57312
51267
53209
57127
53184
55898
54317
51489
56576
57033
52598
53511
54833
53840
59147
53081
59143
51325
54033
50488
51569
54090
49069
62328
54673
52174
54084
51492
51495
56490
54950
53405
58141
48729
52881
55727
49119
53315
53415
53637
49404
52854
52930
55175
54889
64361
59877
57306
51796
53777
49899
55830
54625
54056
46664
57486
59560
49466
52469
59156
57393
50262
56256
52693
55510
56127
56252
47969
57438
54852
50942
53900
52196
59433
49987
64818
58506
49784
53730
55613
46659
58332
56189
58441
54394
51796
52053
57002
50306
52687
56105
67575
52347
51854
52364
59203
62663
53241
59822
57091
55877
61619
54498
47271
52180
51734
64579
53533
51950
49491
62378
63644
57546
51130
51183
57890
50893
52565
53893
57559
55490
48503
55430
53250
54832
58977
45090
59627
61418
46630
49374
54795
56015
51298
54602
53823
58978
57059
52420
56417
50433
55716
47187
60822
58085
53668
55104
53416
58515
51398
57119
58661
49829
50175
56256
57307
56627
58978
54384
56777
51521
57397
53572
50070
45957
48533
54933
54732
59433
53754
53635
51319
51749
59418
52657
58318
55529
51259
49170
50648
55339
52886
52714
54443
58060
56225
56604
52436
59885
54330
63961
56875
52750
56288
56726
55872
50781
46860
57040
52357
56820
55286
55650
53134
55851
56361
51551
52297
50861
63388
55978
52523
55893
53036
45903
53889
54264
58400
56721
50007
58968
60436
55672
53793
55511
56860
51317
53778
57924
54163
53153
57824
53735
56288
51165
56413
55740
57540
53779
48560
48406
47351
51080
56162
51820
51792
55938
59736
58417
53332
61573
60532
56795
53365
55564
54055
54315
53502
55982
52127
50944
56572
54158
54951
53860
59223
51781
51822
60260
58412
57755
54717
54651
53467
54945
50250
53346
52780
63433
57343
48801
56668
49264
55061
54036
58285
53899
53738
59406
54403
51500
56205
50673
57380
56285
61344
53506
54458
55403
56931
53585
58219
58103
52079
47868
56382
56775
47373
55465
53761
53240
52202
52503
55412
53417
58460
53712
54321
53814
56386
55498
47594
57890
62924
49778
60745
62478
60070
53344
58385
72625
59478
50620
57500
52886
58823
52910
53955
52761
53320
51766
57318
58961
67684
57902
60866
60303
52495
53934
62378
55952
49798
60318
63930
56823
67849
56872
49889
58328
67337
57160
58816
55460
59297
63070
57790
51031
60693
63515
63227
62211
67935
55118
67017
61885
60486
60001
55411
52956
59549
60928
59101
55961
63447
57565
58173
67782
56559
54750
63014
61268
66245
60822
61041
62515
60276
61590
57735
59886
58357
57059
53583
61920
59655
53890
56540
62671
60402
61948
54103
62925
65095
54828
60306
55204
58097
64736
66485
59989
60465
60125
62333
67244
62529
63382
61820
60479
60953
69724
58118
62593
62433
66151
63468
62673
61994
65969
63231
65597
56450
63958
53347
59981
52515
61523
59086
55979
61512
56128
67984
56871
60392
54771
58978
64746
64553
59577
57584
60894
62664
56072
54655
58280
59970
62031
60564
57767
58094
61533
63121
56778
62289
60863
59719
62520
60369
60736
63425
64910
69227
60937
60956
55625
52232
60274
59585
64510
60491
61176
61722
60776
61441
62769
56096
62165
63454
67169
55914
62652
60568
62788
68291
59650
60588
60033
64881
62687
59436
61431
55653
59996
63249
66562
61448
57210
64186
59264
60943
66821
66476
64416
58186
55612
62306
64856
63906
58729
62589
56666
64928
61661
58706
56957
55786
58677
62881
62818
51069
55041
62116
64896
61539
59087
57338
64897
57719
64969
54340
53321
64728
58499
60451
56414
57088
59104
64442
63645
60641
52473
59653
59223
59894
67620
69754
58875
60874
60657
64891
55264
64693
61849
62601
53510
64600
60925
57389
66724
59783
67555
61345
62556
63672
65434
60512
60620
63977
62067
61318
56517
54203
63209
58922
63644
58695
59373
62787
66766
60279
59226
63533
61188
61336
58697
63922
59406
58242
64480
63412
61266
62663
63500
62533
60475
63811
62950
59089
59223
59811
57194
61167
55698
57569
56561
57946
66303
60159
66174
62638
62257
64258
60639
63720
59644
55696
61424
60537
57740
56686
58938
68490
73254
57573
64481
61261
62806
63085
62177
58791
62055
62736
64616
57731
59603
60984
63811
62512
58666
60125
58760
64560
60160
59839
62882
65413
62516
58065
61413
58541
60136
60863
57939
57555
59783
61453
66128
56055
57977
61831
57451
61840
59222
62988
63709
57058
61135
57911
62694
62841
60487
61496
58193
60101
63774
59057
61090
61774
57904
61088
60619
57308
56896
63317
59729
62226
68446
62743
60938
58479
60951
59583
57456
60311
58974
59628
60767
62978
61586
58513
63451
57139
62372
53549
57966
60874
66000
60564
62346
63021
58757
60055
64088
62322
60944
54325
55022
59302
56342
61308
59463
55759
53874
70485
57305
61671
56842
59844
62795
56713
60587
59470
62201
59928
59551
59023
60811
58340
63577
66702
55374
61452
59888
65109
59157
59225
63294
62365
59152
63600
65616
59931
59666
58484
62679
59374
61795
59446
61022
59287
54602
57118
65427
60201
60006
60323
59159
59473
65764
62255
57347
62848
58334
61906
59878
59383
55701
58401
61010
64866
59401
62051
59891
62847
61062
53535
68681
60315
66572
61131
55785
59118
58454
66467
63188
57244
59420
65188
61218
65004
58663
59253
70384
62612
58590
59981
56808
59734
58168
65717
59266
60553
69481
59498
57319
60775
57567
61597
58640
66042
57399
63851
63668
65140
57650
59581
70830
66400
59151
62413
63894
61399
62801
62558
59133
59708
57495
62246
60881
63371
67921
64742
59440
61373
57492
56947
63854
60537
55824
60678
62781
59665
60087
57142
66625
61915
58700
63044
61856
57530
58613
63419
60958
65654
64525
60143
69282
55217
54921
59298
60900
61217
62403
69148
63868
58470
58663
56029
65488
61790
67878
64195
58400
66783
62366
62887
62103
63149
62015
60333
60265
61778
62551
62195
66280
63299
67195
60360
63441
68585
62480
65376
63387
61756
68095
56013
63962
66059
65233
60377
61050
55805
60269
56136
66634
65037
64944
55880
63841
66083
64226
61701
68136
59253
65501
66348
62722
63040
62383
62565
62230
53515
62637
60539
57855
65213
58517
57422
65674
67127
61423
58012
64928
62758
69511
58961
58377
63149
66087
62577
66021
59558
62806
60957
73272
61505
61549
61077
59435
65486
60357
66220
60707
68364
54823
66791
69899
57575
57911
60302
65760
63112
59252
60472
62801
68231
65185
66092
59858
63566
57684
59304
62645
63209
60648
56336
60411
65613
59160
56914
68115
59051
65376
67584
64376
64812
62563
62819
64066
57912
59460
64421
59845
62178
55705
60642
63663
63049
62638
68000
64103
64347
59118
57330
61756
55977
60958
59950
62386
58931
61394
55135
65583
58339
61081
60077
61217
64857
64130
62001
63281
60827
61691
68062
60804
71127
64024
58157
69236
60474
59943
66381
61315
61325
64550
60103
59269
62384
62713
67651
66316
64504
63650
60830
60860
67199
62300
64878
69191
55755
55998
58049
67372
58528
62265
61218
60507
69086
62862
70089
68061
57501
56394
66405
60988
58983
62837
61990
61069
63524
66321
60238
65929
68396
58392
61789
56600
57556
66971
64878
61510
60577
63357
61741
64077
62298
61356
61998
59168
60823
64226
58478
64836
58822
57922
58778
60474
65582
63227
63800
60218
63128
64298
62776
60370
57161
60889
64443
63525
63126
60519
62551
58713
64313
61500
62653
62605
56216
63257
60076
64085
61332
64022
60890
61296
58662
56425
66387
59361
57397
61300
62426
65001
60779
62945
59380
63022
67174
65271
64106
60897
61764
52933
57228
58086
60358
63541
60799
62357
56921
54220
60118
63779
56409
59863
60264
61379
64066
62782
54500
62754
67363
61434
62979
61301
66878
62938
57037
58669
58009
63667
59678
68016
61841
66895
57984
61690
52924
62124
69485
57385
65635
58474
60686
59281
63978
62232
60299
64089
53970
58520
61621
63817
62472
66526
62879
60189
58496
61764
67087
65751
61753
65061
60523
61329
60482
63549
59367
62496
59705
57597
61572
61305
66405
63594
61653
57390
58198
57999
63737
54960
57277
63927
63221
66437
60742
61335
65034
58577
59368
61100
63783
61834
56801
65976
64199
62777
67472
64464
60974
62157
67218
59092
59307
61244
56643
56021
64470
57037
60351
60189
62563
60212
61594
60190
65221
64220
60418
58056
60982
59720
66266
58378
62941
63165
66727
62707
63961
50819
64848
60919
60798
61369
55946
59970
65472
58941
63022
64686
63656
65295
70663
65041
64375
54133
62851
56239
59201
54364
62485
57529
63262
65981
59398
59403
64201
60725
58089
57638
60698
64079
61095
62069
60622
59207
61304
61804
65872
59064
60427
59222
64646
64998
63647
64472
58825
58315
64097
54608
67737
56391
58873
59554
57859
64260
66475
68686
60184
58957
58446
60327
59913
55817
61303
62335
69053
68812
60259
65422
64648
67439
57224
60812
63840
56635
64258
67032
64711
59671
58205
57980
52139
60304
67283
59389
65406
60551
58237
58522
59662
62714
60665
60178
66987
71789
59314
64174
64468
60057
59095
59019
59367
58708
59602
57719
57195
66113
61312
67033
60083
56322
60113
60278
62823
57372
58944
65435
61806
61997
63935
66186
61163
63918
63557
63104
61005
57220
65181
61735
65921
63948
62160
59184
57053
59666
63935
58915
67552
61708
61572
60877
58473
60918
65688
60141
61507
62394
62591
63105
64389
60312
63568
56945
66216
60722
59565
60633
61695
56533
63874
63260
70564
62765
59722
56988
63187
66044
62315
64397
63972
61564
64010
59953
62990
65408
57966
62608
62276
61090
61447
62004
62198
59240
59757
57911
62813
57234
64290
68402
70049
67284
60777
64510
62902
64853
70609
61971
63708
70785
61239
65635
68289
65651
62844
63400
69731
59402
62247
64818
63715
67836
60475
72412
66956
63316
58749
64871
62826
60125
66430
62149
63369
59109
63980
57718
62388
67705
61865
61513
70072
59011
67265
63273
68912
59980
60884
55980
64081
58022
66316
58927
60644
59088
64914
61112
62873
63937
63509
61258
65439
64371
59316
60807
58322
60229
61529
64513
66144
59324
63483
58219
61354
62691
61998
56485
63412
64967
64263
65464
68496
65375
61095
59951
62238
59748
62399
61885
60839
64039
62452
58756
61693
62575
64168
64940
62157
66202
60057
56405
60196
63509
64413
66195
65249
63095
61628
62234
63386
62029
59687
64502
61722
65264
62557
63822
57588
60304
57754
75692
61874
61624
67598
64582
62491
64782
61403
56684
56444
57348
61486
63749
63357
61974
57829
57286
64091
69834
65170
59548
68040
60519
59055
64740
66007
63678
65882
63963
70778
59769
61008
60220
57031
60820
59119
69869
58758
57824
60573
58664
59158
63445
63971
57294
61188
61592
66027
60917
61089
62896
60119
60711
58914
67075
63303
55954
58115
64719
59269
61485
60177
61707
62857
60645
56322
63105
68107
63537
64508
62684
58119
61669
54706
57153
58231
61242
63435
62793
61482
64509
63367
54821
63240
63281
57486
58959
59586
56943
63803
59259
60127
65089
62311
57137
58744
59827
58199
67067
56069
57611
63787
56704
59736
57447
63415
57586
61139
58141
54346
66841
64053
64100
64244
58316
61214
64405
61803
63232
61087
60095
59070
62885
57849
61653
58015
66283
58554
58154
58088
60714
52556
58197
55128
60472
74584
63044
60427
60637
59825
62147
68873
65851
57985
58059
60342
62372
62256
56591
66720
61874
56252
60216
62632
58147
59199
67650
68858
63260
66055
61641
60178
64360
58146
67168
65407
69501
68588
60809
68362
62588
58300
69251
62846
62695
62359
63258
59411
65089
57729
59491
65449
61737
58269
69292
60221
56232
61531
61257
63602
60550
62111
63576
65943
58157
61141
64194
64662
58010
66817
63619
66964
64321
65454
62269
61374
59801
61146
58203
61657
60720
55471
66943
64278
58165
63438
59072
66304
62026
63712
67439
62239
67496
58119
65367
62410
64238
62466
63428
56626
63934
61609
58591
58900
57861
67284
62886
59272
57136
65005
62836
58746
64044
69049
61511
60323
67036
64207
62792
63657
65722
60758
59594
62632
72488
61190
66287
65126
67625
63517
63595
61646
62380
59053
60402
65293
64206
61173
57508
58733
67006
60231
58283
61619
62773
66711
60402
59467
65381
57469
59734
57383
58294
64614
66263
66123
61526
61348
58432
61236
60767
59329
61879
64017
66581
56412
59415
63095
59440
62424
58451
61631
62642
58837
65569
56461
62617
63249
60571
67805
63243
62830
58247
59319
62894
61427
65064
64595
63872
67198
63820
61579
63970
64642
62646
66100
66330
64556
64768
60054
59046
58618
61656
59557
63879
62783
61953
60879
63404
63183
61398
62879
63025
65388
62876
59200
63109
60022
63097
63010
57039
61451
68188
63312
66951
56819
61689
60844
62964
65849
64895
61256
65015
63763
60923
57757
61411
63925
61211
58881
71584
60627
57426
61499
62198
59622
65621
55139
56512
66910
62113
57043
60529
67925
62178
61472
58548
56997
59039
62697
67921
59531
64875
62041
64109
63206
57168
58718
63490
64444
58021
60086
66599
63678
59101
58549
59059
62956
62107
71448
65693
62039
61762
62692
59266
64598
59758
60387
64772
57646
65467
63570
63823
59299
61871
63796
56555
63052
57578
62842
59338
65469
60391
61241
57562
59644
63305
61208
59402
63570
68905
63030
57871
62554
69904
64744
57988
59650
62721
59285
60020
58904
58376
65309
62527
60765
60820
60108
64962
60250
61826
62242
58857
66945
62078
56984
63207
57955
61745
60094
57932
57052
64313
67018
56131
63630
64451
65312
64781
60306
58525
60613
59691
60390
63233
59889
61733
65593
61702
59575
60280
59123
60666
64911
63656
64311
57324
65021
58737
61533
66083
59503
64596
59912
63721
60083
62404
59995
61925
58859
69965
56873
62064
66053
57780
62318
62158
63871
67610
59008
64530
63439
63351
57193
58853
56544
67463
63075
63284
61298
57400
62891
58883
63531
67769
57041
61544
60874
65053
63862
63653
56068
66259
62530
63608
61649
56771
57452
66540
65244
56642
59981
62106
62793
56523
60153
54624
62359
64522
65467
59399
62978
62072
62495
62119
62042
62066
59930
60775
60086
61215
64420
60750
60344
60051
60832
64143
63533
59262
57045
57476
63704
62251
58890
61754
60932
58459
64941
58775
58353
58413
68033
61046
61494
69672
60527
64607
62370
60627
58760
61855
59396
60834
65907
57076
58044
61322
55459
64365
59198
62257
61505
59359
56137
65791
67207
60881
68879
60687
59326
57427
65603
63713
62490
56805
59748
58943
57824
64564
62772
61333
65647
66694
67763
63569
62114
63552
60375
60796
59504
70362
63898
62741
62894
63951
60006
63700
68292
58274
63355
63526
63900
54356
62800
63488
60399
65193
64700
60302
66202
61922
64591
64540
59222
62325
61480
60548
62384
65694
59286
62831
66549
62906
60652
62716
61803
65981
63583
75385
61567
62647
67701
59859
61275
61783
59124
60534
61798
62581
65125
61825
59653
57004
57938
62444
62783
60648
67237
65278
60311
66395
63046
57147
62215
65534
64926
59599
64897
60480
63329
62855
59867
65984
64849
62875
61883
70372
63756
65650
66908
61328
57438
59924
57463
66312
67624
62900
58107
67048
67306
66586
59108
64601
65715
57801
62147
58855
61379
62086
54459
56829
60589
57887
60249
70181
63369
65710
69273
64557
60753
63609
62558
65965
60383
59980
63879
63836
69655
67425
61755
58977
64801
62680
56402
61758
61089
63212
67945
56345
62749
69353
60196
65472
67622
58519
63448
67623
59868
63745
64178
63063
58091
66618
65231
63195
61929
60715
58255
62860
63949
61994
64331
57501
58200
58286
64371
58723
57888
60821
64242
61712
59704
55840
61982
60996
60417
68208
63456
58704
60864
62055
56118
66565
61581
66082
65875
64054
58700
64515
65043
65684
62967
64714
61530
56523
64841
64299
60697
63116
65089
61222
62508
60809
59867
64641
64856
57925
64823
58210
69850
62760
60469
59878
65180
63590
59370
65445
60197
58345
72863
60400
69426
61034
58129
61130
58919
62016
60997
63480
63389
66255
60366
58859
64244
61053
59238
64722
62974
62692
66856
62953
71401
67705
63074
62805
60896
62274
66500
61564
57673
65685
68588
59612
59883
64213
63257
60093
62881
62301
58001
60610
58858
62092
60914
63208
58881
60269
58985
63063
58230
60951
60921
64996
58320
62026
57924
52020
58468
69209
63536
61689
60317
61422
66711
59633
60797
60058
57306
60454
63634
62628
56946
60566
59349
63895
62719
60997
62968
66950
65543
65722
63990
60393
57122
62805
63346
64617
62487
62536
60973
62079
66073
61508
65104
62361
62398
60957
59362
56479
61562
65772
58662
63146
60721
57563
60067
56458
62033
62719
59838
60895
63420
57790
64295
63878
67207
70080
64480
63353
59173
60786
63682
62489
59605
58908
60455
58878
58979
58888
58815
59532
63139
68083
59127
64649
65306
67334
55493
65387
60662
60256
60334
58783
66906
56775
65126
65788
59767
58899
58863
62032
62216
65283
58655
58376
59830
69171
59900
61373
62578
60940
61613
58738
62417
54661
64985
56773
61150
68946
61424
63566
69313
64631
61079
63489
56065
58124
61175
70648
63879
67371
59953
66237
67949
60241
64717
65798
65959
60345
59069
62593
63309
63185
60927
59062
64325
62363
60545
63020
68211
72061
66694
67795
60151
69457
62615
62169
60353
68617
61430
60792
61183
62399
67223
60453
72611
66961
59697
63273
61684
63396
69488
61069
58695
66857
67660
55823
66095
63796
59376
64333
59350
62986
57207
58864
63968
61662
66168
59314
63950
65665
59129
64659
60544
66444
66864
66149
63020
64674
60391
60892
64217
65718
66673
59488
64662
61822
60034
61715
61601
64049
69573
62762
57858
61485
64312
67017
59718
62989
63586
64867
62790
57991
62740
61526
61516
69077
63069
57878
67233
61689
62157
60266
61237
65042
65296
69261
64937
67473
62614
64606
62116
70254
60199
61742
56932
66817
63782
62648
60134
62268
64748
59635
60391
64550
63025
62945
59061
58836
62117
62000
61748
60674
66615
67261
61386
64009
61643
60839
58934
60373
62865
67604
62768
67357
57355
67307
63500
68435
65152
61391
61213
61350
62871
65346
64160
67217
67784
61506
62480
63422
58340
68362
65480
63125
56691
58531
68032
65942
62281
69179
62413
66385
61183
66582
63492
63000
63454
60838
61489
60411
70460
63174
61307
63043
61809
62986
58344
65241
60563
61686
64188
67223
70697
62445
65383
63920
64427
59747
66510
64292
62519
61726
63469
61526
68659
60183
64439
54507
58903
55815
66685
63466
66400
63409
62828
61546
67603
61416
69453
65972
60424
58537
66965
63657
61300
66017
60025
60381
64767
64084
69028
57982
59729
63012
64017
58012
60437
64738
65118
64018
59321
64936
59520
57713
63637
57138
62208
67753
61196
59761
58502
56963
66806
68590
64022
59436
65416
62862
63876
60032
62408
62348
66826
56462
64772
64448
58650
61686
62798
53517
61181
66600
61827
63314
60633
63424
60667
62223
56223
64603
61409
60294
63715
58778
59599
60888
65099
60250
56480
57032
63085
62835
60938
67067
55463
62991
58449
60519
61833
57165
61766
68843
60722
65080
62399
58063
62945
59040
70619
62536
62239
64516
54765
61357
63041
65329
57332
57995
64328
63155
66850
62355
59063
57489
63170
64749
56768
60731
57216
62105
59857
60030
61045
58958
60931
59249
62360
64380
64647
65814
58505
61650
63297
66349
63567
66532
65443
66438
62495
58269
57038
64313
60816
63245
62134
65085
61997
63174
59820
70672
67953
61271
55627
61064
57696
67639
67743
62976
55334
65009
58437
65387
60192
61502
64849
63519
55379
62628
63826
63516
61108
60132
58990
63157
55283
62044
63718
62264
66190
61576
68012
64113
62531
68583
61499
63408
60684
62973
62827
69008
65383
67422
60115
59493
57509
57075
57859
55892
57177
53130
64778
61516
60916
58699
58547
56526
64635
67179
62433
64299
58508
62645
58955
66041
65493
59495
60650
55582
56214
58857
63622
60970
59619
60946
60046
58168
67715
72415
59990
75674
62911
62829
62418
68679
61996
62622
68144
63941
67071
64524
65901
63169
62332
62328
65817
67525
60992
60205
68337
66323
66064
67063
69671
64365
59997
61612
63395
57664
64502
59482
63158
63263
66046
65619
66255
59483
59811
66335
63851
62972
59589
58043
61691
60726
56618
58275
64203
66185
65325
67763
63137
62817
63434
60419
64741
63546
70260
65415
64397
69048
71405
59897
60623
68284
66499
66258
60338
65413
62589
74595
59975
59435
77017
63111
59602
65013
59777
60845
59852
59339
69485
60552
61002
61795
62554
61610
61349
61676
59577
64612
61525
60316
61401
65237
66147
61716
60514
65356
57805
58093
57034
64392
62421
62838
63104
64471
58973
60107
69496
60369
61865
59696
57711
64644
65158
60703
61433
59638
65965
60540
60749
64092
61579
61865
60211
59099
54691
63384
62272
59331
60500
59289
61450
63268
60729
65188
57813
60317
65628
59133
63449
64408
66239
59299
62380
63771
68101
63837
59547
56823
62545
69830
71252
60016
58942
58339
60055
64867
60732
56560
60244
63816
68191
61329
58862
55010
61693
58048
60089
61787
63100
60892
59500
57950
65752
64744
69658
60940
63551
64285
58459
63668
59331
56479
66315
64146
63758
63181
61023
60592
59357
69495
64554
60540
64494
64105
59463
63559
62401
60761
61169
58817
62476
57353
65849
60329
64659
60799
64981
58730
62705
62648
63765
59257
62002
61285
59583
62998
65387
66770
63849
61501
58564
62630
55401
62088
56303
62651
66331
57831
63082
64032
62358
62941
59568
60576
66676
62861
59395
58340
62751
63070
66686
59159
62954
65377
67911
62308
62829
61626
58984
65978
59921
62069
66303
61978
67617
67391
59252
64033
59515
65685
67502
60878
58414
62273
65725
59886
61650
58595
65262
63511
57367
65506
57260
62386
58071
57692
62367
64569
63821
66065
57242
59313
63219
63464
62325
60302
61802
63112
63178
63838
57489
62806
62524
65297
66917
59425
62422
65292
61133
57879
62570
58844
67256
68334
63969
52574
55440
59481
61844
60536
62273
58074
64011
61922
61454
62626
67560
63852
61624
59911
61148
58218
61137
61123
61380
60163
62188
60487
66112
65912
57116
60152
71314
63856
55190
66229
63061
61498
65905
60198
64197
61179
60966
65303
60427
63991
60201
64112
58373
63402
64931
58048
66173
66071
65477
61560
64684
59944
65746
58215
61306
64275
65502
64072
66263
66508
62730
63655
63917
61523
63286
59490
63851
63312
66531
66134
62732
66879
64159
61419
58833
63850
60684
65696
65108
63266
66660
63216
71384
62007
64365
56191
56465
60188
62754
66735
66873
62580
57897
60267
64141
60395
65271
61460
63307
63029
60796
65698
65303
62776
66935
62827
63281
62937
64525
60174
61028
57675
61599
59588
63042
63651
59528
65013
64723
68985
57443
60163
62351
60475
63341
58617
62832
63041
55186
62931
61605
62878
64718
59539
62009
65263
62730
59800
67442
62552
66671
60900
55417
57131
65997
59263
61029
62055
60997
60461
65784
58608
68304
60313
61297
59063
57721
64225
62205
61243
60000
63908
63886
63828
60018
59141
70359
64067
63151
58998
64108
61335
60254
60049
61242
65834
59622
66397
58355
60479
64636
65099
60031
59237
64035
63229
56192
61208
63225
58673
62631
60650
68013
63629
64031
59385
66196
62981
60707
66044
64625
60584
64620
66316
63233
57908
64857
61503
59372
65357
61066
61691
62614
64937
63371
70641
62849
59930
55567
57313
67426
62418
60962
59636
60915
60676
58728
58780
60853
63706
59633
67247
56457
67186
60879
65993
60120
63455
60920
63116
63787
65638
57570
58781
60699
60882
56144
66628
58693
60673
66716
62967
62940
65935
62858
64509
65009
60377
66613
61313
59943
61544
60136
58754
65499
58552
65255
70639
59824
61596
60390
61616
63190
59771
68452
57211
60366
59530
62996
61913
64966
62648
62724
56873
65842
63485
64590
61509
57678
63446
63289
56279
65088
64997
64371
61867
62255
63402
59785
63621
62616
58899
63516
60031
60499
67509
61329
60923
55975
62872
55752
66895
64968
58797
67831
62559
66814
64661
60805
57593
63371
59177
70976
58731
70187
58011
68689
57546
59583
61409
63732
60560
64239
61814
66088
63883
61940
59257
63053
61610
64910
58751
60640
58313
59273
61043
63844
58946
60433
62949
63015
58353
63116
64516
58786
58298
65574
58224
58133
58990
62911
61079
59085
70221
70248
64082
56104
67260
66203
62091
59920
60733
62731
56108
61806
61594
66442
57955
62451
57125
62720
60998
59723
62147
62736
63104
61845
69652
63891
60615
69709
60297
60737
65343
57796
62973
62625
59251
62085
59545
65364
62075
57121
65975
64690
63610
61267
62545
57831
62596
61494
59087
70073
57986
65084
57644
59275
65600
63795
58476
57082
60944
54906
59831
61152
60086
58220
65247
62686
63673
64004
61798
54110
64010
61923
61437
65887
65993
64559
60443
66702
61980
65275
63854
59961
62741
58701
59753
60873
57919
58215
60594
64263
66826
61410
63299
62219
65357
60973
61327
55754
61025
61552
62122
60743
57392
62075
56576
60954
58731
59840
68028
60950
62248
65016
66289
62248
63622
60586
59152
65181
64419
65709
62559
62465
57297
56449
59312
58352
60421
65912
60636
62246
62672
63947
61404
62792
60472
66310
66426
62621
61693
63783
54757
67649
62850
62357
67343
61172
60734
58676
62022
60791
70560
61594
62355
62671
55586
59002
64321
62207
62479
66095
58891
65630
57971
69631
60335
57866
55553
65402
64454
54729
65718
62727
62430
62833
67271
63007
59562
57226
62686
65192
65435
69614
64254
61998
63294
60397
63123
62887
58923
62312
62673
58321
61537
60421
71419
62774
59669
60046
67826
62759
64195
65240
61241
60822
64505
66051
61209
62486
64616
59950
64281
63609
59263
68093
66078
56243
61137
63504
62177
68357
64009
62825
63109
65590
66928
63853
58624
64463
56420
64680
65964
63636
65734
60824
66947
63614
65911
63724
57795
63152
60244
63513
60201
62389
63742
58709
61469
60325
69241
68842
60866
61580
65147
61360
69080
60654
61768
64034
56611
60299
61233
60688
61905
57113
64242
63869
60754
61514
59543
59194
60844
59944
61858
60101
57113
60592
69932
59787
59812
62544
61426
56668
60734
63410
57605
68019
60202
61958
67434
60758
65430
58332
65033
64161
64453
58064
66124
60000
59654
63722
58729
56259
62565
61046
65319
58630
68417
69090
60982
58473
55883
62372
63027
61540
56890
59423
66481
61147
64934
66671
65244
67278
64749
68511
59868
62182
56961
56206
67221
67520
62232
58136
62372
62850
63301
61122
67225
70740
61504
68504
65497
60350
63499
61093
60480
58733
63224
65027
63063
63794
69453
68029
64470
74428
68677
69492
65086
66562
63375
62919
65597
63968
62709
65071
61736
63257
60948
62997
58469
67545
60194
63215
63132
63430
62927
66132
60971
62397
63117
57808
61552
67784
60928
65309
63192
63874
62938
62095
65749
62512
60006
59699
62682
57897
64037
60027
66733
58187
57937
61573
63913
62894
59313
60949
62830
63830
63806
60740
66604
60709
63735
59163
61466
68527
57426
63430
64147
60320
65614
66412
59711
60338
65496
62166
65270
63884
66099
63356
63903
62925
62837
62411
70191
66654
64677
57123
60086
65077
57844
61370
64145
59612
60308
65576
57554
61850
64475
63020
67946
64427
65497
60329
67180
63405
65507
63092
61344
64867
62056
63222
60640
64462
62660
62276
63422
64041
61055
65422
62115
61785
65764
72499
60508
64608
61949
60206
66799
65435
63929
61765
60676
69584
62969
67243
66379
67186
65234
60334
62618
63415
62889
64649
63084
61066
65344
65117
63703
68259
60593
64489
61727
60174
65044
63001
63951
68445
68783
62314
63387
68797
59603
59568
55902
57883
61203
62899
57489
60935
58725
64793
64260
66673
62581
63628
70900
63682
64144
59271
69943
57602
63171
63691
59577
62846
62562
67000
62590
64434
62548
62496
57054
62594
63406
66038
63384
63397
56420
62721
67058
65124
66674
61003
66698
63531
66746
60434
70249
60629
65841
61368
63096
62859
63794
64095
65498
64192
65510
61884
66087
68327
68144
68765
61967
63155
65967
62030
66355
62484
61297
59594
58379
62603
64198
62203
59356
68158
63495
66261
57189
67087
65443
55476
58496
62954
63698
66344
60819
63142
62555
62805
62628
55878
65679
60826
64722
60955
56554
65584
65314
61048
66632
62620
61568
62713
64716
63364
61442
62005
67037
63630
58363
69694
71371
66975
63161
65091
65011
62897
66996
59555
62756
63010
69255
63103
64852
63088
64861
62067
62257
67034
59345
71442
62336
63980
61679
60824
66156
62247
66376
66391
63441
60709
66933
61722
63420
66716
56391
68316
64751
58865
63655
63165
64068
60736
64703
63847
62279
63019
58841
60382
58987
61079
69520
64350
63913
66203
64862
64135
59404
61082
63485
72812
68093
66867
66653
61670
64382
61984
59339
62705
68838
62402
62645
60172
62484
65368
57290
62682
62673
59148
61275
60648
65996
62462
58812
61917
61080
64989
61101
65306
63118
63485
64537
61205
61494
69063
67437
65969
63159
65021
59225
68117
69071
61564
58695
64081
64472
64538
58684
61677
61800
61810
59637
64113
64277
62986
62204
57937
62288
62696
61372
64102
61019
62954
62753
59650
59306
64086
63583
59647
62340
62468
63643
62367
64485
59244
62816
60495
63180
66957
63158
60950
61708
60887
64608
62265
59951
62687
67125
65345
67836
61858
58783
61161
62601
64218
63265
62496
59173
64027
57743
66357
60380
67151
62319
65468
60918
56882
65720
66316
62677
60110
60932
60739
62741
63960
59230
61712
65647
63393
58415
62168
65060
63608
62261
59526
59240
62014
59291
65205
66349
61178
62468
61036
64809
60519
65020
62156
61016
61922
61496
65453
61301
58023
61340
59208
67244
58075
61834
58548
63484
60631
61178
57624
57225
66600
62708
57866
60860
67078
56607
61620
65710
59669
65595
60117
63539
63250
60980
62575
59734
68186
63404
62955
67927
60144
64875
64919
64788
64225
68596
62473
61340
63877
62943
64784
66968
64809
60993
62447
59068
61903
68749
65615
63248
61747
67619
63592
66187
62130
60797
63903
68284
61692
67859
64765
65132
59513
60628
62509
62406
61462
62910
62034
62595
64244
56869
62013
68414
65037
66386
62385
63680
63181
61878
64109
61728
59241
59601
59295
61830
62856
61999
64872
62490
64085
62931
64506
64947
64851
60991
59554
69723
62840
66391
66407
67990
63070
64363
61027
66639
62531
61902
61332
64479
63264
64281
61499
70139
67159
63058
59662
65211
63116
65833
66233
67053
62750
58086
66656
63504
65907
66122
61513
63779
61380
62939
67951
63319
65970
61307
56983
59005
63626
56292
62054
60404
67048
63251
63575
66988
65057
64377
61947
66255
62254
62580
61780
61146
60987
64313
67490
61200
66023
63047
61100
61607
61686
61349
64580
66005
60547
66650
60889
64979
68662
65931
61811
62707
65739
60327
58610
61568
59731
60601
70294
63737
62254
66283
59256
64918
66973
62363
65328
66226
62736
62661
59996
62022
66153
62333
64524
64596
60859
58326
66612
63579
63575
62027
65439
56931
68111
62988
61954
65072
61499
64796
65239
61561
64881
68833
60314
65893
62726
57497
61315
57702
69408
62057
65279
67184
65579
63726
67076
65266
61816
66794
67097
65288
65427
66114
62085
59610
61706
63615
60289
57672
59417
69080
62242
66598
61634
63788
66615
60868
59943
60483
66703
62958
62886
66302
62835
64497
66722
62002
69180
60744
60419
60414
62291
63069
64421
65290
65929
64349
62843
59669
60198
62744
64090
65158
57999
66080
63108
59912
70303
61131
63727
61069
64368
64751
64969
67203
61345
59798
67326
59153
64187
66406
63867
61815
68189
63776
70937
69081
65695
66050
60081
57840
61904
64284
62619
64734
67223
61288
60404
61625
64013
66963
65614
60498
62616
58323
63455
59887
66004
64542
66638
61628
66807
66142
64157
64187
65393
62209
65130
58260
68453
65604
62673
65044
57591
63835
63561
61669
64182
64671
66720
62995
58036
61670
71264
65390
60856
60178
62493
67386
65390
63349
61868
63303
60705
63952
64643
64091
64265
61841
59911
66652
63803
66485
64246
60854
61608
62300
63153
61162
66655
63171
66212
61137
63248
67359
63119
62673
63385
61917
60364
62986
60531
66703
66248
62040
62534
65297
67463
64465
65572
64481
63828
65884
64329
67700
58462
66158
66489
59793
68494
62127
65370
61935
67429
67196
61825
61237
63628
69491
66874
61240
63676
66864
61719
64879
64727
66784
64666
71433
60427
66174
59472
65958
62859
62679
62928
65409
56916
67170
59423
59378
64033
59457
64525
60616
65351
66364
68789
64468
63225
59622
65369
62272
65296
63422
64568
63177
64196
61472
71285
58261
67510
61841
64057
61791
63907
63695
64004
64457
65986
66308
60744
64450
63535
61815
60711
62655
67192
66323
63112
63456
58300
62594
63940
73847
60800
67441
62723
68012
68941
58868
65958
64972
71651
67975
66361
62210
65384
60314
64808
59284
62791
64123
61046
57427
61159
62704
57423
61744
64401
64915
60402
64839
64923
66826
65975
61259
65521
66036
63049
65336
63278
61862
67323
67000
61882
62695
63037
59413
61895
61896
64568
63106
62808
69898
65099
70131
71010
63368
62271
62213
65269
64039
64268
69781
66750
62238
60506
63904
64965
60947
61679
61183
67267
61739
59020
59620
66607
58773
66340
59282
69274
59559
63116
71537
64043
66631
65191
64652
70251
63448
59593
67861
63349
61826
61023
62886
60418
66625
58654
60171
64385
60905
65038
64297
68822
62503
67483
64694
59487
62242
60816
66889
66503
65529
62893
65005
67314
65636
70842
65954
64158
66199
64215
65252
69105
67755
69575
64204
65368
67066
64648
66769
66743
67695
65717
64139
68681
59430
63096
66450
60918
61923
66017
63187
66528
62628
61337
65379
64220
57215
63078
59332
63539
60808
63730
65078
66922
59741
63761
61255
65019
68691
63913
59933
60750
60945
62315
65775
64601
68490
62396
68828
65075
64356
68428
62827
65537
60834
61183
66769
61249
62289
64367
63159
63917
65364
66279
60559
64966
62351
62867
61528
69913
66107
59775
62319
66342
66836
61277
63982
69435
62329
62435
62445
62271
63626
63968
62714
69344
59520
64435
63406
60123
64549
61465
65233
66862
63856
66566
61595
64851
67949
61553
65463
62617
64787
66115
66133
63494
63374
59912
63636
64384
67176
64274
64650
61433
64795
68343
67082
68720
63106
62925
63012
65685
65688
59308
63154
65526
67302
66683
58160
58739
61966
62356
68056
67159
67701
63964
63765
63492
60187
67825
59991
65725
64805
65060
69213
63295
62447
62569
64794
67970
67290
66869
60995
64657
63819
65703
64344
70421
70400
64021
66636
63378
61543
63001
66828
61704
66546
67278
61556
63886
62461
63919
67577
66489
61782
61663
63613
61743
63991
65540
65126
60888
64428
67561
61143
63168
63755
62627
63314
62301
63783
61696
62603
63826
59832
62723
62879
61774
64088
72267
62872
68361
64923
65889
65089
58344
65428
74872
66735
61552
66058
62916
65821
66574
64466
57728
57608
62998
61368
63068
62857
63858
63382
60111
62092
60190
61702
61984
63443
62620
65032
63933
63187
64174
68382
61494
65988
61417
64855
68278
64731
66731
65303
64462
61353
65814
65781
65242
62046
61991
61365
56601
65819
63131
63757
60687
66719
62589
68484
61775
64950
66270
64410
66078
64410
57531
64216
56606
64002
63508
63412
66606
66022
65251
66956
61874
61694
67054
65377
68609
66491
68129
62702
64000
61311
60800
60985
65654
62564
63705
59207
59228
63675
67891
63831
63363
64789
59349
65589
66526
66648
64168
61616
65098
68021
62195
71636
63048
66662
67792
68799
61998
61620
58224
62410
66373
60901
65938
66125
63839
61938
63019
65653
65224
62164
69676
67178
64011
63873
65054
68170
65150
66839
64608
66912
59566
62738
61235
63068
58805
66306
67769
61748
63845
65262
61162
69332
65750
66238
64160
60277
67016
66196
59078
65474
68692
63495
63607
66831
66427
60342
65618
58457
63146
61169
63528
63316
60130
66196
62387
65179
64442
67439
64735
65117
62104
60996
70418
63297
59399
63357
58495
62677
60690
67290
63156
63085
61302
68331
67705
63008
61769
62566
64327
67377
66279
67313
64998
63130
60619
63609
67195
63426
63979
62195
66849
63982
63003
62267
66510
64176
66308
65322
64708
66616
64633
66186
67609
61450
64755
64071
64301
66204
61419
68211
59505
64195
65331
63059
67915
60333
68141
66477
62228
60028
65684
63605
69434
64903
67430
60666
62359
61738
64797
61876
66945
68143
65217
65945
64030
63839
67806
62741
70776
67909
62565
70498
64973
68785
65227
63365
67084
67408
63780
69438
63419
60341
61102
64403
65750
67947
63531
61985
63113
61932
66596
63261
68100
66286
65672
67596
65973
65389
67827
62226
64343
57668
64409
67184
62868
62216
59660
62292
63974
62958
64003
62949
67833
58552
61981
64696
67318
64412
66408
63715
62923
68386
66380
59906
67166
63790
60130
62108
62417
63583
63295
63422
66079
62692
61352
64386
64436
62072
65558
64304
64884
66151
65288
60801
60706
66366
62120
66220
65987
68218
63893
61950
63992
60693
65630
61531
67146
63030
64002
63826
63536
64253
63545
64414
62203
63182
65318
67266
63992
66501
64198
60518
62696
65397
63511
59855
69745
64015
66252
64918
61938
67606
65250
63458
64898
62803
67216
61792
61836
61774
60213
61419
65857
63007
72972
65814
64549
62701
65271
68232
64399
70354
60880
66148
66955
67970
62471
65103
60199
59743
67701
66301
60540
62518
66651
66136
62406
64861
66451
67647
64771
64411
67666
64242
64742
63176
67037
62851
64135
63322
66491
68484
65343
60066
62337
64910
64820
65475
62615
64154
60008
67774
63152
66298
71332
62768
71879
65653
64987
60765
61820
66793
66302
62692
65611
65840
62669
64296
61454
62896
68027
63676
61267
66297
67036
64998
69810
61630
65208
62817
63167
64372
66344
62350
69025
66334
60853
65480
66363
64346
63064
69648
66413
61119
59989
62847
66240
62765
62931
69554
63877
66676
62749
65582
68286
66046
64263
62785
62477
67113
69708
64909
62183
59492
69323
67362
64441
67598
64358
62941
64450
71983
63921
69810
66588
64102
63896
70817
64122
65658
63945
63805
68559
65267
60230
65094
65404
62719
67121
61404
63698
61453
62385
70169
66090
65288
65572
63621
69196
63568
66375
65620
63951
64839
67199
60792
67585
64279
67542
61476
63551
62888
66333
61119
65879
64818
67419
63331
61809
64018
64684
62522
59666
65199
68313
70423
62886
66158
68165
59891
60145
66700
64541
64128
62225
67643
63533
65817
68802
65361
65519
64686
65316
65348
66494
65982
69490
62158
70000
60872
61708
65484
72215
63089
71145
65233
66632
62206
63849
62297
67942
65120
65104
62452
64778
66061
68857
69532
62217
68295
66433
65260
65615
64716
62201
66239
66391
64779
62984
63773
67345
69718
62953
67073
66247
70664
68394
62355
64218
67599
66441
64996
69595
65222
68599
62960
66174
66372
69262
64047
66735
64301
66547
64969
65628
67266
68716
67012
65692
67323
67607
61919
64993
66410
62024
62330
68440
62512
63035
69487
65853
64048
65338
65317
65757
67063
67157
66016
64167
63937
67213
66907
65615
62797
63048
63808
68030
62236
69658
66227
65238
67604
65970
64402
64722
62794
67153
62346
65000
65260
70341
63164
65639
63346
66095
65315
64781
75220
69446
66618
65739
66991
57718
63702
67807
64538
63915
65758
62227
70242
69845
68020
66268
68086
63803
64429
69055
64068
70620
65562
63720
64194
73899
64955
65624
66237
61800
65551
64934
65692
61955
65433
62941
62659
61837
67488
64954
65915
65843
69379
68032
70138
65774
64244
68378
64981
68575
68264
66109
66442
63192
66905
65545
62969
64577
65059
65616
68560
68975
64296
64712
69126
60900
63796
62407
63641
62171
60966
64312
67006
70871
66263
66519
65971
64253
66205
67638
65243
67271
60612
66703
63621
67183
66763
64509
62750
64755
64658
62552
64002
64139
59802
61899
60918
63975
64344
64311
66206
65108
64365
63521
67809
68032
61873
64799
63570
61280
63748
65004
64661
61820
64096
58052
60560
63434
61677
64316
59501
62371
62086
64925
62652
63675
64744
64614
70101
62928
67178
64198
62196
63771
65680
62777
68281
66122
63947
70895
62885
63057
63075
65337
65890
65120
66278
65297
68467
67047
70087
62993
65219
63674
62302
66554
65464
63647
61912
63867
67209
63360
64080
61741
61894
66026
65629
68028
65244
61616
64082
64497
67387
64508
67010
66250
65089
66253
66083
62628
62455
67960
67495
65210
68109
64078
64627
63478
65795
70999
62898
63067
66373
65096
64788
67239
64488
69396
62750
62935
61412
64994
68016
64557
65667
66656
65680
63875
65459
67194
70102
68550
62190
67722
63149
65547
70376
62612
68348
66739
67824
67784
61480
64553
64957
61628
63345
63986
62278
58105
67479
64986
62221
66758
60447
65185
66386
64484
65151
60602
57406
67504
65665
60763
62270
65851
68674
64246
69173
63433
62973
63526
65832
62541
67501
63504
64606
63911
59731
66578
66968
64789
65099
67179
64838
63572
62807
66340
64816
64762
66300
63966
62789
65484
67302
62978
66360
64053
65668
62827
60292
62166
61950
65190
67539
65118
63413
64761
65419
62392
61326
67350
63909
62466
61166
64794
64014
62830
64634
65604
66656
58742
65756
64078
66117
64779
58252
63286
67767
64659
61899
65594
60583
64333
64357
64968
69248
67398
70572
69715
65123
61141
67194
62326
70905
66212
67062
61227
67366
64908
61999
59579
69366
63289
61431
61688
67179
64319
63023
64497
64361
64418
65806
64653
62706
67647
66217
64592
61496
66307
65320
63939
64599
62463
68114
62091
65241
67879
65139
62238
65142
63247
59081
62949
65731
66981
64007
66434
66860
64850
60513
66520
60947
62094
64692
63551
66511
65192
64118
61392
66311
68498
64891
70186
65743
65499
62123
60088
65532
65857
64490
67780
61895
60625
68066
65194
67242
63538
67387
66970
62640
61845
68675
64769
66599
63644
65785
64441
64142
63334
61716
63478
64864
70069
64284
64659
62814
65425
66164
68352
66130
63142
63276
64661
69847
64530
70765
62211
65706
63811
62276
66925
66724
67990
69917
63795
64945
67048
67257
65579
67216
69066
66161
67761
62775
68091
63976
66725
60302
65326
62359
67634
64500
67151
65516
65764
69110
65596
68011
61290
66001
66480
71365
66613
68035
68385
64691
71664
63738
66789
71603
65007
70275
65096
65718
66191
69091
68436
64832
65440
61635
65629
62265
65716
70049
63111
66013
69039
65578
69913
68773
67011
68456
64983
65341
63083
68763
67965
69146
69127
62419
61347
71648
66256
62078
65701
66720
67577
67970
66631
65712
67220
64431
65116
66821
65223
61741
68911
73176
66855
64838
63845
65158
68656
67052
65822
61638
67852
67458
63270
66131
67140
64485
68338
67914
64518
62750
65483
69778
65037
66826
65317
67562
64358
68645
71066
68619
65876
66192
69485
69388
69462
67114
66052
68389
65029
66307
68075
70974
65143
66035
60903
70440
65805
64811
64667
70741
64457
62597
67654
67790
65434
64187
69055
68322
61673
69199
66688
60761
68073
68596
65362
65808
65214
66390
69815
69125
63449
64059
63069
67318
62420
62169
64401
66622
69028
65065
70907
68304
62751
64988
65881
67105
67750
64042
63774
67011
69731
67025
72408
64007
63970
73119
64786
65509
66935
69395
70288
66552
70383
63049
63925
64744
64489
65153
63839
65590
66227
71451
70975
68934
69266
65572
68483
67802
63666
65112
66747
63239
65860
64342
67373
66370
64838
66014
65149
59535
69510
70774
72624
61141
62998
64924
68404
63985
68882
69475
63597
66005
63315
65545
64635
65019
68564
65855
64316
65159
65019
68749
65308
63207
69126
69540
65647
67168
68069
69897
65437
64056
65154
66363
60841
65178
65756
62391
65532
63587
65335
68282
64577
66230
69370
67236
68096
64003
65770
72005
69508
66607
67599
61765
69570
67564
67631
63949
70453
69223
64457
62733
66605
64798
66559
65446
65891
65712
67691
65502
66612
65757
63966
69765
64082
69149
67496
68395
63675
69359
67303
66537
71571
66256
70736
63973
67881
66813
70386
65119
67517
65719
69343
61016
66221
71203
63860
67222
69060
65562
63039
68135
68255
64762
70305
72430
65635
69106
69451
71086
70798
72779
67935
73974
66245
68017
71601
68080
65409
70071
70746
63075
66162
77954
71124
67800
66362
66343
64273
66624
71000
68376
70082
65844
67829
69209
63670
65702
64358
69570
64726
69552
68570
69195
61864
69714
70152
71039
68986
65945
62188
67443
62984
64725
70382
66925
69950
67128
65967
72094
71039
64279
68742
70318
71916
66779
68570
69602
69833
68291
67177
65794
65678
66691
66921
69548
69125
67604
66476
66278
69187
64003
72546
74244
67210
63302
71671
67350
64187
66259
68755
65352
66002
69932
70153
69264
63841
67362
66799
63711
70372
64928
65843
66724
68947
70979
68307
71804
66699
64809
67821
63323
64086
66309
67721
64979
67285
66590
67169
64335
68588
67645
67838
68869
65475
67566
64277
71608
63604
69213
72329
68774
66905
68081
74809
72163
70644
67620
71111
67428
68381
69935
64568
68229
63776
64060
66715
67885
63341
67941
68358
70532
68431
71713
66617
67642
65249
65554
67282
70251
74708
67079
70791
64158
63648
70284
69092
63917
67466
66637
65326
69138
64099
65862
68217
68823
67687
69150
66021
65850
70105
68855
68106
66600
64724
68314
74602
63820
67245
67917
66510
71067
71796
64066
62064
68466
66479
65776
70683
65107
64020
65784
65388
67478
69359
66210
65161
64508
69220
69473
65378
68856
64300
66140
72799
67486
67550
67519
68255
68622
67557
70822
68616
69187
65411
65532
66118
66408
72288
69111
67872
70786
66112
69555
69480
67661
66210
62440
69373
70227
66913
66130
73034
68291
69366
69500
66801
68514
69549
69765
62889
67270
65726
65874
67803
68676
70468
66450
67471
64711
69849
68229
66377
66900
71315
66781
69998
69999
70460
68295
65484
67204
67458
68859
68963
66626
74659
70252
67951
69346
70568
67878
64859
68034
65819
72993
67177
70983
70008
71937
62932
65686
67000
68968
66268
69367
70382
67193
66630
73293
69317
67933
71600
67189
65973
72048
70102
69062
70067
66896
66239
71556
65250
69152
67301
66886
70586
69964
66382
63743
74395
71200
67386
63866
69808
67126
67443
66231
68363
69138
69837
67229
67555
65779
67872
70605
67887
67319
70598
69587
68048
69086
69576
67325
65797
68835
65138
67963
74371
64542
66654
68718
68960
70186
69702
68637
68707
73015
67912
61618
66057
70480
71352
70484
65976
64817
69432
70173
69554
70289
71266
66162
70905
68232
68543
71567
67784
70045
69932
69179
68817
65172
67141
70605
67146
66787
68693
69415
65551
65801
64898
65910
70877
68573
64800
67129
69696
70087
66080
67812
65820
67552
65952
69551
69454
66723
65399
67724
67551
69230
69458
70715
69602
67602
66379
67761
67994
69976
70642
70464
67599
69344
72130
65855
67784
71586
67490
66150
69478
71433
67039
70251
67658
63695
73056
69776
69166
74201
71018
67481
71852
65416
70769
66637
64960
69393
65420
68817
67776
70138
66533
69043
64854
62950
66288
69964
73355
73446
70660
69035
72746
67768
66929
69257
68948
68183
67640
68565
70119
68642
66553
64228
70911
73073
68329
69748
68664
69409
70711
68655
65884
67651
67824
67752
68165
67654
67555
65583
65828
66752
