24581
19594
21785
26270
18208
19391
20199
23505
24351
23199
23247
23691
25496
22832
21461
18384
19196
20501
18386
22848
16868
22627
20893
22295
23913
20308
19906
20555
22222
20978
18752
20071
22547
23806
31801
21336
25542
22277
21842
18838
20709
21075
23554
18778
22239
22301
26440
26507
25914
21098
16578
24758
23782
22869
24995
24273
24702
23667
20359
23157
21175
20246
24797
21045
24374
19371
22743
23589
18105
21389
17885
24025
17673
22643
22421
23454
21642
27825
22621
23110
23143
25215
24948
29055
26409
26970
26430
22845
24244
27018
23559
22226
18754
19712
25506
19843
23377
21672
21328
22420
21289
24385
24499
24577
19604
22342
23702
21507
18247
26437
23607
26924
25725
21349
20961
25270
21551
23400
21993
26599
26446
26128
19910
25735
22757
19307
27450
21344
20888
21763
25469
27359
23328
21904
23755
19853
22383
21933
25977
21142
23506
26194
26929
19498
23951
20442
25178
24539
20811
21629
20699
24196
19578
26629
28254
22211
24479
22292
22776
20055
21557
20483
22253
20853
21184
24347
19801
20614
24947
23464
24690
23893
20646
21738
20644
23721
27907
24234
26240
22865
21943
28157
25251
28294
29051
24510
23033
20430
22475
20123
19463
22984
22564
20506
20532
20297
20094
25849
20298
22186
22706
23823
21642
23112
23483
20968
25107
21354
21388
22335
24242
28099
25716
22658
24602
22455
20468
23902
29365
24510
27542
20724
22084
19546
30544
23937
23758
27242
23111
25074
27536
24776
24760
21880
23703
27703
20294
23869
25080
25842
22395
27599
21434
23990
30834
24218
21943
21356
22291
25437
24870
22371
21409
22353
23828
25950
28169
26743
20440
29546
24294
25841
22473
24392
29078
26476
29364
22446
21573
20567
19706
23314
25810
26985
23789
21290
25722
27167
24759
23827
21229
28072
31134
25937
25135
25120
23796
22777
24146
23483
24042
21595
20319
27886
33492
20430
22030
19112
23348
24747
26604
27492
26191
20814
23523
21827
20928
24545
21332
21436
25473
22621
22910
26960
27184
26471
24820
22623
21914
23739
22184
21765
20963
24323
20187
27197
25194
22239
25044
24398
26288
25795
24309
23897
22301
27766
27405
34262
23366
22743
33062
24000
23249
20823
27987
26623
20591
25598
20958
23843
22170
20680
24369
24813
26260
23554
21991
28647
23345
25178
20522
24623
19207
23388
24993
20907
23081
24126
23753
29863
26912
25325
25953
22751
22157
24540
21434
23386
23734
20578
23994
21012
20029
22233
21612
25599
23179
33091
23500
27694
20394
24793
21150
26300
21777
23312
31589
21154
25037
24884
30430
23203
22946
21944
25423
27935
25610
17177
25187
20435
24108
25182
29249
20696
20679
20391
22706
19947
21644
25319
19760
24454
25218
22906
20917
18220
19921
20644
22610
22717
19646
16870
18705
21013
15537
17892
23319
22407
23068
17033
24122
21415
22126
18915
21534
18405
24901
18773
19540
23232
20621
22912
18963
21477
27220
21706
16998
19301
18458
19032
21998
24554
20318
24818
23414
22511
22229
20055
19725
22272
22067
25095
23287
21447
19400
17278
20623
22285
18623
19635
21277
21812
20452
20742
21882
21732
18416
21330
23998
19228
20067
31865
22159
24482
20996
21593
27401
19571
18807
20193
22132
21713
18506
24498
23845
21078
19816
21844
20347
23666
22705
20514
24036
16901
22640
19637
23009
22706
16108
21031
21015
21885
19992
23225
21398
24108
23955
20842
23979
18207
20388
20348
21150
20513
20297
21284
25579
14880
25134
23648
23927
24718
21857
25604
20183
18995
26437
21116
20612
23160
23244
23298
20344
26503
19382
21340
19641
22995
20799
20304
23779
17855
19206
21712
18547
21706
17026
18623
24423
24219
21200
21765
21159
21863
25708
17723
22864
20981
17641
23032
20668
19363
21314
19343
15933
21498
20766
19700
18643
17975
19495
24029
23381
23221
20334
22848
19337
23702
20952
22417
21702
24156
25589
21249
20847
18975
19364
18332
23913
16339
20565
21796
27265
28219
24705
24440
22345
16263
22101
20576
23978
20092
22013
15042
17744
20824
19726
22332
22768
20585
17765
18489
22527
20358
23505
20080
22975
17035
23950
18244
22804
21131
24169
21070
19660
22518
18524
20813
19924
22948
19981
21914
19868
19481
22257
21871
21640
21803
25017
21608
26673
21116
20350
21471
18343
15140
19626
24873
26937
26427
25632
18302
19997
17606
21286
22308
23823
22390
19198
19693
23537
19726
21070
18839
26434
24075
20516
20677
19391
17350
25135
24563
27265
17220
22414
21087
23495
19241
19229
20716
23745
21699
21121
20765
22797
26383
21296
24561
21898
18423
21562
21125
24984
19122
18572
23913
21038
20478
20971
16649
22476
17966
17634
19087
20712
21707
21185
20926
25927
20138
20434
26027
19495
20674
21628
21621
22762
22834
20198
23992
21438
19552
22948
20417
18014
20562
21554
24131
21405
23902
18793
23222
18990
20696
18438
21366
21602
28570
17596
17369
17294
22102
22330
22789
21922
20433
25482
20492
22909
20960
24651
19340
18913
23698
19636
17185
21300
18504
17362
20997
22010
24903
19063
18567
28186
19693
20307
18077
19610
24084
22111
20250
19302
20977
24262
21101
23912
20889
21227
23844
21565
21399
25721
23570
26924
21976
21147
20402
19289
16347
26317
21717
16833
20543
20319
17544
19684
19087
24640
20876
20527
26544
19054
19955
18907
18120
16444
24884
24838
23018
23438
25470
22701
24529
23101
15978
20690
18406
17228
21715
15864
23095
24068
23959
19767
22482
28401
20460
20903
16501
21051
22999
20369
20748
23550
24054
23358
22583
21218
20535
22790
20817
26551
17597
19770
21529
15131
21749
17555
21989
24909
20225
22620
21804
20648
22457
20231
24524
23065
20254
18313
18476
18255
18057
19957
24446
18890
23502
16286
19412
22988
20100
20587
22197
19325
20382
22053
24247
18769
28724
21208
17504
19608
23784
19175
19399
29328
21940
21940
22551
21438
22442
17301
18047
18197
20226
19508
19045
21600
22012
22358
16795
23162
23261
18387
22032
20466
20716
16753
22281
24038
25414
16233
24838
21745
18839
16905
20478
24125
21096
21237
25018
20433
25096
23892
23301
22001
19492
20137
22432
16888
22704
21222
20992
19728
19464
25875
19161
18193
25149
24971
19927
19104
19683
17576
23430
17306
17648
22563
18787
22756
21661
25085
23325
18863
17799
18039
19425
20751
24039
21978
25171
18219
21715
21520
20339
20763
20071
21097
21657
22207
18069
17320
19899
18814
18331
19249
24246
18161
20353
22154
20876
23158
20589
21349
20358
22601
21467
17637
21711
19184
20474
18759
23226
25343
23282
24019
20081
20684
17084
17834
19790
19125
22160
19480
19071
18246
24391
23788
17116
18660
18468
26945
18988
15634
19316
20378
21154
18517
20126
19349
21873
19176
20077
21706
19321
20056
23472
18732
24800
20842
23097
20603
23197
24657
15899
20406
19611
21936
21268
21304
21841
21831
15328
26261
17206
26974
19479
22009
19916
19752
20017
21090
19795
18212
22683
18560
18946
19210
24791
20556
18371
21662
17620
19429
23619
17985
21334
20151
23631
19839
23130
20124
17990
25852
19732
17736
18308
17837
18503
21685
21732
22487
18868
18669
22910
23734
19104
17689
20249
21217
24883
19737
22541
19982
18415
19526
21483
20863
15958
17189
27162
21707
22046
16434
23828
22391
21048
18424
20936
19525
16635
21522
21933
21463
20940
24015
19443
22266
17787
19238
21176
17553
18313
17883
17635
22087
19860
23016
18119
25425
25811
21319
19949
19914
21288
24795
20209
20433
20573
25312
18306
22547
21815
15171
22331
20547
26998
23473
19253
23494
19316
17366
18578
19140
19473
19975
22602
17468
23482
20828
18088
22604
20935
19592
20751
21823
19478
19426
22220
20412
22882
18790
33206
19700
15533
18353
18464
17967
18659
19431
18539
20262
23880
18812
17294
27115
19418
23799
21700
26653
18193
21030
20713
25790
25359
22856
21618
21096
19546
18594
19569
17084
18243
18775
22498
17721
17227
22429
20728
17566
16251
18274
21169
22385
22573
19899
21588
19949
16887
19151
23179
22547
19988
22185
18783
22932
26337
25407
18856
23466
21534
19616
26465
20956
19018
18608
20141
24567
22431
21270
23148
23797
18368
19866
19061
18950
22924
21285
29498
18494
22294
18592
23376
17952
17589
18715
17578
15520
19490
18704
24945
17873
16689
19065
21973
21864
22359
21401
24571
18915
19969
19828
19131
21255
19110
21934
20643
20636
19971
22366
21347
24617
20336
17291
21888
17177
19185
21567
17366
19677
18317
20099
24140
21452
19763
19065
19324
19198
23525
21203
18474
20182
20849
18619
19201
17677
16185
23081
19901
19357
20272
18247
19301
18006
16021
20158
19957
21787
19418
24567
22273
23912
22524
23313
18666
22075
23762
24664
20822
20284
17276
23389
17432
17354
21244
24660
22737
18942
20471
17256
21768
20720
22865
20307
18636
17713
20887
23710
26324
16518
19491
18091
18338
27436
20831
23853
19284
20161
23477
21034
18324
17827
21187
17494
18061
16598
19745
19691
19804
23390
20210
18307
24480
23477
19863
19260
22545
20388
17178
21980
19783
19334
20793
19225
18069
15916
19975
20209
21158
23033
16837
22288
21120
23414
22498
18052
22495
21324
24101
17977
20471
18325
20011
20525
17535
27501
19189
21084
18053
17446
19196
17942
25677
22658
20760
21693
15727
19012
17406
21316
24757
18530
20845
20882
18180
20433
19885
18539
15071
22853
21660
21851
22743
19319
16927
20492
21194
20408
15586
19604
20169
16842
23993
20397
23682
22331
19974
18948
22695
20363
18389
19747
20599
22187
16011
23039
16844
21587
19642
18695
28140
17069
19428
19285
19914
20325
24699
19023
19849
17137
19652
17777
20618
20375
27005
28735
20489
20228
20618
18078
19968
19633
19438
16307
16969
20045
17753
21798
25972
21851
27199
17246
17287
19116
19198
19629
17754
18720
20356
19190
24430
19431
19721
18120
18345
21364
22396
18681
17856
21779
21400
18504
24317
18948
20126
20437
20473
19374
20840
20939
24688
19289
21156
20884
20249
23361
20573
19445
18722
20081
22754
16533
19166
26003
20340
20365
18284
22046
21212
15037
19158
18866
22994
25757
18714
18344
21373
19266
18987
19896
17374
16714
16238
22989
16141
19069
20061
20295
20686
19995
17985
25001
20306
21208
17473
18570
22938
20023
23055
18508
20979
22154
18987
21055
18663
21927
16272
20744
19505
25089
17641
21755
17974
21576
17620
16958
17809
23086
26379
19262
17426
20630
16262
20185
17955
19563
21349
16137
20896
18510
17179
18370
17226
20659
17568
24510
21129
26300
21739
22094
20856
24904
20055
18814
20597
25030
21922
18715
17877
21562
19497
25549
18294
22995
21297
19673
17859
19371
21229
18938
21539
23914
17693
18333
22134
17615
22307
19971
21512
23681
24933
23567
19660
18534
18601
21247
16500
19687
16520
22746
17484
22933
21065
23806
23986
19083
15580
19408
15758
26069
20630
18941
18549
23648
18925
17194
26722
19374
20144
19501
20441
23096
18257
20878
21970
16635
17571
23963
18805
20309
19626
21301
21562
21795
17329
22181
16851
16418
18345
20751
20701
19980
19791
24274
21277
18582
18936
21776
19550
19292
17763
17318
21089
20138
21633
21713
21585
20063
21013
16962
24565
14829
20448
22115
18163
17777
21752
23725
18419
22352
21586
23485
16481
20871
21787
20280
19796
24233
19747
19298
21968
19430
21518
23981
21945
17230
18652
17139
21651
18604
14995
19698
17679
21710
21206
20861
19322
21116
19367
24132
17445
20015
21716
22643
21527
19130
15987
16370
18250
17852
22674
17966
20618
23637
20079
22792
21840
18515
18035
19953
20842
18513
21985
18023
19983
18772
17065
18232
21825
22998
23672
23625
16965
20019
23206
24513
22908
22661
18134
20287
19599
18031
21872
17396
20715
19469
17008
17920
15713
20555
19199
21655
22803
18432
20312
16579
16306
18961
23033
18860
24355
21566
22885
19186
18938
21559
20542
17123
22463
18004
19125
18773
17356
17433
20850
16676
20672
21286
21240
27008
20889
21138
22025
19269
20941
20388
20988
18663
21463
18334
19935
26163
22874
15194
20763
20369
19133
22047
20155
23323
18261
20293
21700
26631
18485
25633
19640
23826
19344
17536
21102
20231
18867
19137
22080
22443
23224
17837
18194
17263
18525
18748
24561
18151
19951
15390
19039
19921
23727
17412
20898
18824
23400
19466
24497
17542
21715
17994
20536
21301
16704
20963
19583
16597
19072
21212
18687
21586
16681
21991
17345
19518
16517
20967
18153
21102
14758
21012
15114
18752
17270
21358
23642
21829
16650
17167
18749
19358
15476
16113
17601
19630
21953
22663
18265
19396
21339
16779
17086
18298
23804
18123
19049
19400
22032
19559
18030
16866
22793
19175
17332
20079
19465
18530
21338
14536
18067
16398
21244
21676
16711
22574
24239
17039
21762
19619
18912
19816
20549
20358
17068
20755
18225
22363
27625
22365
21276
19026
24156
20229
23973
18075
20228
17244
21377
17075
16543
19157
21594
18678
19395
18079
18094
19706
17907
17956
19397
21436
20710
18576
18205
17870
15057
20666
16289
15640
19282
21877
20082
24817
20849
21331
16432
20208
20520
16003
20026
19081
22129
22783
16614
18458
17733
21975
20493
17645
18785
20014
23132
24188
21756
20414
18499
18579
20762
23290
21935
17719
16684
21577
17414
21154
21963
15192
20540
24436
23851
24204
21328
16361
20604
18010
20338
21426
18261
20336
17781
20852
20505
20555
20787
24152
22699
17234
18305
16358
24342
19123
18215
20880
15449
21510
21546
16860
17026
16171
20459
15354
16198
21338
18425
19733
18849
16801
17856
18104
20643
15965
19761
19074
21687
19104
18892
20538
18938
19476
20881
20990
19552
15146
22324
23662
17625
19761
20066
21494
18874
19145
19680
17106
22909
19979
20747
20564
16533
19043
20401
18863
21016
19650
19328
18795
21472
20626
17375
20343
18587
16447
20776
19027
18439
20929
23074
19704
18457
17757
19509
23256
18829
19305
18408
20520
21975
18178
24651
19156
19293
19385
19898
18699
21002
23469
17243
23520
23797
20414
22696
15382
20190
16709
20649
17080
22893
18797
17669
16160
17609
16509
21254
24740
16757
19644
17773
21006
17910
20436
14531
24991
23840
17063
23819
17093
18084
17619
15232
20573
18239
21731
20319
20412
17978
16881
17901
14196
21136
20180
17027
20748
23035
18381
18684
18417
20956
17766
21253
17517
20128
20530
23842
21029
20937
16463
19661
17006
18289
20063
21830
18072
15081
17972
19674
20068
20188
17264
18908
21841
19697
19116
14919
16508
19874
18542
19006
17868
21017
19972
20355
17438
17353
17860
16213
18829
23258
22453
24248
20480
21514
21468
18345
21856
17750
20919
17752
21488
22989
20613
17621
19162
17254
15091
18106
17298
17554
16848
17567
18894
23064
17809
18711
18105
18102
18088
22606
19032
24286
21512
20730
22511
16537
19376
20497
18210
16530
19320
24005
16402
20719
18446
17623
19095
20177
17053
17978
21067
19260
18687
21155
15838
21641
20161
19696
19543
16070
17752
20099
16659
20193
22957
18409
18026
19623
24534
19432
18938
19263
18101
23828
22770
18079
18039
19760
19570
21224
21173
18445
22165
18662
22497
24991
18487
19442
15764
16993
19420
20317
16684
22507
19531
22358
17877
18914
19679
17535
22638
20188
16212
20299
20609
19429
20642
15409
18000
20936
19178
19625
20646
21791
17840
16328
21048
18100
19512
18673
22252
17396
21492
22059
22131
17878
19841
17543
21172
19536
16382
21892
18497
17135
16855
17495
20077
16169
18215
17493
16983
22009
17171
16330
17878
20276
24338
20319
21299
16450
21961
22207
20665
23344
23148
20792
17214
21192
17652
19714
21071
21037
18595
17960
20214
20218
16674
18823
20516
20039
16976
19096
20491
23982
17481
17353
23949
19388
18212
17683
17700
17502
19813
20196
20566
18405
20108
18644
18866
19126
17668
21580
20035
22459
19966
17732
17832
21035
22352
19286
16655
16130
20836
18676
22979
20652
23469
16537
19201
19850
20946
19529
21199
17478
21175
18884
19734
16094
19041
19874
17560
19704
20517
15235
19126
21883
18964
17327
16406
21069
23550
18241
17418
19308
24638
16402
20466
20010
18914
15773
20492
22775
21330
17746
19389
17891
17199
18179
19897
24426
20320
21640
19280
22537
18792
19402
21026
16779
20714
20802
17355
19823
17161
20816
15424
18821
18198
20842
20981
20030
18392
23380
17116
16536
18000
23885
15812
18667
18998
17554
18208
16059
20246
18258
20682
17104
16984
23096
23898
14865
17528
16868
18532
15988
20065
16295
16842
15819
16358
17637
16959
17175
18623
21143
18604
20826
19564
19874
15412
21476
17549
19031
23038
17318
20567
19235
18232
18248
19990
20465
18576
18136
17154
20345
18593
14676
16031
18461
20945
20722
17438
20119
19262
25147
16558
16706
14693
22134
19304
16545
19561
19141
17243
20460
16798
25110
21644
16493
18559
21223
18182
18642
17292
16184
19868
20069
23804
17024
23727
18766
15675
21738
18944
16859
16790
17130
19615
20960
17576
21055
17146
17575
19400
19711
16238
17729
21822
17960
18931
21809
24272
20776
17118
17008
16871
21421
17594
20777
22777
19013
19119
22903
15582
21537
18282
23439
26163
18590
21464
19329
15438
15497
16607
20503
20496
19841
17268
19645
18293
19779
16301
24560
18444
17957
17370
20165
18061
18653
19847
21398
19349
16983
22519
19351
17680
17855
25348
22186
23948
16033
18712
20820
17554
21572
17744
21503
18772
19590
16519
24442
16902
18408
19733
18019
20855
18722
17637
16300
18915
19877
17993
19783
17448
22160
20257
16515
22776
21469
14659
19338
18807
19919
19809
18729
16786
20374
22790
15279
18268
18136
18045
18479
18227
15996
26760
18162
17894
19809
17137
22418
18600
18253
22524
18003
18962
16644
17838
19024
21263
17906
20086
20824
22735
16332
18348
17082
18789
24115
21477
20399
19764
22163
17998
18896
17530
20096
18601
24313
19103
17705
19487
18458
20431
18721
19660
19963
24156
22037
26099
17825
21203
22860
16609
16228
17795
16329
17189
16203
22273
18603
21033
19769
18558
19163
19285
20017
20029
18898
18509
20133
19977
20022
15030
18930
18823
17867
20260
17965
17734
20765
17282
19664
19911
17370
19206
17678
17733
22518
15417
19385
20437
18535
18233
22347
18488
15095
16469
22890
21718
20352
19132
20320
15304
18299
20221
16780
17335
16059
21678
15312
19744
17818
22007
19556
21055
24692
23101
19646
20174
19249
17174
20999
22766
19649
17473
19231
17972
18118
21901
19323
21882
15657
20343
18147
18424
18674
18315
17165
22272
18256
16737
15721
19611
20857
21016
17885
20278
17655
18665
19866
23339
18945
15662
20500
17208
17127
16696
22033
20269
18940
16775
24352
17764
18169
22771
20937
17445
18122
18171
23984
19766
16774
19677
18942
20803
17173
14884
19392
21375
18448
18772
19284
15633
18339
22290
21591
17629
20133
17708
17162
17834
23816
17226
20817
22237
16563
20228
17248
21477
19455
15090
20353
20974
17138
19503
25324
21046
20592
14984
17220
21928
16094
17192
19845
19360
21200
15175
20964
16057
17795
20917
21767
20691
17646
16868
23599
20297
15566
20149
15724
18768
16342
18705
18881
19178
19702
20391
20824
22703
16044
22044
20206
15361
15416
17675
18331
21453
19872
16041
20644
22428
17036
18051
20697
19498
20356
17329
22189
18753
21779
17423
20884
20347
20656
22886
22275
19433
20630
22133
22279
24632
20302
21251
24686
20422
19407
21458
21351
22360
17956
17989
21810
22457
21653
17513
27021
19575
18204
21912
20923
19929
20367
19241
18761
18573
22054
21889
21519
21851
20533
19390
20154
20878
20937
20099
20758
19470
21163
23703
19736
21977
20770
20164
21542
22024
23085
28363
21076
21566
17805
17908
21214
19854
21337
21271
19607
22775
23302
19181
21187
21071
22844
21569
22242
20374
23272
26956
20319
22265
21711
20940
20405
21822
18041
19415
18535
18916
22148
20156
18863
20975
21417
22846
19913
18565
21507
19789
18786
23237
16817
25807
20187
19512
23209
21263
22111
21356
18765
20888
18586
19313
21024
24286
21650
24041
18067
23849
21550
17518
23972
19144
21839
23549
20230
20223
17620
20468
19555
20965
19700
23612
21741
20245
17192
23145
20279
22353
19922
18784
20821
21339
19777
21531
20581
20177
22557
22302
19000
18437
26013
22732
21340
19522
19216
20420
21702
18893
21188
22492
23142
19734
26858
20872
22021
24145
18100
18765
19042
22043
25651
24068
24222
23462
21994
22305
23113
22572
19062
21994
20995
20850
23183
25666
20137
18819
20751
21078
21100
19429
19144
23980
19273
22642
24040
17687
23054
22117
20914
20829
19931
19706
17743
22725
22004
18473
20128
17253
22671
18593
18836
20687
23681
21937
21603
20504
17598
20281
23286
22318
20252
20541
19898
22989
21797
20054
17608
26627
22309
20380
22701
23700
19536
20350
19104
19831
24650
18802
18836
20611
26244
19862
21451
20566
20130
19434
20094
27115
21697
20293
21793
23146
18732
18509
23735
20784
19311
21378
22881
20504
18744
19451
20053
21537
19905
21782
21037
17108
21010
18942
21323
20851
24039
20022
22387
21954
20518
19541
17585
20449
17964
19280
20676
20411
21567
24966
23784
22486
26527
24430
20119
21110
19948
22862
21556
22136
21794
18438
19000
19789
20437
22946
23960
22241
24825
24981
19254
21970
21268
21055
25041
23569
20815
22253
23150
19969
22953
21096
20415
26076
19995
22797
24001
21153
21831
23568
19690
22319
21388
20370
22854
22142
21190
23003
18773
23921
21513
19697
22965
19871
21334
24237
20329
23466
21100
21187
22107
23970
23304
22232
24074
16762
21386
18440
22008
20688
20943
18678
22177
20049
22145
27865
21417
20599
20202
21107
20194
22849
20143
22205
19658
24476
22401
19926
21165
21684
22632
22013
24576
19958
22693
22187
18937
19348
20603
20511
21819
25104
23536
19872
22534
21522
22923
21279
20966
20693
22877
21479
22872
19323
19280
17789
19923
21590
21707
22019
19950
18903
21199
18185
21838
18697
20589
22932
24345
18716
21753
19736
24575
20110
21628
23545
21974
22012
25317
21438
23452
19211
23413
23965
25619
19453
19848
24388
24566
17647
17726
21304
23303
22145
21770
20052
18359
23126
18676
22294
25925
22587
24357
19851
17611
19838
20072
17140
18472
20472
20413
19866
19660
19408
18951
23999
21269
21867
21408
21629
24246
19459
23014
20281
23699
25892
19017
18888
18658
18526
21833
24679
17271
21845
22389
18687
19842
21928
20619
21426
19053
20786
21021
16973
20366
24382
20065
21257
22546
21153
21571
18890
22699
21900
20553
21292
17037
20959
21173
19521
21627
23964
17755
19558
20399
20566
19413
19427
20549
23072
21201
22959
21415
20355
19207
19602
19847
23666
24849
21289
18654
23734
23486
20134
22225
23758
22219
25509
20350
18671
23197
19946
20555
19070
22803
26266
20718
19919
22243
23909
21796
26188
20314
21328
24569
20221
18893
17565
22259
17460
19001
24679
24671
26345
19121
22666
22693
23881
22753
19035
24008
24479
19591
20424
22139
21264
21842
18457
22814
20930
22229
18474
26055
25450
23150
22177
23626
18994
20480
26081
20386
19390
22358
25445
19764
22314
23504
24104
18017
19024
23349
17705
19935
21377
19850
19277
24277
22051
19868
21910
23622
20519
21290
20698
19374
24330
19174
26068
18964
23439
21554
20924
18879
20252
20700
22763
21999
18929
19575
19819
19077
20242
21945
23831
23179
21246
19203
24491
17550
18986
21277
22846
18620
22608
18279
24005
20785
20914
23502
20735
22516
21936
22659
22065
22339
21257
22818
26233
25009
17560
22152
23133
20732
22122
19898
17110
18486
21217
19911
21339
22016
21587
19037
21335
26340
24524
16782
18257
21028
22634
21781
21957
22066
22515
24305
22586
20056
23130
21131
23176
20395
20956
19190
20214
19896
19744
19331
19946
22869
19164
20319
23578
22687
22187
20223
21781
21332
18616
19889
23218
22855
23157
21833
19931
21902
18607
19243
20107
24753
21414
21452
23498
21327
19277
23949
21764
22033
19490
20590
18973
21446
20077
20797
18802
19769
19932
17939
19057
23545
21631
19580
21606
19624
22334
22893
20266
21661
20527
19501
24202
26177
21246
26005
24615
19744
21926
22566
23019
20444
25133
22944
21963
21451
18247
21894
19488
19267
18363
21430
20891
19595
19951
18714
18884
20636
22510
21971
25218
20233
19598
24194
21482
20377
21251
23673
23037
24032
20106
19624
22436
22856
24114
22423
20730
20180
19495
24501
18004
23182
22593
22565
24191
24179
22011
23451
19453
21121
19652
18814
28756
22528
24750
18382
18558
16438
20088
22357
22821
20354
23643
21004
22337
20145
19831
17086
21327
20999
18444
20259
18925
17724
21243
22739
17608
19805
21071
23466
22368
19941
21136
23686
20943
21658
20346
21025
19646
24992
15783
22799
20201
20611
20571
23588
19249
24208
22856
23504
21031
22319
21483
22838
25754
22754
20986
20955
19183
18680
19766
21399
20279
22400
24276
19321
20931
21785
23698
23728
19736
21618
23319
20038
18776
22816
23942
25168
17554
26650
24478
18493
22349
20902
20615
19851
23531
21231
22661
23521
25367
20103
22198
22659
17721
23743
21434
21911
23273
20341
24015
19536
23026
22772
23345
23044
24007
22827
19680
18616
26119
21262
25064
18178
20384
19811
23941
21696
24091
19617
22556
27273
24189
18626
23390
20878
23080
19058
18635
17248
18825
21056
22648
20616
19585
21815
20139
21057
22587
19711
21365
22310
19223
25294
24438
21208
22063
22000
22944
19888
21541
19497
23980
20104
20114
18407
21949
18853
21336
23211
24254
22777
21325
22611
19889
16337
18880
22178
21718
18408
20417
23552
25645
23286
22833
24847
20116
21663
23170
18213
22318
18373
21887
19527
18097
21896
20049
19965
19435
21346
18601
20159
23199
19145
19945
25339
20136
21699
21939
21686
20316
19955
18839
20706
19920
20576
18991
22773
21133
21473
22536
21278
19446
20376
21331
19785
20242
19591
19973
27239
20385
23943
21003
19908
20329
19009
21337
19847
22890
18460
19814
19315
19886
19292
24144
21475
19393
24056
20352
25315
20885
17861
19594
21504
21634
21453
20822
25138
21575
21302
19965
24242
21309
21055
18698
21663
27363
21989
22290
20651
23632
21324
21200
22710
19375
23795
20999
20631
20686
20960
20340
20491
19840
19894
21411
20769
25891
23499
18656
24603
22305
22733
20533
21341
21721
20101
18289
22320
22037
21724
21057
19872
20951
20864
19055
21963
17806
18894
22664
21819
19864
21182
21260
21351
26426
22353
23783
22619
20106
23352
25994
19695
20466
21864
20573
21275
18406
19149
24067
21804
19569
20234
20929
22871
20478
20211
19748
19437
20088
20774
22273
21483
25469
21208
20624
28587
19390
20767
22240
20383
22631
19915
22153
24370
19634
20593
21193
22727
24883
24179
16376
21665
21898
24933
21293
22872
23216
19857
23842
20451
26640
23260
26941
23632
21861
18091
22446
23032
19373
22322
19327
25166
23825
20979
21493
23048
20857
20685
22430
25371
23980
23508
22554
19680
20585
18795
27800
22549
19757
19612
22592
20167
20310
20530
27326
17571
21875
20026
20083
16740
23641
19782
18022
19340
21722
26969
22003
23300
20665
26562
18825
21629
19731
24828
20589
19313
19402
21008
18909
21479
19297
21390
21106
21071
23507
19602
25581
18540
23239
21052
24370
21974
19139
25381
23649
21989
17252
22763
22360
19754
22468
26450
19539
21813
18521
18504
22146
18844
20152
24497
24869
20580
22027
21888
21083
21112
22097
22540
22381
22597
18678
19852
21890
25305
22306
22513
20932
22328
19961
20983
19649
21789
24063
23972
23610
23051
19575
25628
23726
20974
19082
21184
20814
20747
20732
22916
22256
21168
20075
22577
21610
20380
22124
19131
21071
21865
22084
17288
20272
19961
20444
20072
21886
23277
18350
17780
20245
19245
23932
21042
20495
18948
20237
22177
21524
20668
16799
18519
20244
21453
23272
19899
20702
19143
19584
19212
22202
20004
21784
19915
22254
28830
22261
21104
18423
19735
20508
19890
19806
23667
23679
22764
20385
18309
22205
18275
20829
20203
21105
22024
24196
22925
17928
20278
22617
21473
23149
19964
23779
21270
22400
20185
22409
19388
23241
18214
23300
20257
19755
20423
22050
24447
18956
23157
19102
19445
19861
26364
21956
24633
17813
17127
22293
22723
22381
21574
19457
20979
18535
23346
23634
24777
20913
19492
22960
22909
22503
18294
20457
18107
19350
20444
21737
19490
21235
20416
22830
19866
19978
22667
19559
20610
18209
22146
21955
23601
21335
23091
20943
24508
19049
20236
21181
24097
20550
21292
23024
18958
23203
19652
21234
21618
16553
19686
19990
20108
21110
20898
18157
24555
20551
21890
21281
19379
19143
22893
19780
18683
25068
21129
24005
18229
24259
22733
21783
23813
23394
21943
22153
21694
18602
19814
19471
24882
24697
21776
19293
20993
23570
18405
22150
26369
20288
18646
21279
23236
20508
19178
19582
19081
24860
19562
25346
20001
22962
19808
22765
19114
22612
23687
22383
20595
21275
23711
26335
24082
19892
23075
25061
25093
19518
19573
21458
19507
19826
21099
19283
20742
20866
19122
18842
22819
20580
20147
19377
18808
22272
20833
21386
23325
22518
21759
22437
20879
21345
21495
20477
17463
21100
21719
20340
19568
17949
22949
19026
20324
22186
18315
22650
20251
18251
21796
18479
24188
19099
22787
26131
22507
22588
20613
23442
20013
24656
20203
19415
17738
19464
19738
19626
25307
23105
21614
19469
23390
24632
20670
21637
21239
20213
19572
25175
19550
21973
22093
20715
16952
18658
20219
17607
19380
22030
17898
20451
17425
21314
22024
21545
20146
19945
18196
20825
20079
21081
20094
22046
21333
18990
23164
21151
22729
26991
18724
17470
23812
22128
27682
20618
19432
20474
20216
21881
21823
22073
21299
20605
20809
24623
19819
21141
22479
21929
26303
24771
16526
17468
23440
19407
20563
21049
25511
23328
19919
20437
19962
20191
21978
20325
19331
19994
24760
23950
21209
21102
21622
21411
18083
24990
19333
20240
21944
26476
22132
19834
20848
20106
21213
23856
24172
20412
19965
25005
21269
24107
17737
21731
21600
18018
20932
17431
19972
20498
17484
18140
23592
23176
22330
23222
22055
18737
18402
18746
22034
22023
24317
23284
21959
23620
19898
21782
21486
18279
23242
21393
19595
20048
19577
17204
20788
17913
22615
19507
21871
25991
20420
21128
22199
23121
19039
21751
22051
18961
24388
22110
21223
19880
20870
24704
17080
21408
23942
19582
19102
19072
19592
22661
21691
19921
21488
19966
19751
26350
21683
26792
22342
21283
19055
20256
19816
21429
21382
22073
21579
23376
24949
22799
21221
19225
19147
20597
19969
23579
20946
20445
21283
21007
22350
20051
20692
24795
21693
19047
23950
20168
24799
21236
19722
18793
22583
18676
22150
22233
20729
22049
20844
20280
19468
19827
24037
18692
18598
21725
22649
22600
20888
26695
17977
21875
21156
22748
21480
18614
20033
25061
20999
18106
19627
22821
20164
22376
22730
23081
25144
19637
19764
23175
21401
22506
20865
22204
23322
20841
18924
22039
19725
21601
22541
18447
22453
19780
19656
20529
22831
20321
20677
17822
21043
22993
21968
23477
21626
20438
22740
19175
25408
20717
20620
24938
20116
17978
23849
24889
18657
20320
24336
22199
23609
21728
23867
18762
20686
20426
23163
21965
22656
24413
18928
20235
21666
19304
21049
21258
21298
22149
19742
21233
18529
20404
18150
21711
24957
23619
22043
23827
19652
22446
23412
22719
23752
18417
26937
21015
19301
22284
21377
24276
20382
21450
17908
22895
22005
20458
21049
22074
18994
18002
24256
21030
19953
19155
18960
17702
19985
21313
21624
18201
18732
21375
20516
21041
21110
19737
23420
25425
19142
19391
20111
21727
20812
18865
19638
25817
19627
20174
20147
18852
26273
18719
21758
23023
17209
21223
20693
25239
21127
17260
21887
21142
18468
23041
16838
20276
20630
18245
18938
20077
18266
19656
16729
20582
17558
23296
23158
21691
20970
24799
28825
21108
21302
20151
20203
22133
19293
19474
22385
22010
19748
22532
21081
19694
16849
23846
18386
21240
23460
23069
19223
21364
23087
19827
17984
22006
21263
20187
20568
21076
20239
19472
16675
22322
21249
25137
17952
25248
19151
22013
23694
20036
19170
20743
23292
22921
21894
19573
19578
22087
23179
21955
21697
20017
27358
19444
21838
18169
20780
24541
19549
23690
21725
20501
23128
17917
24914
21413
22657
18768
22563
21699
20462
18906
24064
23548
24067
21861
19750
23135
20512
22070
21369
23585
20195
19909
20649
25896
27080
18633
21819
17828
22406
24948
19982
20157
18885
21957
17776
21848
20166
24750
21516
21937
26486
21734
18010
22594
19645
24988
23025
20200
19242
21147
20450
19156
19593
24491
23148
22877
22647
23017
21828
22639
23412
22785
20415
20004
19973
17627
20413
16294
22579
21448
17745
24124
20194
20454
21476
18760
19184
23118
21615
22904
22110
24888
19977
21745
19343
25333
17270
21022
22281
22168
19746
20496
20829
20143
17721
20888
24365
17999
18571
28165
20631
21023
21038
18274
20836
24909
23799
21894
20841
21084
21542
20497
18387
21693
19010
23678
21958
18601
21207
21440
23781
22885
21683
21593
22596
21131
19634
23187
19831
18682
20415
20827
18275
18481
22544
21327
23615
19921
21865
21699
21134
20770
19418
19913
23124
21545
20462
21731
20881
18296
21631
22587
24428
18822
19958
19912
24405
19305
20475
21929
22525
19651
22383
22705
21872
23952
19658
19918
19157
20368
20156
25085
23322
21108
21172
19328
20761
21828
25124
21458
19678
21749
18277
21303
22684
17751
24860
25816
18548
18833
17624
19743
23408
21331
19447
21425
22264
22198
21105
20322
23524
22189
22607
19973
22680
26105
25836
20521
19091
18699
21413
19525
20699
20636
19013
19122
19830
21032
18886
27927
22619
24269
21133
20441
21981
21700
20923
22036
20167
21903
21358
19526
20394
19650
20356
21314
27658
19524
18781
19907
20543
19295
17319
18292
23690
19000
20843
27822
22316
17838
25528
23773
21088
22173
21798
23101
23535
20402
21079
20314
20420
19901
19361
20663
19275
23282
22786
27056
20869
21323
24013
19130
23819
21434
19238
16274
23537
21191
22322
18518
19430
19656
23348
20622
19110
22273
19340
20945
22940
20026
22184
21969
19778
22983
20105
21101
21509
20640
18162
19408
20204
22281
26392
20817
22781
22832
21744
15647
23045
22187
23400
22146
21923
20493
17873
24436
20242
19858
21868
20618
20710
23367
20588
18622
19773
24033
26621
20854
21491
22105
18263
20143
20976
19003
18001
20108
23403
23213
18943
21815
23393
17528
19624
20750
19653
22011
22582
19353
17620
19418
19412
22394
19764
18573
20762
20502
18031
17906
22329
23354
21026
23518
20636
19587
24542
21288
19714
19442
21658
22018
20919
18524
20601
19328
24984
17438
19259
20438
22249
24197
26874
17606
18700
21077
19032
19752
23645
21595
18784
20354
21428
22926
23522
22835
19043
22594
23211
18145
21407
19362
21335
20019
20783
18965
22380
21991
20530
20776
22384
23206
20922
17913
20578
22505
21119
23161
21204
20862
19819
19879
17984
25487
21245
19187
25007
19680
23490
23343
23145
18654
16214
22084
19682
23919
26669
23162
20885
20249
22365
21327
22643
19561
23142
22420
24308
20949
18841
17913
20543
20711
24687
21299
22435
21698
18825
22605
23192
17960
23968
20242
19773
19061
19980
19684
19913
23893
23756
21665
20987
22247
20502
21948
20886
22769
21106
21210
19679
20030
20920
21394
20484
21980
19660
22124
23483
24037
25007
20554
21361
18738
18335
20903
18672
19799
25488
22581
20006
25238
20918
21397
20063
17107
19385
17108
18382
23313
22727
23833
23774
20051
20126
20761
19133
23611
21949
20247
22640
19345
21437
17906
21614
18783
23820
18002
24294
20954
19078
25352
21752
16964
20085
21599
17552
24262
26989
20786
21522
19727
20048
19311
23741
21245
19523
22890
20509
19553
19783
16239
20144
21762
23291
20044
20878
23649
26139
21965
24039
19017
19399
20203
17974
22560
25511
18540
21567
21269
22040
22675
23586
23764
20046
19464
23723
20763
20629
20794
20019
23192
19088
22261
22714
22565
24165
20795
24642
19158
20952
23404
19101
22746
23880
19915
20179
24081
19438
17914
22524
19463
20350
18835
20993
19573
22635
19886
19654
24235
19494
24497
22118
21364
21144
18763
19963
22735
20070
20543
20788
19806
20942
26079
20011
18418
24264
22544
22030
22701
24785
21100
21322
20426
18426
21229
22759
21951
24943
18790
18255
18823
23252
21107
20884
20763
21017
23523
22223
20909
22993
22131
22595
16856
21452
21122
23096
28667
20035
21506
21348
21950
20822
19284
21703
19269
26766
19559
19273
21372
22015
22508
21012
19877
19564
22165
18092
20176
19380
20036
19163
18972
22302
21555
21627
19054
23897
20523
20397
19775
20162
25596
20985
21758
19419
23333
21901
20592
18630
23875
18510
21487
21395
20028
20337
20468
22466
20278
20527
23193
19445
23563
21624
22676
23047
21152
20247
19832
17780
26545
17756
25370
17212
21775
18941
24976
21448
19331
26438
22029
20092
17796
21203
21378
20002
18060
19511
19371
19708
19066
22354
21708
22856
19060
21938
24527
20487
24011
17634
19352
18121
21783
18912
17945
19356
21880
23478
21884
22231
26607
20011
22730
18597
25166
22206
21613
22471
24106
24992
20061
19741
22334
18010
20053
19275
17601
18885
19888
21719
21978
24355
18847
20307
17964
17354
21733
19502
17885
21534
20801
23636
22594
22678
17147
17707
21496
21451
22626
18414
21582
19434
20279
23846
16890
23985
21386
20858
19395
19764
19502
20352
20351
19408
19138
20106
21817
23599
22609
22992
20235
22008
20942
22508
22038
22122
19398
21013
18920
19902
23891
17297
25109
20574
21743
19582
22662
19354
20507
22270
18046
20876
22973
23473
19328
18411
21930
20906
18670
18490
19619
19704
22319
25223
18926
26278
21165
24241
23979
25748
20287
19275
22851
16988
19663
19970
19560
22800
19081
19178
19933
21446
23767
21753
23589
22128
22215
23100
18227
23103
18557
19963
19518
20403
23840
21581
22304
20637
21295
18399
21583
19865
18910
21186
21632
24458
22684
20293
20823
20200
21503
20988
22059
22445
24410
18628
21372
21211
18504
18804
21642
20438
22235
21319
19303
17081
19928
22927
22617
19453
18035
21320
23447
22227
19623
19921
18608
19182
18504
20642
19978
21008
21373
22104
20191
19378
21177
20109
20979
20950
23137
21260
20796
19500
19367
19498
20561
22334
19942
19875
20593
22023
20179
20621
19807
24013
23645
18899
18495
18643
22771
22193
24616
19686
20288
21653
19517
22889
24001
21307
19430
19084
22642
18761
25031
24334
19910
21353
18265
20112
20097
21608
21947
19096
20183
18373
25084
20007
21266
21755
23338
18296
20476
23854
23261
20994
25028
20234
23412
22390
18983
22911
22102
16996
20006
22168
19156
19676
19041
19583
22409
20432
19068
20338
22146
20018
19255
22923
21819
20883
24372
20911
20196
18004
23186
17890
20849
18009
20895
16798
20425
23034
27687
21149
17945
22979
19838
18699
22087
20409
21012
21457
19858
21231
18023
22363
16717
18434
21612
25159
20563
22725
23857
16669
23997
20908
18605
24848
20993
17380
20826
23663
18764
16898
21275
20224
20069
23055
20580
23264
21939
18023
19953
19653
20041
20071
21708
23919
20346
19691
18763
22273
19856
17854
18174
19923
18918
18352
24763
17465
21256
21761
21803
19457
18452
21367
19448
19712
20582
20426
20620
17037
20211
20667
19431
19781
20026
20345
20474
18326
20564
25031
20553
19802
20591
19405
21502
21234
18066
20894
21712
19403
22778
22175
20342
21344
18060
19370
22299
19330
19988
22431
18461
19669
22965
20278
18541
20420
19265
20416
15878
18858
22115
21223
18279
18076
18199
21976
19020
20830
24750
19407
18651
21167
20692
22825
20614
18901
19228
18753
18295
21786
18201
18680
20227
19643
22667
28331
20034
22592
21718
20946
19648
25296
20472
20663
19487
21080
24205
22520
21057
21668
18561
22171
23091
21536
18561
19843
20986
20780
22590
20239
21788
18815
19640
19702
19677
20188
20635
19131
20095
19917
20083
25523
20210
21279
20013
21618
22266
21209
23099
23629
19025
20629
21370
22889
18275
21272
18317
21465
24267
22032
22546
21933
19369
21764
21467
21446
24998
21238
18357
22841
21552
23011
20943
19289
21529
20232
22131
17734
17409
21491
23369
20896
21239
21248
18656
21005
18355
19828
17519
22297
21277
24396
21248
23727
23139
20804
20388
19199
21318
19710
23120
18590
20491
21452
20135
20911
21430
24010
22109
21582
20400
22770
22481
18144
22987
22385
19401
19818
24315
17997
23794
20388
18641
22327
21016
22520
21298
22529
20744
21866
18373
17897
19724
20389
19507
21015
21131
22967
21725
21449
21755
20796
21856
20681
21256
20866
20497
23566
18630
20515
20004
16142
21545
18557
21822
23008
24205
24930
22846
22392
20851
21716
19772
20573
19432
20096
18255
22040
20359
21473
20617
21284
16785
19827
21538
21204
22152
18862
19934
20348
23155
18822
23443
19968
21957
18924
20926
18222
23786
23516
19930
21793
20872
21158
19960
27396
23343
19031
21136
23217
21986
22417
23280
18662
25165
23653
23216
18285
22331
19473
17900
22828
21151
18588
22807
19083
22071
20915
21436
21824
17852
18109
19546
21855
23518
20161
21114
18357
18872
20742
23454
20921
18779
21363
22601
17770
21562
18025
21751
19648
19304
20898
21319
22641
20564
22800
20106
20281
21282
22282
20133
19367
21697
21686
22898
20252
25048
21616
21363
23304
21542
21120
18904
22036
21144
19255
25678
24626
19771
16246
21582
20231
23712
16908
18026
20824
23622
20853
20792
22133
22026
17207
24591
20880
20596
20783
20868
23726
16684
21875
20889
20899
18579
19062
22662
21149
20977
18255
20066
18256
21195
18968
20904
22208
19089
19076
19386
23547
18685
18641
20160
21702
20366
23428
19466
22762
19160
18882
20120
24960
22261
20035
18081
20718
19859
20102
20535
22933
19644
21109
22553
21797
21235
20595
21064
23393
22537
19183
18635
20895
19314
22657
20417
22564
23707
19886
17519
23945
20613
18952
17528
18541
20534
24674
22696
23008
23476
22841
21854
22028
19242
19603
19512
19346
19278
19134
21400
18910
24899
19408
20782
20028
21515
18637
22371
19627
20000
20908
17824
17743
24105
21538
21432
22286
22719
21882
22832
20234
23144
21149
19674
21593
22147
20686
20893
28706
19501
21311
20326
19658
17266
19011
19917
21818
21053
19767
22169
20282
24845
22317
21928
17335
20465
18658
21951
21717
20867
22464
20546
20478
20733
21162
21385
21004
25134
19076
21448
21786
21167
22444
19631
22439
19603
19557
19224
18585
20308
17963
20648
23983
17170
23269
22336
20898
19466
22263
20823
20952
16809
17875
19259
20172
23664
20851
19643
17838
20290
19684
21696
24600
22690
18893
21716
21238
21046
21846
19196
21222
19916
21347
20839
20812
19325
21821
23956
20284
18827
20737
20117
16159
20412
21977
20064
20027
17061
20424
22019
22850
23238
20166
20972
22087
20095
20797
19924
23894
21444
19495
20233
22423
17778
23910
20208
22342
21133
20317
16949
23246
18341
21067
23114
18854
22982
22190
20659
18757
22845
20355
19310
22208
23740
22446
20211
20165
17382
19800
21037
20294
25022
23652
20945
21440
16931
21563
20459
20660
19802
21634
21669
23378
22619
21056
22768
18122
22845
22258
21850
21404
21485
23279
19959
17569
19805
19861
22023
20210
24134
21143
20862
18518
22089
20520
19181
22116
21842
20871
22165
21020
21677
25124
22555
18507
20817
17866
20103
20929
18782
20866
22054
22304
19508
18178
21333
20039
18334
18847
19722
22573
18799
22693
21475
23007
22245
21667
19828
21236
22777
19283
20293
21935
16836
20918
22047
21918
21419
18306
20882
19473
18974
19608
19402
20604
21358
19647
21251
22157
24157
20434
18261
20522
16551
20039
20211
20627
20396
22197
20253
18950
21166
22548
20051
19711
21682
16588
22003
18234
22012
20672
20314
21238
20138
21177
23803
21424
20248
20320
24781
21339
19184
18601
22651
19571
18355
20115
23434
19693
19490
18752
18887
19095
23023
26415
23402
20057
18789
21628
20111
21523
20569
21940
20171
19997
17780
22590
21182
22826
18829
21160
21412
20132
20844
19315
20997
21771
19876
21185
22194
21561
20950
23124
20740
19031
17829
23471
21690
19481
20929
21448
17977
22286
20697
17181
24791
21266
23407
20703
22426
17904
17701
21136
26540
20101
19772
21529
21278
20656
19234
23894
21694
19700
20860
19779
21850
21224
18241
21221
24105
17982
22915
20847
19612
20178
19745
20540
19373
16218
18857
21528
21108
22620
19673
18452
22917
22101
21041
22326
19708
19157
19433
19667
20197
21047
21713
20232
23862
18688
18785
20642
21878
20022
22377
21123
19464
21889
19769
21184
22038
21082
21638
23123
18422
22249
20268
24287
18840
20342
20544
21748
18514
17981
17507
21968
21530
17888
21275
22977
22454
23594
19078
22910
23974
19902
22055
20758
20794
24754
20465
18717
22174
21331
20897
20670
21367
19563
21890
20352
19291
20698
21755
19671
19339
18779
19535
19040
19425
18124
23213
21239
20578
18042
23053
20693
21390
21211
20545
20509
22110
19989
20718
23254
21465
19417
22578
22514
17901
20206
23514
21601
19475
23786
19354
24065
21103
21009
18109
19874
20225
18002
21883
19756
18466
19352
19772
20473
17550
21326
22660
21085
24282
20203
20775
20343
20821
20349
23724
18863
21507
21910
19299
17146
23550
19407
23517
21304
22123
23696
21979
19977
17229
20024
20766
21534
19454
18900
19735
23983
21109
19470
19320
18780
22942
24965
20393
22530
19673
22115
19592
21513
19206
17191
21381
19946
22973
20552
20397
19819
19376
20280
22011
19141
21070
19891
20208
24124
22700
20943
21741
20055
20773
19982
17709
23391
20052
20345
19774
17866
21529
20728
17283
20819
18925
20865
22245
24577
23927
21384
20288
19504
19586
22741
19663
20724
20600
22772
20330
19760
18752
21140
21611
20486
19716
19996
22771
19503
18383
20615
21372
20594
18683
20123
20435
19004
20127
25379
18972
21042
19105
18664
22792
20298
18182
21490
21135
22384
19781
20566
19016
22119
19712
22114
20865
18164
17213
22434
19447
21277
20407
21082
19957
23400
25628
19941
23715
20743
21586
18479
19178
20063
18202
21133
17483
20619
20753
20306
22418
19378
22950
22332
21594
20787
22745
22264
20101
19525
19576
19674
22003
25514
17730
18809
20221
20737
20668
18305
23690
23825
20774
19475
22075
21767
21532
17596
20143
19736
18359
20859
22365
22327
18926
21690
22604
21811
22240
23874
18877
16855
17293
20057
23775
20300
19774
23780
20230
18407
21028
20675
20824
22979
20735
22311
19560
21488
23406
20829
20165
20633
23669
22074
23038
17698
19553
22715
16814
19366
23832
20365
25033
20887
20094
19164
19647
20789
22776
21267
20249
18444
19421
19682
18024
22792
25775
19774
21949
21143
22721
22809
22116
21341
19787
18323
19000
20807
21390
20427
25509
18762
19616
18804
18313
18195
20198
17587
18980
21634
21852
19098
18988
23171
18679
21450
21040
19395
24512
21749
25012
22235
20457
22923
19862
22292
23883
22524
18628
20064
20515
24175
19599
20497
21072
18552
19948
17458
21101
19764
22705
19045
22214
23558
17157
21121
24804
17430
18802
20244
19181
20308
21766
17524
22005
20874
19683
21770
25767
24827
20935
21507
19618
20539
20496
18360
20614
18805
20506
21276
20648
22662
21270
22698
19878
19547
18731
22572
20214
21758
19867
20298
19047
17927
21574
20847
20046
18333
20903
20339
19503
18566
22585
23171
20960
20447
18173
19079
19957
18587
17675
19078
20443
19841
19815
21489
20528
18221
21464
21592
23500
18780
21120
19114
18899
20256
19617
19988
22850
17883
21484
20319
19408
19931
17681
18562
19278
19423
19928
19891
18108
22826
19979
18449
22555
22960
19804
22034
20634
19244
23474
20300
19246
19360
22371
20674
23971
18527
21334
23390
23373
22789
19710
21090
19060
18477
24312
21947
20112
23034
19063
21580
21771
16621
20788
18802
20725
21227
19611
21976
20809
19873
20608
21356
24354
17512
18921
21566
19828
20084
19979
20818
20000
21699
20848
18386
20096
21085
21134
22367
18428
20745
18463
20642
23010
18336
18768
18249
19856
21485
21527
17866
19258
21381
19122
19079
18893
18888
19855
22697
23469
19252
22187
22219
19769
18642
19098
19005
19737
19283
19441
21482
22026
21287
19375
21523
19543
18731
20501
19759
21055
18332
21035
17719
20091
19053
19493
19925
21932
20881
19601
19764
22361
19151
21663
20571
21510
18562
21086
20013
17762
19925
20599
17931
20628
22008
20897
23938
25091
22206
23582
19011
20889
17511
23329
18183
19352
19512
20225
19408
19143
20609
19229
22677
17212
19137
23496
20125
21919
19115
20607
21999
17158
19445
20354
20990
21327
17600
20792
20940
18042
20911
21185
22674
21297
19206
25282
19457
20689
22278
20876
21890
22286
21906
23897
22000
24518
21701
18873
22828
23491
22762
20700
19375
22425
19452
18176
21725
22659
22693
22717
19525
22754
19731
24944
17102
18759
20841
21727
17283
20687
19793
19269
20536
20769
18894
23292
19254
19353
19737
19865
20446
20122
21665
18678
19950
18843
21580
21406
18958
22151
17566
21172
20221
19097
23350
20666
23238
18523
24231
22961
20469
23452
19611
21133
20252
20595
21467
18423
22559
18687
20459
17996
20897
24325
22523
21761
20005
20837
18278
21302
22401
17577
22945
17626
19316
17907
19900
20123
19867
24123
21272
21755
19198
22194
20133
20623
27836
20366
20447
23316
23084
19506
20331
18403
20938
20082
19153
20293
20802
22614
20080
23382
21464
25464
20271
19789
21100
17277
20363
22449
18525
20515
17361
18757
19280
19812
19291
21338
18716
19427
20299
22434
19708
20000
19048
23194
22635
22023
24379
20129
19831
18843
17252
20307
21720
19011
17096
19853
19145
21332
17946
23393
23545
19686
17010
18811
20410
19341
20507
19710
19230
18487
21018
24590
22144
17618
19439
20402
21117
18068
18079
23199
19169
21528
19578
19255
20097
16753
21356
20044
19594
18632
21838
19556
19084
22493
21992
18256
19612
18573
17292
21962
18727
21136
19682
20965
19600
18901
19478
22979
18824
17961
16987
19508
22336
22701
22064
18624
23861
19077
19790
19213
21742
20956
23237
19128
20767
24077
18821
20706
17219
25818
21206
18520
21310
21462
20440
22251
20907
20551
18363
19397
20288
20395
24379
20063
21239
20492
20802
19436
21636
20906
21575
19035
22196
23112
22795
21266
19237
22289
17261
17627
20056
19257
20937
20220
21095
20030
22283
20586
18474
19097
21677
20328
18725
22269
21325
19400
19746
21834
20861
21138
18251
19329
19208
19061
18584
19579
18435
21189
18375
21924
20911
24453
23193
18031
22327
18933
20151
22340
22062
21874
18693
17346
20993
20394
21215
20925
18166
23336
20918
19778
18144
19448
18527
21214
18346
21122
16859
18818
20036
17236
20776
19056
20092
20604
19255
19847
18939
19652
19243
19459
19567
19297
21199
21863
20409
19359
20646
21956
19266
18883
21044
19614
23706
19451
19701
18898
20123
18375
20038
18400
21748
19014
19876
19480
19482
16568
18748
20821
20067
21629
19085
20575
17933
20098
16942
22098
17353
20156
20664
19813
21158
20730
20923
23826
19836
17916
19449
18895
19391
18569
23164
20204
20675
21842
20995
19599
20521
22183
17701
20403
19209
23418
19436
20864
22520
19362
20993
19460
19069
23608
20286
20316
18048
20864
19100
23377
18221
19085
19336
19906
18569
21030
20970
20060
21582
22553
20419
21945
20729
21232
22392
19884
21743
20022
18999
21031
17894
24034
24443
21608
22254
21414
22311
23485
17858
20881
17628
18785
21324
20622
21843
24876
21743
17679
18121
19634
18990
19944
21113
20734
21407
19196
20328
23059
20916
18079
18658
19437
19237
21328
21848
20994
19834
16991
20833
20671
22275
19484
22379
19188
19547
20170
20747
20264
19777
22262
18732
20126
21224
20529
17407
19343
19532
18797
18897
24260
19767
23181
18375
19915
19383
21294
23059
21199
20372
21399
19735
20620
17478
21811
20512
21418
21246
22912
19788
18570
21772
18230
20572
21222
19183
23954
19245
22627
19958
22262
19940
22610
20223
19994
22085
20452
20132
17616
19400
20692
18929
21292
21894
19219
19864
19288
19681
24204
17844
23037
20084
24332
22725
20164
22496
20275
21706
20707
18870
21966
20238
20246
22316
21267
19787
23020
22720
22055
20757
19357
19192
20404
23994
20365
19138
21612
19587
20135
19185
21647
19098
18813
20761
17739
21451
19155
19569
22357
20744
20334
21939
19742
20925
19491
21463
22475
16759
18943
23896
21857
20483
18836
22806
18739
22696
19195
22180
20124
19058
19256
21376
20970
19009
22989
20577
20462
20864
21368
19661
21495
19769
18738
21642
21330
17757
18983
21828
22675
19825
20460
21543
21493
19173
21632
21909
22589
21927
20552
18990
20904
23127
21816
19550
19566
20259
21256
21001
20410
18208
19851
20046
18704
19403
23705
21156
23773
22845
21605
20714
18998
20303
20400
19721
19667
21610
17489
20521
19663
17216
18863
20860
22627
20006
19572
19686
25644
19966
18351
21284
18038
20731
19247
18324
23991
19588
20199
22558
21736
21403
19296
19085
19140
22194
20308
20389
22756
20960
21089
22202
18269
22357
20288
19551
17825
20722
19126
17949
23079
18947
19314
20434
18634
18283
17824
19652
21136
20204
20126
19931
20772
21047
23174
21279
21238
20071
19394
20634
19262
19995
18964
19451
20157
20598
23647
19880
20193
22456
20913
18645
23638
18382
18928
17778
21134
20219
18862
19315
23701
21188
22294
20036
20269
22717
22310
21806
25606
19288
18417
19366
20719
21022
19974
21914
19574
19539
17870
20861
21835
19599
21437
23474
19584
19577
19354
19300
19249
20259
20680
19187
21818
18578
20791
23350
21172
20622
21559
20343
23104
20415
19383
23512
19430
17930
17350
20292
22208
20502
23530
18364
18913
20491
19894
21501
22388
17868
18237
22666
16995
22505
18549
20183
20866
19669
20837
17789
20857
19304
21430
20231
21006
19751
24218
20219
18639
19950
23517
20031
20281
22321
20662
20652
19836
18994
24331
22566
20577
20625
22253
20671
20381
22628
19794
18529
21742
19862
20671
19721
19856
20879
20736
20800
19581
19459
20374
19064
20250
19334
21565
18986
21810
21587
17676
21215
21433
24576
18261
21703
21383
24366
19832
21620
20411
18095
21640
20436
20282
16303
19732
17860
21787
18154
22294
21798
19058
21867
20945
22486
21156
19739
19186
18517
18860
23660
18486
19782
19787
20088
17322
17651
20492
20861
19571
18460
20411
20290
20908
19274
24611
21247
20632
19490
20601
22766
18886
19721
18811
19602
18758
18044
19287
20762
20278
20431
19748
21882
20874
19559
20890
21621
18734
19074
22294
18138
22046
21856
19749
20664
18736
21191
20939
21716
19486
21677
18428
21466
18426
18574
21718
18808
18629
23055
18981
18970
18698
20289
21732
19067
17404
21688
18115
22001
22472
24865
20887
19903
19422
19691
19944
18930
19485
19567
20357
17380
21681
21603
20477
20470
19567
20118
17837
21947
20490
23290
22746
22302
18063
21423
19740
21646
18984
22077
19531
19595
24642
20701
20347
22349
19728
19523
19044
19475
23547
17875
20783
18059
21529
18918
19211
20926
20949
18999
18270
23299
19599
21531
18571
19885
19746
21537
18101
19235
18447
20944
21455
18894
20018
19785
23503
23137
20197
22122
19775
17805
22243
21221
20084
20515
21770
18154
21406
22471
22823
19943
20276
21938
19498
18215
18856
22228
19042
18584
25887
19749
18266
23717
22159
19656
20457
22333
20897
18014
20598
20370
21428
21358
19587
21899
20519
20936
20730
24271
18773
22419
19373
24162
18973
18323
17039
18983
18744
17811
19178
18501
21388
24699
20608
20367
18768
18001
21051
20017
19657
18782
21331
21387
18514
18693
19683
22174
23818
21434
18574
18927
23032
19045
19405
19075
20111
22330
20781
18839
19728
18101
19995
20011
23822
18858
18557
20283
18187
19487
19425
19453
19273
21601
20876
19835
17647
18114
24102
21336
20602
17431
20001
19724
18346
20212
23209
18681
19846
18537
20323
20333
18816
22176
21079
24609
18888
17288
24269
21054
20218
20027
20146
18067
20631
21131
20762
19244
17020
20685
21243
21459
20209
21422
20401
20707
20718
20959
19302
19719
19921
19525
20936
20766
21772
21038
20174
20491
18594
24601
18961
18536
20745
18299
21792
19445
19758
19487
22602
18633
21875
21983
21814
20828
21309
17791
19683
19155
20531
21071
19838
20805
18143
17535
18487
20557
21234
19967
20085
19307
22840
18115
19424
18026
23807
19663
23248
18889
22523
20068
19105
18387
21787
18509
21235
20176
19255
18936
22097
21090
20008
20286
21107
19289
19658
21150
21707
21831
19592
21967
19241
21231
21028
23816
19460
21972
19215
21001
22277
19917
19333
19773
21252
22120
22677
20641
21394
20311
23153
21667
19935
17403
22014
18792
21899
19917
23424
19447
22398
17616
22123
21903
19242
19633
20116
20128
19980
19637
21940
18252
18480
19455
20183
18580
18210
18522
17469
23011
19941
19559
21880
19444
22638
21976
19413
20234
17795
22218
20008
18495
19382
19233
22809
19747
23384
16662
21029
23777
18258
17968
18980
19884
18155
20387
23200
22101
18825
24661
19994
19629
19193
19085
21192
20050
18914
18195
19773
18821
18586
18170
20435
20520
23626
23287
21465
19291
20388
19738
19246
20412
19081
19573
19648
18836
19495
18959
20109
22072
20031
22054
20529
20697
23139
19027
20724
20209
22404
20410
20577
21872
19168
17950
21196
24683
21191
20213
20442
18377
22563
22498
20299
19561
19144
21246
20133
19062
19658
20033
23926
19795
21049
20317
20063
19981
20641
24756
21195
21816
19267
17870
18977
21916
18760
19352
22041
22464
20652
20151
20559
18958
21309
18859
19089
19966
19733
18019
21510
21498
19735
20936
19309
20007
20843
22104
19680
21436
20576
17454
17802
21062
20716
17158
19037
20853
19680
18364
18798
18470
20845
17338
18528
17640
20698
19982
20290
19542
21411
19528
20833
19753
20273
22307
19936
19710
19827
19415
21693
23098
19875
21838
19717
18923
18859
19565
23510
18703
18869
20558
20824
18950
20195
21576
19321
20368
18314
18922
17629
19893
19388
18655
17966
20545
20173
22315
19825
18489
18000
21406
17606
19939
20381
17793
19957
19843
19529
18223
22009
22313
20229
20080
20716
17844
19001
22749
17934
22781
20233
18006
24243
19669
18965
24688
20483
19125
20630
17512
20928
21328
18241
21787
17547
18790
20427
18227
23058
19394
20485
19299
20777
23997
20470
16941
21811
24292
21088
21501
18995
20143
22907
21248
19599
19468
22892
21803
18834
21877
20231
20017
19918
19463
20436
21509
17008
20005
18427
19084
19133
19676
19690
20396
19646
19253
20934
19373
20969
18672
18799
20124
22308
18889
19482
21065
21219
18613
19126
19347
20709
21422
18496
21278
20456
20285
16066
19532
19530
19912
19174
19611
20669
21171
21717
20674
22215
20141
18645
19344
17610
20671
21934
20193
19820
19955
20977
24317
20588
19870
18552
18987
20475
20220
20978
21902
21981
19755
19727
19939
20639
23127
19815
18394
20136
21983
18231
20912
18336
22118
18662
20257
18643
19247
19779
19833
21133
19175
19757
22432
19628
18476
21962
19980
22779
18687
19064
22305
20212
21341
21995
21901
20539
22088
20073
19782
21063
21115
21715
18801
18503
20364
20778
24522
17775
19019
20522
21440
19207
20241
20532
18979
19460
19043
20029
19981
18422
20670
21955
24038
20552
21228
21588
19021
19664
21952
19377
19290
18099
20029
21247
19987
20303
24303
17554
19588
20239
19725
18661
19294
20375
20233
22651
19543
19788
19002
21819
20431
19040
18899
22161
19930
21348
20666
18984
19811
18842
19623
18324
20862
19660
19235
22208
22534
19627
18853
20895
21208
21864
21358
19221
20640
21473
19375
21001
19829
20318
19904
20787
19178
19275
21181
20210
19500
21537
21006
22478
20917
20411
19050
22137
19518
18166
20279
19132
18751
21032
19553
21946
20201
17994
19059
22206
20199
19758
21542
22550
19944
20591
22496
20054
18673
20012
20064
21185
20271
21795
21228
20098
21185
19492
18549
19449
18974
19034
18736
19821
22263
18521
21902
19086
18997
19081
23577
18541
21280
23278
21023
22359
20555
17536
20761
20599
20207
20288
20578
19294
23308
19903
19434
19776
19326
19275
18806
19947
16978
22056
20746
20492
21888
22611
21361
22980
21452
17862
22460
20893
23034
19974
19168
21226
19050
20566
21272
21225
21199
20938
18750
22753
18835
20138
21388
19849
20024
20487
21200
21069
21652
18608
19758
19272
19519
21059
22870
19430
21054
19188
19364
19460
20864
18378
18998
18950
22137
18527
19840
22104
22325
21259
20020
20602
18496
19020
20016
20235
22326
18844
18870
20868
22422
23268
20542
19355
19642
23112
19706
21306
19033
21804
19106
22453
19778
21157
23033
23588
21010
20437
24282
20817
22812
20541
21386
19823
18983
22175
20793
18997
22325
19355
19301
20480
18807
19128
22442
20302
21001
21702
19119
21283
20070
19832
19320
21571
20364
17631
19810
21793
23901
20140
19021
22474
21787
21782
20803
18632
19624
20868
18510
20861
21571
21261
19883
22172
18544
25138
17497
19943
20207
20825
20076
20719
21390
22111
19182
20966
21618
17033
19141
20167
22589
20990
21422
20773
20450
20220
19501
18368
22640
20062
20222
19956
20072
18714
20336
20345
20110
19657
19672
21083
19154
20398
19720
20185
23554
20061
20632
20134
21485
22698
20683
20516
20772
19862
24027
21269
21521
18542
19702
21193
20552
20651
18699
18533
19207
18729
18844
19848
22581
19513
20115
20044
21066
21129
21875
20686
19220
24275
20693
17975
22651
22552
17590
17975
20015
19202
20290
20306
20155
19977
22021
18642
20044
23322
21812
18330
21989
20107
17850
21544
25033
19794
20955
21368
21028
21979
19400
17387
22263
19702
19557
18949
22847
19975
20236
22834
20842
20241
23459
21575
18968
20062
21223
20245
22434
18859
18739
24140
20178
20222
21253
20773
19621
22229
21432
21832
19284
22177
21474
18837
20879
19262
22834
19924
21871
19933
22378
21793
19336
22065
18798
19967
20098
19232
20808
23583
20101
23065
20096
19202
21678
20207
21647
20743
22513
20729
20068
19322
19502
21059
22500
19509
18970
21139
21308
20468
21622
19722
20312
21585
20390
20311
20176
21050
22619
21207
19070
18647
21511
21317
18918
17084
20807
20113
21229
19498
22661
20685
23423
20533
17371
21400
21254
21095
22256
22446
19500
20274
19238
21860
21084
21346
18614
21206
21148
18787
18544
19341
23360
19383
20037
21984
20543
21194
21334
20670
18839
21494
22028
22191
19543
20407
21100
20503
19373
20567
18078
23215
21796
20224
18461
23836
18649
20587
23734
19075
20398
19716
18319
24383
22954
21207
22113
21793
21673
19880
20889
19458
18454
21897
18554
21344
19815
22419
20292
18267
21519
21846
18827
21192
20328
20310
21785
20608
19547
22195
20333
22484
21140
22016
22368
22582
21045
21862
19335
17378
22905
19166
22655
21104
20677
20366
21156
22545
21404
21400
20984
23367
21801
21052
20013
22314
23341
19767
22851
22518
18961
18431
19260
20564
19505
20375
24277
21618
21575
22457
19355
20483
18600
19966
21262
22499
22388
19982
20222
20359
20394
21109
19733
23268
23370
19687
24230
20363
22708
19750
21667
21229
23017
20562
18848
20592
19798
19085
20091
20281
20348
19557
21852
20265
22169
21038
19908
22016
21357
19819
21997
22291
22869
21054
20028
20624
19891
20976
19317
23024
19863
20992
21005
21336
21844
22034
20000
20813
23053
20482
21330
19309
21128
20849
20859
22610
23787
19938
22220
19646
22671
19312
21304
19471
19077
21992
21515
18773
20478
22981
20575
21091
20239
21909
20893
20551
21642
19636
20311
22552
21181
22164
20873
20792
21899
18843
20573
19890
19550
20216
19853
22901
22408
23248
19895
20381
22684
21131
19897
22491
20245
21500
20989
19827
20082
18537
20293
22648
20581
21670
20612
21991
20245
19779
20616
21443
20072
22174
19509
19806
22808
20927
22260
23049
23654
19441
21237
20749
23138
20040
20680
19819
20627
22637
19805
24090
21147
18315
24349
23557
20682
22151
22818
19927
22740
22837
22658
19148
20981
19485
21636
21265
22005
20333
18969
21646
19187
21046
20559
20887
22748
21274
20362
20746
19758
20916
20235
21861
21540
22942
21938
20393
22320
20458
19801
20900
21480
19935
21554
21325
21223
19310
21094
21496
20471
20396
20126
20785
21831
19635
23876
21726
23882
19589
21599
20732
17791
19661
20868
20896
18774
20745
20581
