4017.8710327148438
3287.2137451171875
2695.4705810546875
3007.227981567383
2526.7742614746094
2448.3421478271484
2544.1253356933594
2717.81494140625
2291.503463745117
2263.85498046875
2259.2726669311523
2378.285842895508
2333.428665161133
2779.0916442871094
2420.638961791992
2674.213653564453
2176.730712890625
2228.8322143554688
2499.1972045898438
2180.499168395996
2077.7443237304688
2539.2022094726562
2493.049270629883
2526.4835357666016
2213.0067596435547
2417.2061462402344
2568.819320678711
2289.7940216064453
2644.0331954956055
2514.4932403564453
3324.7198181152344
2733.875747680664
2649.0870513916016
2669.1856842041016
2454.86474609375
2503.0874786376953
2707.903549194336
2320.500778198242
2310.8304748535156
2405.1504516601562
2535.851119995117
2709.4440155029297
2631.670120239258
2155.040054321289
2857.4527893066406
2527.9765014648438
2109.2075805664062
2007.6516418457031
2303.287612915039
2277.12255859375
2092.225875854492
2186.326919555664
2285.374008178711
2196.9281311035156
2766.4934844970703
2486.8470611572266
2473.0025024414062
2053.115005493164
2508.506561279297
2247.1533813476562
2701.4019165039062
2653.965347290039
2525.8716583251953
2500.809616088867
2244.123275756836
2409.1019287109375
2333.8670806884766
2195.9881134033203
2434.1719512939453
2315.681251525879
2571.6827545166016
2803.772705078125
2396.5499877929688
2355.603240966797
2539.291763305664
2270.586181640625
2619.0261840820312
2696.057418823242
2615.450653076172
2404.0498657226562
2608.711212158203
2540.5955505371094
2014.0705108642578
2678.904830932617
2566.9100341796875
2689.1809844970703
2509.044891357422
2581.4847564697266
2496.282699584961
2943.9736328125
3199.733367919922
2630.4595336914062
2499.047348022461
2597.400833129883
2475.218536376953
2496.5276947021484
2733.337615966797
2259.6206817626953
2493.619338989258
2524.516571044922
2374.0149688720703
2495.159652709961
2084.6444702148438
2049.5083770751953
2634.522415161133
2428.1646423339844
2253.803268432617
2318.846954345703
2454.4701538085938
2536.013198852539
2595.444534301758
2615.2369384765625
2292.4921112060547
2421.2535552978516
2149.322525024414
2213.910690307617
2301.0599822998047
2261.130630493164
2251.701934814453
2616.255859375
3104.0662841796875
2496.1339263916016
2366.696044921875
2507.900344848633
2117.7052001953125
2267.441909790039
2522.9790802001953
1929.3365478515625
2591.274154663086
2014.1923522949219
2285.829330444336
2593.9312591552734
2336.7811584472656
2367.861770629883
2421.5445556640625
2220.884780883789
2102.5472564697266
2009.0712585449219
1953.8251342773438
2101.2403564453125
2038.8383178710938
2433.0943756103516
2286.8470916748047
2089.8461303710938
2130.290008544922
2150.1522064208984
2242.067855834961
2511.7401428222656
2375.809112548828
2495.3973846435547
3163.879684448242
2552.3047637939453
2650.4427795410156
2511.390426635742
2060.592330932617
2567.5006408691406
2471.545654296875
2546.3206481933594
2181.549758911133
2088.0533905029297
2300.3714294433594
2591.667984008789
2767.1293182373047
2584.0000762939453
2314.568405151367
2009.1821746826172
2387.5406494140625
2117.7799530029297
2620.5634765625
2111.7032318115234
2211.1219940185547
2284.6211547851562
2487.1516876220703
2160.286895751953
2597.443893432617
2488.7896118164062
1983.4259185791016
2295.2242279052734
2379.2290649414062
2395.938491821289
3049.384521484375
2755.731414794922
2930.336715698242
2546.843048095703
2646.5149993896484
2981.3773803710938
2704.6292266845703
2302.841339111328
2583.7943572998047
2773.4269104003906
2276.211685180664
2407.7616119384766
2252.7516174316406
2126.994415283203
2511.6744842529297
2007.331184387207
2031.2943420410156
2020.7340698242188
2272.491912841797
1999.3219451904297
2242.1649627685547
2195.944854736328
1903.6292114257812
2232.050262451172
2329.7151794433594
2259.8121948242188
2178.331069946289
2060.695899963379
2172.628707885742
2671.334991455078
2319.1586303710938
2479.7513275146484
2315.120864868164
2346.2577514648438
2419.5701599121094
2518.277572631836
2086.2503509521484
2395.768508911133
2027.9792938232422
2200.2080993652344
2484.1092224121094
2369.2671966552734
2282.046760559082
2326.6175689697266
2077.0161743164062
2059.5841522216797
2262.622055053711
2200.337387084961
2242.519172668457
2661.6378326416016
2089.479705810547
2005.087173461914
2182.2354049682617
2253.353805541992
2461.1732177734375
2535.4954376220703
2231.6288452148438
1998.0059509277344
2114.6736450195312
2155.9180450439453
2707.4285888671875
2285.299362182617
1929.8123474121094
2174.0022583007812
2213.3566131591797
2228.5875244140625
2271.9527282714844
2348.267578125
2151.503173828125
2251.052047729492
2030.4772109985352
2031.0444641113281
1914.0662384033203
2090.5111083984375
2472.5230255126953
2232.6011352539062
2260.9186248779297
2786.0115509033203
2228.586135864258
2382.2860260009766
1914.6667938232422
2087.4492797851562
1789.384506225586
2251.9185791015625
2361.5340270996094
2447.318069458008
1787.2876892089844
2351.6969451904297
2060.013412475586
1842.5028457641602
2781.4229278564453
2844.3890075683594
2424.0373001098633
2196.3265686035156
2091.264450073242
2377.1137084960938
2078.752899169922
1983.4580841064453
2062.3877868652344
2308.1366577148438
2453.433853149414
2312.7010192871094
2360.3675079345703
2218.4794158935547
1890.2736206054688
2623.750503540039
2422.47119140625
1956.0957336425781
1842.3240203857422
2157.3804779052734
2080.475387573242
1964.1903686523438
2270.186065673828
2158.195846557617
1818.3180084228516
2108.3465576171875
1822.104232788086
2136.010726928711
1980.5935592651367
1958.2901458740234
3420.255874633789
2745.4533081054688
2012.515968322754
2207.279815673828
1904.8416748046875
2255.3753051757812
2304.9686279296875
2509.3041076660156
2230.2271728515625
2290.4364013671875
2319.8933868408203
1904.6977081298828
2061.772903442383
2024.8194427490234
1981.907485961914
2089.800277709961
2083.80322265625
1910.5613861083984
1862.1097564697266
2122.4227752685547
2247.8424530029297
2295.733108520508
1942.8142852783203
2327.0074005126953
2027.2325286865234
2200.0955200195312
2466.537841796875
2482.471694946289
2129.728500366211
2070.6644897460938
2615.8590545654297
2976.635498046875
2550.7959594726562
2501.365264892578
2427.6991119384766
2313.294937133789
1885.6720123291016
1672.434944152832
2178.354217529297
2562.8524780273438
2198.0682373046875
2180.3176879882812
1953.505744934082
2452.8922424316406
2359.8727111816406
2028.5509185791016
2096.3956604003906
2185.765350341797
2043.0397644042969
2158.6983184814453
2927.4273223876953
2999.1101837158203
2320.286605834961
2203.9843139648438
2019.8058776855469
2229.7543182373047
2089.7337493896484
2332.486701965332
2204.450729370117
2444.004135131836
2376.072509765625
2416.4117584228516
2286.279327392578
2172.639358520508
2233.2288208007812
2026.5375671386719
2099.4359130859375
2452.0094146728516
2143.111343383789
2674.6170654296875
2465.7093048095703
2510.3238830566406
2727.0140991210938
2411.8494415283203
2443.2464599609375
2357.9051513671875
2125.263214111328
1923.5430755615234
2485.927978515625
2093.55810546875
2389.4754638671875
2385.766815185547
2333.597381591797
2351.35791015625
2378.876495361328
2086.8553009033203
2080.6785430908203
2350.261459350586
2633.5052795410156
2331.387924194336
3077.967514038086
2575.097946166992
2603.850799560547
2420.5462188720703
2484.363800048828
2347.919876098633
2403.629104614258
2477.3821563720703
2564.758270263672
2696.0279998779297
2490.684310913086
2764.1746673583984
2674.253158569336
2666.0975799560547
3023.5191650390625
2555.9227905273438
3210.356948852539
3317.531524658203
2924.4181213378906
3595.28955078125
3333.955841064453
3102.386962890625
2852.8399963378906
2834.310317993164
3378.2610778808594
3175.845977783203
3077.162155151367
2744.304718017578
3048.659652709961
3623.6551818847656
3448.3338928222656
3041.383544921875
3243.0040130615234
3671.0032958984375
2977.5320739746094
3555.5787658691406
3216.4200592041016
3774.755157470703
3705.2510375976562
3436.4136962890625
3548.000457763672
3443.5431213378906
2682.2023162841797
3439.8492279052734
3572.317413330078
2953.0166778564453
3712.0801391601562
3222.759475708008
3328.2936096191406
3528.7835845947266
3868.2213134765625
3551.6673431396484
3570.155807495117
5197.660797119141
3538.5562133789062
3500.358871459961
3972.8400268554688
4093.3427734375
3372.7357482910156
3480.900177001953
3618.9581604003906
3701.4631958007812
3820.4756469726562
3888.9600372314453
3532.1128540039062
3284.0325622558594
3415.2398529052734
3526.700912475586
3305.2325897216797
3269.3807830810547
3979.7941284179688
3565.6599731445312
3591.23583984375
3639.807113647461
3260.59375
3940.282760620117
2675.5684967041016
3228.7334594726562
3485.0274963378906
3281.135986328125
3566.3883056640625
3660.3595581054688
3624.0811462402344
3720.5255126953125
3252.4180450439453
2817.748291015625
3096.8944091796875
3119.5184173583984
3142.2216796875
3378.590347290039
3701.8080291748047
3969.020004272461
4319.689666748047
3117.223159790039
3386.5911712646484
3864.8109741210938
3566.921920776367
4316.249114990234
3724.899398803711
3358.555419921875
3147.7754974365234
3422.0746154785156
3533.290771484375
4089.5973205566406
3555.1375122070312
4409.728179931641
4087.153839111328
2961.301025390625
2795.110122680664
3590.6165771484375
3373.8050079345703
2897.778305053711
2878.4273223876953
2894.2986602783203
2809.077651977539
3174.5003967285156
3346.2256469726562
3890.4981079101562
2908.090103149414
2737.3640747070312
2905.6244354248047
3076.825485229492
2531.2225494384766
3061.4691772460938
3037.334915161133
2731.5632934570312
2926.798629760742
2453.4069213867188
2915.83349609375
2571.0453186035156
2812.695327758789
2406.7057037353516
2448.160873413086
2596.5498962402344
2520.616958618164
2685.7677001953125
2956.0228881835938
2268.825393676758
2204.6822052001953
2232.5655364990234
2249.086380004883
2091.5325469970703
2506.126419067383
2038.1366119384766
2217.1109619140625
3181.8524475097656
2193.2777557373047
2276.342514038086
2161.013137817383
2053.3287658691406
2217.3902435302734
2233.894485473633
2028.634536743164
2146.8704681396484
2166.3427124023438
2699.198028564453
2459.9398651123047
2208.096649169922
2271.5269622802734
2460.3016815185547
2340.859848022461
2332.1783447265625
2102.6216735839844
2144.6007232666016
2419.16455078125
2289.8860626220703
2245.4893493652344
2659.6233139038086
2345.465286254883
2300.415023803711
2303.626838684082
2498.558578491211
2320.623001098633
3095.1166381835938
2507.2833862304688
2103.7664642333984
2387.213150024414
2620.102340698242
2006.9573135375977
2182.132080078125
2317.905029296875
2579.1289978027344
2368.6182556152344
2547.581756591797
2384.183303833008
2780.1092529296875
1949.3710021972656
2324.6056518554688
2276.2398834228516
2306.276870727539
2463.3482513427734
2658.6648559570312
2447.4991607666016
2312.074676513672
2657.3223419189453
2312.608932495117
2323.7122955322266
2504.0328674316406
2102.2529678344727
2452.8466186523438
2304.1436920166016
2440.1615447998047
2361.4002380371094
2447.6881256103516
2399.394989013672
2310.441360473633
2732.460205078125
3216.134475708008
2845.823928833008
2967.581985473633
2696.105026245117
2390.3973083496094
2780.1884002685547
2136.4273223876953
2231.046241760254
2760.510055541992
2505.010452270508
2473.29638671875
2403.6744537353516
2555.6031494140625
2504.8350677490234
2389.1822814941406
2759.233627319336
2690.7184448242188
2925.0545501708984
2704.707229614258
2653.666244506836
2751.6006469726562
2878.1082763671875
2792.897216796875
2607.4818572998047
3176.6245727539062
2828.9009399414062
2846.132537841797
2872.938705444336
3085.7154846191406
3015.134506225586
3398.1878356933594
2990.2510528564453
3276.4268951416016
3095.4678497314453
3077.314483642578
3548.1843872070312
4154.013000488281
3712.60205078125
3322.6813049316406
3627.7571411132812
2914.35782623291
3612.6605529785156
2959.2743072509766
4343.485198974609
4045.9757385253906
3339.325942993164
4477.972442626953
3733.340774536133
3305.7027893066406
3820.5971069335938
2873.558639526367
3448.1267700195312
3103.508346557617
3470.831314086914
2971.2604064941406
3507.94482421875
2576.477035522461
3859.8348693847656
3254.7965087890625
3694.3243713378906
3506.689712524414
2967.0919799804688
3435.912353515625
3463.3362426757812
3008.2876586914062
3176.1851501464844
2958.0301666259766
3867.3380279541016
3732.7342376708984
3509.6625366210938
3969.7236328125
2835.809051513672
2719.3157806396484
2783.1163635253906
2951.851531982422
3619.095428466797
3185.0055923461914
2934.6163330078125
3046.6675720214844
3079.9007415771484
2777.9127349853516
3654.7642822265625
2949.8121337890625
3594.069061279297
3752.8160400390625
2691.747268676758
3283.186279296875
3259.7798461914062
2801.970443725586
2963.2460021972656
2684.666000366211
2856.2427368164062
3677.5968475341797
3457.9396209716797
3681.3311614990234
3860.619155883789
3147.7510375976562
3570.3304443359375
3268.8656616210938
2670.6139068603516
4100.368560791016
4008.895004272461
3673.003631591797
3102.9557495117188
2820.5324096679688
4465.344665527344
4336.984039306641
3099.4581604003906
3366.4714965820312
2852.298080444336
3646.6892700195312
3901.1923065185547
3637.5535278320312
3299.033920288086
3821.787399291992
3148.4215240478516
3343.398712158203
3352.2545166015625
3340.093475341797
3608.1908416748047
2785.525833129883
3599.5960083007812
3719.1637268066406
4050.8446044921875
3781.361343383789
4109.636260986328
3795.4356994628906
2683.7076416015625
3579.0162658691406
3414.794891357422
3615.504592895508
3973.0440673828125
3270.5787200927734
3729.86572265625
4615.874908447266
4342.391510009766
4316.331481933594
2911.0640258789062
3298.8213653564453
3927.155731201172
4248.066497802734
3397.895782470703
3013.5482177734375
2921.5057678222656
3413.5960083007812
3959.4253845214844
3101.1490478515625
3415.893096923828
3943.2119750976562
3496.952926635742
3033.6796264648438
3166.0498657226562
3102.5935974121094
3401.1358184814453
4264.713165283203
4190.090148925781
3757.3392333984375
4258.370025634766
3459.8995513916016
3258.6421661376953
3162.3643493652344
3906.828582763672
3116.984817504883
3708.972869873047
5338.447723388672
3316.1671600341797
4001.5225982666016
4180.051055908203
3921.1015625
3184.0391845703125
3470.0189666748047
3454.6085815429688
3609.949951171875
3942.3253479003906
3176.1483459472656
3199.028533935547
3739.0679473876953
3317.595458984375
3236.5284118652344
3225.990509033203
2892.883102416992
3502.7182006835938
3340.9403533935547
3320.8243255615234
3645.9808349609375
3156.119110107422
3556.3306884765625
3027.5596923828125
3294.2855377197266
3642.6187896728516
3668.355194091797
3746.7808227539062
3560.7539672851562
3806.9730224609375
4047.9482421875
3708.514846801758
3702.948699951172
3331.37841796875
3683.9964599609375
3790.4490356445312
4076.2162475585938
4530.198516845703
3805.9786987304688
3345.5423736572266
3934.1127014160156
3210.0809631347656
3669.188980102539
4142.149856567383
4146.307373046875
3602.7593383789062
3770.9032287597656
3956.5921783447266
3001.3675689697266
4353.4544677734375
3113.916946411133
3117.1490325927734
3541.7843017578125
4233.7401123046875
3669.51953125
2907.340530395508
4081.6895751953125
3617.1182861328125
3570.8160552978516
3357.1722869873047
3695.4198608398438
3525.5011291503906
3447.264694213867
3750.4227752685547
4276.4246826171875
3289.2389373779297
4940.838043212891
4308.478652954102
3328.8140258789062
3875.5355529785156
3160.2630920410156
2992.2781524658203
3053.5010681152344
4045.9002838134766
3436.963607788086
3957.799072265625
3853.5667114257812
3768.207534790039
4419.493103027344
3619.5716247558594
3878.707473754883
3214.5901641845703
4149.29133605957
3311.8387145996094
3260.0582275390625
3665.6994018554688
2666.613037109375
2984.756790161133
2764.4599609375
3543.288116455078
3591.462875366211
2991.7632598876953
3494.129180908203
3037.956268310547
3282.5543212890625
2813.9113159179688
3153.4068145751953
3399.0276412963867
3124.1749420166016
3400.8834228515625
2991.0618591308594
3483.054641723633
3486.579803466797
3800.3238220214844
2746.2202911376953
3388.4979095458984
3424.2667846679688
2913.4248046875
2764.710647583008
3282.938919067383
3242.7396392822266
3725.5652465820312
2505.126998901367
4273.81884765625
3776.8543548583984
3221.73095703125
4077.6868286132812
3854.2017669677734
3310.7069702148438
2993.404510498047
3084.8421325683594
3956.0361328125
4203.7362060546875
4009.6426849365234
3483.5712890625
2945.2483673095703
3166.2189025878906
3514.5213775634766
3340.137405395508
4156.876205444336
3392.950637817383
3153.914520263672
2823.4063873291016
3716.6151580810547
3056.3243560791016
3885.2023315429688
3583.9107360839844
3397.3310546875
3108.0877532958984
3964.68017578125
3721.589080810547
3641.5247650146484
3666.497268676758
3224.6380615234375
2907.9749603271484
3358.4393310546875
3756.6368103027344
3221.384292602539
3577.7972869873047
3789.171112060547
4670.894866943359
4249.116760253906
4009.6421813964844
3510.1917877197266
3137.4337768554688
3129.7565002441406
3821.1300506591797
3830.5042419433594
3360.5946197509766
4404.854309082031
3649.129669189453
3662.0574493408203
3794.6272888183594
3842.2789459228516
3543.6348724365234
3566.6847534179688
3666.5790100097656
3768.5547790527344
3237.227584838867
3547.7010498046875
4472.132339477539
3062.0438385009766
3030.107696533203
3667.473159790039
3752.226791381836
3352.5101318359375
3342.6141815185547
2956.135223388672
2757.659637451172
3274.358688354492
2806.8184661865234
3628.820816040039
3124.947311401367
3523.334991455078
3216.885009765625
3930.64990234375
3390.144790649414
3256.825714111328
4570.938819885254
3840.803176879883
3604.675323486328
3097.1185913085938
3158.304916381836
3416.2086791992188
3077.7591857910156
2598.9790954589844
2915.6890563964844
4463.012222290039
3674.084762573242
3878.955352783203
3201.214141845703
3658.9068450927734
4409.529113769531
3498.823501586914
2913.8851928710938
3169.0585327148438
3790.9706115722656
3197.5595703125
4378.498336791992
3306.053512573242
3139.513946533203
2841.258804321289
3632.22607421875
3672.790481567383
2560.776397705078
3271.6736450195312
3378.963150024414
3078.8457641601562
3424.996047973633
3017.7432861328125
3065.35888671875
3648.2508850097656
2814.080436706543
3209.877471923828
3264.9439239501953
2855.974105834961
3311.289794921875
3441.1720581054688
2981.4028930664062
3086.802505493164
3085.7608337402344
3311.0838317871094
2752.6944732666016
2891.4019470214844
4464.9461669921875
3484.299301147461
3520.9336547851562
3335.6212158203125
