-661351.5277777786
-550007.3880952381
-545893.2694444443
-409694.76406926406
-569728.7710678211
-561483.1049783553
-562851.3261904758
-479342.05649350595
-539385.0834626154
-454522.00491453015
-472469.1738455987
-458511.897852148
-559227.4946275944
-536237.5314407817
-544429.6944268774
-319313.84166666685
-582343.9869047618
-658123.3851731602
-582286.3880952381
-496051.75584415573
-457661.2059523812
-574785.3177960931
-404958.7453296705
-517532.0552114553
-609095.8085137084
-655610.7523809524
-498904.31507936434
-457648.1016594513
-388055.8657499363
-620535.592748918
-622324.5492063492
-486356.8321428571
-620091.5336746583
-521375.04823787336
-416180.43214285705
-487802.65833333344
-511890.6643090565
-450961.4120906871
-647422.2612637356
-448661.9777777776
-505589.1943722942
-446570.7138888887
-492825.5216727719
-592712.4531746029
-446140.7190476196
-627617.128968254
-480586.7922161172
-354863.46105006087
-559247.0952380951
-516959.0086580086
-511925.4284881783
-576671.2131368631
-463166.45833333343
-515070.5948412699
-529875.933810797
-492941.28722943715
-532378.6517857144
-482731.2706349206
-481549.9222222225
-489427.3460317461
-763248.4847041845
-600118.4880952381
-781628.5946553445
-687818.3920995665
-460983.4368686873
-559477.2456349207
-582569.1559523807
-567632.723809524
-497198.1865329114
-493493.05045787495
-421802.0704434454
-511153.9843137257
-393996.2090187586
-431720.0420634919
-365306.1239260742
-471098.32738095237
-510540.5333333335
-490231.71901154437
-616366.7745310245
-582432.6400432902
-476094.9553862801
-572670.8194083693
-569694.3243145745
-525664.1809523806
-523991.5208683474
-506690.44211442163
-733985.765934066
-595578.1168109666
-552689.7901629067
-664025.4437229435
-680360.7548637635
-676904.6392857151
-478447.00476190454
-389849.6767316015
-554018.6114718614
-455184.2083959902
-505602.7547619047
-636989.7932748535
-468940.53809523815
-487574.3565295816
-563624.3095641288
-376110.7595238101
-438039.6587513793
-484643.49675324716
-620570.3758658016
-491017.77564102557
-511956.25468975515
-491807.7395021641
-423882.5532828284
-464032.5792089491
-427934.1202380953
-452880.71789321763
-410204.61603046086
-545195.821428572
-498126.1496031747
-407395.7547619045
-414552.22142857144
-513434.79965867446
-513612.9537296037
-355640.4501776001
-412940.85400432895
-414239.2880952379
-452893.3904761908
-538013.5425324669
-601583.257142857
-364753.2274531024
-467755.8646825399
-423352.18119658146
-454604.0484126984
-524891.5112554112
-374791.83333333355
-386495.4580808082
-409888.5500000002
-551052.3916666664
-379324.5596764346
-460731.53719336237
-373852.96565656574
-390101.4846553772
-617345.3988095237
-450023.65589508537
-456471.36718559224
-412475.112321012
-665918.1542568547
-451608.7630952382
-585593.6333333334
-484345.0990620489
-514068.037698413
-628084.1190491875
-503402.33560606046
-490145.88650793664
-548071.6503968255
-486481.81904761883
-472797.7757076257
-414181.2674848539
-441488.9866300363
-493593.4290293042
-390083.63928571425
-472366.6857142852
-411739.82539682556
-319400.2521551976
-424589.63333333336
-667839.7267621274
-648611.331074481
-421432.2797619046
-464303.09285714274
-519105.21352813847
-388185.0761904762
-419353.66984126926
-450369.37023809506
-414156.90097680094
-570332.6130952383
-473722.5949494951
-420287.20476190466
-423755.9999999999
-421963.52590187587
-572237.5305555554
-537642.8960317461
-566517.3777777776
-509829.29940476164
-461861.0212121216
-481078.0519591523
-497909.153860029
-417622.76623931644
-577404.9448051949
-467599.04672096914
-359364.4827336062
-403098.4538888889
-358672.35974025994
-386126.22664835193
-414173.287662338
-526913.4619408371
-381237.1385947389
-359103.81558441545
-360927.14670329675
-509986.38513708493
-493062.3178571429
-396142.5023809527
-522836.9504329004
-359114.0666666665
-455038.27167919796
-408215.3222222224
-413727.9285714286
-416627.3166666665
-363892.06626984134
-417696.8148296144
-496099.00977443595
-461795.95750360744
-518265.7047619044
-521293.1327228328
-394431.0051948052
-304385.6537439615
-388567.9487734487
-467872.321212121
-417374.4476190472
-428717.18412698404
-413964.6738095239
-355953.35555555567
-343036.7445970697
-471197.27738095284
-482744.07936507935
-386980.9379870129
-385752.4568009767
-415452.28055555525
-453174.6571428572
-349483.1855921856
-633855.0562271071
-522164.00198412663
-441395.92698412697
-445580.289285714
-475438.40576923033
-555473.1063852814
-499592.78095238097
-486847.7617604616
-437128.6944444443
-312695.0134920633
-377920.2214285714
-529951.8719696968
-354228.27777777775
-349055.282900433
-457676.2873015877
-409803.2821428573
-433653.22457819956
-417377.2533022534
-358534.68214285735
-458683.5188184366
-292375.61480186495
-439004.8902768286
-371928.4940476192
-517077.4591269844
-376074.1547619046
-402510.2833333334
-410800.1990620494
-365794.625
-365868.6000000003
-343315.1896825395
-416198.43225108244
-478439.49166666676
-540039.6408008657
-432105.7880952376
-371241.4551587299
-381060.77738095226
-404255.33463203436
-336405.13907203934
-433518.69611528824
-391687.5169340466
-366850.1892399267
-469986.5265873016
-533219.257142857
-496905.81706349226
-467495.7497863243
-407360.4986652236
-381727.5654761906
-417803.3839285715
-466000.9948412696
-483408.67575757543
-439669.1166666669
-460563.193939394
-422656.1972222224
-403642.74761904747
-357928.2214285717
-400282.4255952383
-466449.88425324677
-334845.96428571397
-556796.3121212124
-301915.46111111116
-378298.8642857143
-408078.44999999995
-440528.9289682539
-410673.7532105151
-378176.2880952385
-483341.96125541115
-395953.4686147185
-355355.47301587317
-619688.4908730161
-432999.02500000026
-375255.11190476187
-331338.0642857139
-363779.7154401153
-238790.8384615385
-596106.6517316017
-320097.7642857143
-298205.7953823954
-400532.12553688127
-579374.6999999995
-466854.3888888892
-414130.6499999999
-414557.91171416297
-338573.72103174595
-426807.41190476174
-334199.3625291374
-341644.14368686883
-437209.0023809523
-239359.55424836616
-344350.10854700854
-463635.1805555558
-450026.93333333335
-287575.7904761906
-428668.3277777775
-301858.9964285714
-342664.41359126987
-296379.83430735924
-347937.15718448226
-479077.07051282056
-337849.3928571428
-399930.0321678321
-401771.26071428554
-409168.29047619045
-402212.7869047618
-445888.69841269817
-343893.35292207793
-329194.4294871794
-483286.263888889
-328489.65454545466
-424994.8889411027
-484146.39404761896
-314237.47777777776
-407534.88809523836
-276494.6200854701
-408151.78174603183
-402759.6726190478
-401515.2596320347
-467894.384992785
-511126.2333333332
-485011.63809523784
-435486.1573593069
-355734.58513708523
-402339.989652015
-349197.642857143
-394615.3575036075
-421078.7571428571
-461147.0484848485
-454886.2885531134
-424574.8436507934
-364824.38222561753
-485291.96150793653
-400379.713095238
-449573.7452380954
-494489.75476190477
-405187.55
-454991.65000000026
-351439.9213203463
-336118.1607142856
-362404.75158730155
-451115.5654761905
-406745.76504329016
-432341.02023809525
-416157.3077922075
-442134.5521367516
-465665.2151515151
-450725.64404761913
-434924.59646464663
-381717.56666666665
-390564.00518925523
-385272.1293650788
-414895.79880952375
-429289.0071428567
-447662.53809523815
-493439.0050420169
-449325.4420634916
-476243.2464285714
-405185.63571428554
-396579.9902597401
-372963.64642857155
-564260.7242424242
-512740.29823232326
-451257.49999999994
-523995.23035714286
-481743.3190476192
-507672.97516372503
-482459.0171550672
-507625.5166666667
-402398.48611111124
-493769.7927318297
-456560.0069180822
-454219.8078754579
-508110.4000000002
-445787.82777777786
-548863.6491830065
-565020.3154761906
-563767.4265179267
-482472.6731601735
-614873.0095238092
-499521.81300366303
-535648.3388888891
-524165.91428571416
-644349.5833333327
-505474.1642857143
-582822.3335232014
-496119.6642857142
-562702.5128787879
-597348.0515151522
-582659.1035714283
-516997.1336163835
-541235.438736264
-693226.9532212886
-727784.2952380946
-541102.8190476189
-626446.9547619047
-564594.5103174598
-572264.9535714289
-661811.8551587303
-644656.1186507934
-638586.7293650794
-573760.8801587309
-588560.3928571433
-564760.3119047618
-658793.0430735928
-576539.3201298702
-600439.3928571427
-505423.9015873015
-548871.1333333335
-545752.1777777777
-692711.4337301579
-542013.1334054834
-604400.5738095238
-587787.5583333331
-672828.9911255409
-692553.5453463197
-677257.7857142854
-701629.1722222213
-604834.5433150183
-494760.6145135564
-580005.1079365079
-581365.4238095237
-690952.6833333335
-595732.5809523806
-563590.5285714284
-566845.9218253967
-551738.1166666667
-618026.7654761904
-607139.2448717947
-650482.9296536798
-533238.733943834
-542561.0874999999
-463844.1040293044
-595502.2702380952
-531735.6953925157
-494824.24430014374
-591185.7523809525
-631466.7722943723
-680805.7865079358
-616845.094017094
-739989.0610389614
-634426.4433982683
-575504.5999999997
-591169.3606060604
-536097.0126984129
-519706.54728327226
-536735.4436147183
-603378.1857142857
-635639.8727272727
-602853.8017040147
-555734.8066378066
-527756.1507936507
-567326.0727272729
-515096.62115384627
-488731.31190476206
-456946.307051282
-501944.42738095234
-451137.0769230769
-535254.0583333332
-636179.661255412
-496261.72424242407
-533090.6465538848
-462776.97857142857
-547810.4771645021
-557501.0688311694
-573057.4801587304
-510564.78650793654
-480315.1581529582
-503710.35555555555
-333001.74112554116
-289010.5298534798
-625347.904329004
-605564.2357142852
-493258.9773809523
-527737.1554511277
-481806.04737484764
-472268.35476190463
-372618.3068181819
-430402.2053030303
-347258.56666666665
-346795.2995670993
-355495.7785714286
-352765.8156426908
-307666.2202380952
-289705.4666666667
-287665.84523809527
-362564.4587662337
-300840.51346986333
-271048.7464285714
-350308.9188311688
-370592.1761183262
-304501.2595238095
-279501.37683982693
-346251.68452380947
-340129.7488095238
-318711.21217948734
-401956.05681818177
-300077.02296918776
-282533.2591269845
-262788.58333333314
-383150.2031746032
-275643.4085858588
-324793.018627451
-383254.69999999955
-317042.04880952364
-364581.277922078
-369749.7432844932
-478955.891503268
-291208.32857142854
-347166.0785714286
-332051.0583333335
-266870.53730158723
-293302.3261904764
-279768.5805916306
-323630.1785714284
-641941.8111111108
-327420.59862914874
-381065.33690476173
-310563.0777236653
-305745.79700854706
-312039.52182539686
-340471.01002886036
-288405.73809523805
-299561.73333333357
-346035.98333333334
-394354.4333333331
-314303.47539682523
-300149.38290043274
-234509.06785714277
-351742.7199134199
-355494.8190476192
-305737.36666666676
-321071.06036414544
-308321.90158730175
-382471.75714285707
-327080.1357142857
-384403.1230158731
-321916.3991452992
-301572.12738095224
-322091.2088744588
-303007.8158730158
-328086.6857142858
-387274.5865079364
-260608.91190476195
-400784.9190476191
-219555.17229437237
-275388.69523809536
-311162.45523088035
-304318.801353875
-230949.1701298702
-281754.43412698427
-343981.7718253968
-330309.7166666666
-438502.8833333332
-319774.9870851371
-344015.3493506493
-317267.57320889883
-465466.40714285715
-292344.2671356419
-412845.4619047618
-271093.93809523806
-390031.4615079367
-387366.70891053363
-308545.5285714288
-338974.1805555556
-318331.5250000003
-348887.2833333337
-217897.40165945145
-277120.52341269836
-429111.9000000003
-354359.74603174586
-431092.95476190466
-267102.1848484848
-351714.18333333323
-286612.8454545455
-377738.9547619048
-252216.38809523804
-422916.2080765637
-447459.144444444
-368012.097222222
-458110.1309523809
-414042.45
-447637.38571428624
-503421.6174603176
-511802.4619047619
-437842.83630952396
-410993.5368838763
-494867.00476190477
-462921.5976190477
-538258.9785714287
-417557.90579975577
-456394.36811594205
-560116.2367063491
-393722.38571428566
-426105.89004329004
-439416.6909090908
-402724.1976190477
-455279.90357142827
-391521.9587301587
-456396.0333333333
-486131.6515873015
-440325.91428571445
-430790.3431818183
-487988.4666666666
-485177.0833333332
-480804.1452380953
-490424.265750916
-492886.5869047617
-462732.4783882784
-510234.15367965354
-537019.696733822
-491149.94444444455
-573696.276190476
-546201.8374458874
-503816.7444444443
-574215.713888889
-460346.53452380956
-539522.810822511
-488689.59047619055
-487001.1666666667
-451120.394537815
-491971.0419191918
-564577.0630952384
-514018.20119047625
-449242.3166666668
-366633.5999999999
-559275.9087301583
-522730.9011904762
-484858.2055194804
-484024.03968253965
-464281.86190476205
-444210.49102564115
-500125.28690476186
-406788.70151515177
-412830.5015873012
-488906.8063492063
-430780.13333333336
-464819.84047619044
-480404.2960526319
-487865.07380952395
-443621.3997252747
-560720.9850877195
-462524.93205372995
-462215.5087301585
-482483.4333333336
-529586.4658730162
-520952.8295454546
-477862.8285714287
-524277.00634920644
-546476.1095238097
-496254.0142857143
-551910.7435064935
-548878.2180430677
-489852.73562271055
-543677.6427170866
-507306.96904761915
-485736.54404761887
-520840.24285714264
-419131.1637085139
-508176.81748120335
-496583.3334498833
-491763.5992063492
-435584.53730158746
-486860.36673881643
-584501.271500721
-475223.7212454212
-538499.5119047617
-457969.9262265513
-492468.21428571426
-490120.62504578754
-532172.9865079364
-434932.9877289379
-491205.9392857142
-487127.26547619054
-561531.5821428571
-534193.0654761905
-519829.09166666685
-565857.4309523808
-575189.4302197802
-483883.57777777774
-567960.6431818183
-539020.916666667
-534636.3738095236
-378826.6190170943
-511428.02976190444
-530461.5373015873
-524360.3238095238
-478225.1499999998
-494660.1246753249
-528226.1294871797
-538839.211538461
-555908.3785714285
-552139.4464285714
-513740.8861111111
-521884.35476190445
-510074.49999999994
-514717.02142857155
-439605.05952380976
-521828.13333333336
-574847.2833333333
-478234.89166666724
-489117.40151515097
-668940.6178571429
-530543.0793183941
-513664.5904761904
-522355.2142857143
-488069.99999999994
-528680.0619047619
-556849.0892857144
-480202.15695970703
-419420.8287545788
-502107.937087912
-553348.9642857147
-539736.7214285715
-487536.2932234432
-478203.9472222221
-530373.6857142857
-505341.7196778707
-486392.8500000001
-522263.4785714286
-549302.6863636364
-470483.08690476196
-577125.1803030304
-544254.8666666665
-508898.93037518044
-494699.8523809523
-458509.2619047619
-463729.70357142884
-577789.4611111112
-473631.20357142854
-485242.4904761905
-496456.43809523847
-434979.89285714284
-471483.5833333332
-457392.14999999985
-530240.6321428573
-480617.8416666669
-451926.0510073262
-548383.2849206352
-595813.1666666667
-537790.25
-560616.1333333334
-430737.1444444444
-477938.2214285712
-518270.94761904754
-541194.4023809528
-563941.9047619046
-485302.83769841277
-466621.6807692307
-505781.6924242424
-517058.17698412674
-500167.13333333324
-526493.7833333336
-419333.4976190479
-543226.8940476188
-450886.5865800866
-471786.74087301583
-482465.6916666666
-475492.93461538415
-507985.5114285716
-548170.6
-478408.60108225106
-481731.78571428556
-571197.8547619046
-562841.826190477
-498824.3380952378
-410564.266117216
-448193.66355311347
-446576.5857142857
-490669.1476190475
-550865.2666666668
-532041.8416666667
-442562.166666667
-492367.31349206384
-477073.45833333343
-526784.4083333333
-507102.4000000001
-464815.4428571429
-472928.08333333366
-537494.1833333331
-503977.0437728935
-472981.19523809524
-466614.04523809574
-542055.7025641026
-569691.3941558447
-552024.1277777781
-516346.70476190496
-555358.7714285711
-455702.72063492064
-496410.9063492063
-405751.4107142856
-425785.64999999997
-466900.42023809557
-537072.3694805196
-427772.67142857134
-392066.7571428572
-511602.7476190476
-441973.80833333323
-507543.4166666667
-419134.26785714284
-441995.55329670344
-556253.2833333334
-508163.66501831496
-434566.1567460314
-452882.1666666665
-430538.6642857141
-452917.41904761916
-460604.03333333315
-532279.6388888888
-604926.8757575759
-500037.8138888887
-386975.30357142875
-501214.16388888884
-570990.9472222223
-526245.26984127
-449559.21666666656
-523808.9545093797
-462265.68747918744
-541935.6499999999
-415507.24365079333
-420892.4753246754
-461109.7468253967
-451364.25458152965
-470976.71666666673
-441254.24047619035
-438713.92738095263
-465502.1142857146
-450626.9190476189
-485450.06666666665
-470690.86666666676
-424578.4233766232
-447404.4896825395
-453346.996031746
-502016.76190476195
-491394.3404761906
-484314.2464285716
-505861.3222222223
-495488.0666666668
-518902.40833333344
-467473.7166666666
-474584.7499999999
-452924.82936507935
-481494.2119047617
-491756.0666666666
-609751.3341269841
-537372.1956349208
-521445.3127705626
-570280.4047619047
-528169.938888889
-409415.8205128206
-474102.9309523809
-554925.0722222226
-557507.6257575762
-518179.7333333334
-551039.984920635
-549292.6857142856
-505750.03809523815
-542228.6357142859
-545826.1216374268
-509381.1369047619
-542412.6393939394
-597011.0666666663
-448790.58809523826
-461094.9833333334
-420656.2954545451
-415049.10119047615
-579303.6166666673
-555072.1999999998
-542439.7655677659
-505451.9047619054
-524678.0396825395
-559732.7388888889
-537088.6194444441
-524296.3063492063
-497398.0404761904
-501826.93095238105
-499715.97023809527
-477258.45
-440348.86111111107
-623871.7220779223
-472644.2577380953
-533827.3976190476
-497406.73650793644
-486069.7205128204
-469122.22380952357
-441397.8683150182
-393815.05833333323
-495306.51111111103
-464042.98730158736
-455796.788095238
-478288.05844155885
-379796.13744588767
-446986.2214285714
-502078.95562770555
-432162.7182539686
-386724.9083333334
-448829.94999999995
-454068.91125541105
-490528.38333333324
-450681.0833333335
-480274.35476190475
-528545.9702380954
-455359.77723942715
-455927.48571428587
-504482.81969696976
-423590.2095238095
-508749.9305555556
-568847.9690476193
-485510.07878787874
-441494.38095238095
-426933.02222222235
-397777.71666666627
-481401.09372294357
-439136.3000000002
-470295.24404761917
-452928.866666667
-450946.94999999984
-484877.2378787879
-370689.1070512821
-435559.7333333332
-552948.4833333334
-542955.2595238095
-545487.0428571424
-483245.4476190479
-508774.92142857146
-453921.01666666655
-479148.7777777777
-553175.3958333333
-490842.33214285696
-446278.7666666668
-461859.2507936508
-486933.7750000004
-474976.93333333323
-537302.2
-584059.7166666668
-500642.54166666674
-492414.1000000001
-550031.3846153847
-414066.77619047614
-463081.33333333343
-478702.00476190454
-401625.96190476196
-342129.18333333335
-389636.475
-476670.8
-490708.5666666666
-396664.1285714286
-455148.5666666666
-419585.35476190475
-462724.46060606063
-497770.3333333332
-539093.5515151516
-534647.1833333333
-521363.44444444467
-425973.25000000023
-497189.31666666653
-456839.642857143
-481926.64999999997
-454580.0500000001
-541486.2464285714
-442919.84873737354
-435828.3083333334
-413728.3825396826
-559276.3047619051
-633487.4654761906
-467822.02698412724
-504726.8190476191
-493560.10000000015
-505836.2666666668
-473494.44722222234
-480675.1285714287
-407687.2309523809
-456857.38095238083
-417107.8119047619
-440576.9833333332
-425814.5555555556
-441311.72738095245
-488015.85476190486
