73232
65258
63815
53669
63956
67217
63100
61039
61921
58691
59185
59418
66166
62310
61813
47943
67212
67431
65303
59368
57927
65282
53571
63402
68210
69489
61843
58280
53795
70550
67579
60091
67103
63796
57395
60050
62076
57415
69372
58085
60556
55707
60970
68251
56375
66081
58581
52094
64979
66272
61299
63852
58920
62143
64030
61311
64308
58767
61321
61707
78742
66685
78415
73903
59979
65268
66624
63819
60008
60632
55459
62751
52863
56817
51938
59670
63263
59733
69719
65149
59616
65072
67352
60409
63283
62350
75938
65956
65026
71220
70799
75333
58380
57089
66343
58715
60949
67955
59236
58609
65113
56029
56835
60006
67861
62384
62818
62577
54760
56023
56918
57291
53386
60715
63614
56978
55658
62550
59880
51249
55231
54675
57598
62038
66655
55027
58376
55066
60421
62220
53886
54045
55473
64395
53128
57633
53065
56331
67448
57422
58595
54373
68000
58366
68244
60071
63045
66557
63953
59126
64923
60806
60901
58783
58668
63908
53973
58608
56835
50248
55305
71158
71626
55749
58151
62998
53316
57208
57401
55575
66810
58632
57071
57974
53468
64368
62979
64430
60785
59338
59075
62078
57530
65533
58462
53279
53131
51324
53510
55630
63117
56744
52548
51639
59195
59220
53759
61309
52925
58952
54498
56424
54611
51765
56318
59487
58848
62829
62605
56577
52241
54815
57715
55691
59430
55036
52347
52039
60617
59678
56517
56797
56630
59165
52013
68977
62631
59033
57401
60999
64975
59106
61282
55041
50974
53876
62778
52633
52498
60770
55833
57645
55234
50854
58030
47298
60290
53432
64065
52921
53470
56999
53297
52300
50839
57158
58923
65138
58878
53214
53064
57422
52557
57779
55870
55002
58652
62291
60835
60283
53984
52290
57658
59068
59316
58646
56979
57091
53425
52863
54632
58291
50131
67667
51335
53595
54085
60037
56240
58001
58735
54469
50712
71092
56498
52687
51378
51614
43785
66968
49819
47968
53182
67199
59036
57466
57453
50131
55389
51014
51939
57093
45753
54057
60933
56080
50943
55024
48131
51142
52188
50970
60789
49902
54291
54370
55589
53854
56093
51816
51576
59515
49862
55573
58089
48960
54723
47414
54720
53545
55524
57652
63142
58706
56931
49370
53557
52306
54485
56192
59674
56547
57947
54302
58856
55667
58744
67874
57771
55145
57427
50626
52556
58705
53684
57891
56283
56755
61983
58791
57687
54580
54985
55162
57156
57673
56423
58603
56481
59491
57004
57720
62551
64541
64919
61702
63539
65355
62594
58961
60050
55862
59832
59195
57562
60503
58068
67828
64531
64930
61516
67026
61486
65069
63313
69949
61375
67535
63565
66713
68640
66064
63188
62249
72938
71992
64788
68495
65252
65104
69762
69021
67945
65615
68437
65879
69969
65326
65445
62840
65988
67026
72788
62940
69235
64995
72046
71690
71413
71904
68794
58968
66090
66841
72094
65938
67316
65464
62677
69669
66935
70114
63925
62396
62345
66299
62681
62089
65187
69091
75011
68212
75133
69572
65727
67247
64012
62256
62949
67130
69101
66713
66296
66001
65926
62234
62937
61747
60882
60834
64368
69113
60853
64791
61527
67105
67612
66044
63618
63246
62265
57643
51199
70963
69089
61547
63891
60701
62374
56681
61162
52519
53258
52841
54300
49899
50087
48464
53664
51083
46209
51335
54770
49105
49935
53448
55170
51557
53687
50607
48842
47835
54488
48493
51142
53610
49585
54998
53541
61155
49315
52569
50910
47882
49282
51253
51310
73023
51342
53916
54176
51005
52043
55049
50543
50962
53643
57062
51133
50395
47425
53767
54777
49570
54091
51144
54493
51939
54840
50353
51145
53867
50707
50421
55726
48295
57807
44166
49095
51987
52606
48105
49967
53408
51150
58303
51392
52675
51878
60704
51945
56789
47991
57580
54758
51660
53971
54046
58010
56557
48107
58072
53722
64533
57169
62579
63733
58627
56709
62592
62132
58955
59802
59498
62069
63895
65070
59866
59777
64329
62013
65477
58884
61428
65631
57921
59181
59645
60495
65344
59320
63107
65982
60585
61418
63598
61775
66534
63957
64259
62622
66233
65958
62471
67609
64388
63391
66851
61782
67986
64690
65789
61200
64874
69728
67045
61795
56758
68918
66506
64019
66305
62894
61557
65548
61208
62157
65527
57823
61728
62385
61186
59520
68499
61276
61083
63316
67155
65619
63016
65219
65639
63808
69601
68620
63813
66743
64656
65310
66819
63050
66095
64177
66707
60239
64685
71748
63324
65886
62113
65624
65377
66251
60330
62667
62636
68686
66088
64732
66693
70819
67256
69272
66411
65816
57358
66400
67030
66093
62490
64278
64376
67916
68892
67507
63279
65770
64735
64753
60827
67248
71867
63101
66052
74731
69732
66730
65347
65324
65217
70014
63679
59621
65807
68147
67502
63692
63143
66086
65136
64917
67253
67852
63537
68350
68967
64346
65800
61032
62573
68367
63829
65070
67212
63305
65262
62548
68519
63795
65656
68692
70808
69041
69569
59605
65084
69208
68728
69673
64142
64859
65910
66570
67265
65842
63966
69356
65041
64788
64237
65159
64747
69666
67068
63633
70627
70690
64359
63223
64462
61975
64999
72472
68799
62515
65514
65595
66827
66111
64474
65149
69287
65211
63715
61842
67168
69002
68801
64982
67720
64346
68683
60522
63510
66022
68834
63965
60663
67094
64648
68946
61240
63442
69433
69684
63300
65630
63380
66349
64299
69296
76580
68042
61323
68772
71093
72900
64498
69278
68098
69818
64225
62232
66875
66582
65094
65020
65345
67873
65274
67616
64172
61751
65887
65777
68320
68484
68478
67467
66191
69312
67257
67420
67874
65762
65493
72762
66914
67620
69384
66522
59660
64099
69840
71259
66927
67809
69089
65869
67558
68722
67881
69907
71813
64434
62857
61569
62506
70552
69111
70023
68356
69874
70589
68387
67969
67084
66858
68803
64650
63344
73103
67069
67932
67738
66692
65408
63313
62275
70555
65928
67350
67326
62772
68069
70466
65514
61293
68041
65775
68394
67390
67910
70199
67937
65184
70339
64959
70402
70877
66349
65120
64597
63103
69970
65371
68395
69538
67367
69052
62899
66251
70097
69402
70469
67533
68353
66138
66903
70585
66342
65024
64952
67369
67476
70587
73045
68204
68020
70759
64828
70947
69277
67683
62965
65895
69642
70624
64920
66581
67890
71197
70723
75698
71516
70298
67066
69273
68292
67995
68600
73123
67055
65913
66428
73088
75980
65012
68348
72250
69077
69640
68705
67865
66960
66370
66840
65717
66585
68865
