221182
206109
218846
227027
216398
224424
221513
221561
208579
209243
215355
218408
211836
214996
219433
210827
225055
225142
227606
202371
227851
208088
228877
221040
222492
235531
216624
203751
238988
213384
214607
215602
217884
220479
221856
225611
214206
221091
212712
208585
210921
214957
220862
215386
223334
213373
210471
232025
229247
216573
224254
218553
225213
209852
212386
213011
209551
210768
211616
226333
210856
218529
208970
219132
209793
222380
244531
225243
217846
219017
221482
231837
226708
231460
226073
222425
210318
211770
224130
209011
220839
213871
210983
211064
199449
238731
218220
214086
218413
212498
227867
201693
219330
223602
224060
222914
227533
234876
230280
228757
225858
217073
213351
212609
216418
200914
209394
224465
222781
213287
217810
218181
208265
223922
223684
206686
230671
213261
224965
220087
219873
209357
220647
224549
214411
230549
217876
219181
215804
212721
225961
220321
239138
206554
211757
228098
217077
213665
222148
230547
210664
219841
227444
232336
223940
208636
219455
216342
216623
224956
225865
213778
213218
210855
224598
215270
219613
217148
203838
214077
228464
202168
220304
216138
231492
219289
223585
221911
209270
209904
224163
222582
234786
220117
216983
218618
208598
222341
215551
210211
218412
228196
212775
222796
210098
201035
213315
214647
213098
225846
252531
242576
238016
260487
243299
238366
248577
225639
258468
255397
240023
246821
250910
241106
242456
240361
246051
242962
241093
241485
229201
251128
257541
238865
243548
259114
247229
232017
237896
239607
243500
245973
260881
249164
239191
241495
243856
252710
237905
237497
251826
215664
232015
239622
249960
258393
246935
253473
254698
241241
249078
258925
241596
262523
229524
242885
243117
243686
253519
253552
224910
238490
243002
238129
249301
228220
247463
246564
228963
265221
264796
252508
249132
241144
238171
255815
246135
253501
251341
242354
250502
252546
241845
255948
249482
242193
277732
251850
235663
244731
249715
213187
227284
240741
248870
247527
239601
257586
243493
245776
245260
240084
252567
253745
224680
246376
253496
239302
252871
248509
263331
220508
251430
247336
257123
240363
226707
219146
209815
223240
207595
220860
223613
227623
205422
210797
216463
207249
208307
222138
227310
224708
205044
212432
210913
209678
221102
220040
223987
222182
210865
222519
210060
203801
212779
224261
217328
213176
206417
211839
201145
231739
218849
225898
218826
216892
220678
222463
211872
211293
229304
226006
219462
217462
205620
207516
209409
213985
222321
202037
219270
223845
222375
231257
219002
219932
212785
216399
237719
215921
218586
216096
222514
210897
219216
216655
219791
220239
240759
216951
197668
212268
207969
213115
210231
215453
222455
221730
214842
206482
210595
212350
211482
226433
216298
236157
222876
205555
221119
230665
208078
222538
218480
207439
221649
218070
221323
223629
220876
224287
205558
227643
217851
227354
210190
212451
226369
206139
225698
224885
224261
201354
215639
205500
222334
208120
212565
218590
227283
212591
228934
225866
211232
216667
207476
220968
221265
207400
230094
211860
186707
221720
224628
218681
215833
217454
214096
223352
210425
216064
221568
228908
213507
216542
217718
210345
210349
211759
213117
217675
208227
210754
223425
215073
210351
219298
211419
202194
211730
201522
226110
218390
229810
211055
207917
207770
212259
209882
213348
239114
211326
213993
197747
231973
210755
219871
227852
217217
227852
207172
214784
210030
209894
198505
216678
216283
197714
208291
223462
223611
217453
214381
218555
216680
225643
197576
223150
217759
214827
215962
222570
215965
222026
204996
211397
218312
213884
219179
219824
225915
207295
229812
223456
207461
220795
225311
208334
203045
212965
211156
210766
202449
209724
214694
202186
196644
223797
200472
207129
201767
228221
224093
201783
226724
228915
216692
208678
213202
205015
214193
214271
220818
220050
224395
203574
215508
209845
201246
214152
213817
216691
202170
211412
208182
210409
215767
207107
230516
228549
216499
210264
228175
226122
193944
226429
212602
228643
219432
198842
211742
230566
223850
210530
214479
216198
201467
218177
217318
206642
217164
226040
206561
205172
214217
226257
212411
220579
220884
224721
201938
224038
216404
209800
205401
206523
209568
210215
203903
217167
192841
213340
211614
216186
211274
232155
223500
223571
223026
216096
222704
220361
234605
223130
220945
199920
216774
209638
226095
208291
218511
209165
209040
218567
214603
217069
213181
230864
214740
212006
218058
199138
195188
218231
214994
214651
200320
220993
208561
216597
190150
216458
214142
211089
217178
223391
207450
195129
199474
200485
215198
227326
212728
202333
222880
216633
208642
210190
210971
216068
207891
203196
210151
202126
214794
213970
201959
225779
217638
212197
222524
222662
209575
220060
209424
213625
204770
214819
206058
202807
205428
212782
220863
218097
209503
210279
199841
219591
212831
205018
212620
210681
223764
219286
242249
225854
220493
219197
219041
223923
228670
227518
225192
215439
213998
213467
208841
223095
221203
221654
204678
207958
198713
213636
239279
201651
232891
224240
211788
236412
207554
195632
212311
213036
218117
200559
205721
213982
210743
227499
206957
212067
232222
214760
211916
206587
212563
207336
213016
211193
219580
237493
224856
209645
200899
218066
235936
207019
207366
206288
194666
208396
221939
215405
207085
227147
210110
207570
213156
216961
219698
217521
204053
233044
212463
224246
204631
200235
211214
219981
212834
215630
216540
214569
207549
228652
206198
193788
211498
205430
209729
214548
200881
212193
207121
214001
209578
224462
220555
226704
219272
219121
222900
211072
220560
222172
204075
209561
209238
199246
213802
221212
206904
217503
209587
208087
201790
216711
221781
226602
223243
188257
222615
216524
219631
221099
211538
196591
214516
206461
210317
229831
225880
200635
212463
214298
217251
215764
215934
209558
207595
211349
224120
201586
200746
216013
223507
224428
212995
219337
215066
203513
210732
199546
203604
219246
212869
209414
202666
232864
215464
211570
208988
211701
205877
206521
218339
209647
212134
198852
213887
194310
207563
204229
215818
223823
198030
220267
210892
218774
212934
203235
221380
206206
207218
211617
206499
212703
206558
201801
204927
214442
202265
208725
222634
218356
201662
211544
224849
220497
225927
210320
220192
229505
209752
214698
205419
207404
198329
208659
208600
197949
213956
220728
222856
205470
215348
208234
206565
211304
209879
211022
211066
211113
211375
212318
216533
212258
205476
226703
201587
210820
219705
197218
224056
207261
209877
195722
199674
215741
217571
213130
218278
212016
212733
207691
224517
208689
214505
217431
206883
206643
220934
200497
196807
222928
227927
220479
205740
217523
219388
199470
214591
199556
216956
222668
202257
222510
225252
208896
214420
206042
212175
206780
208436
213468
214386
223494
207167
221153
213028
219849
205360
216756
220867
202754
213696
211759
212760
224689
193959
222057
204880
198821
223367
207279
210815
209179
202540
208838
208806
211935
208290
219013
213915
212586
219006
213607
216950
200195
199940
208606
211256
208188
203127
202908
205840
208813
194291
215162
225804
203787
228690
215326
225018
227846
196287
214737
202584
211863
223802
209121
222298
225093
202590
205266
186764
227436
201303
206776
216332
209273
191516
215537
211490
193470
204102
205039
202932
217989
217460
207247
203420
221547
200409
207268
198830
205337
204869
196644
202946
213483
218171
226057
209422
206427
203604
214212
205429
202814
207360
217105
206424
200784
207130
200186
203602
208058
217449
210059
200608
205659
206713
211604
210026
213994
198121
215358
212773
204071
224089
218193
206992
209245
228519
208458
212701
208372
219012
201360
211552
196489
193071
195900
220767
212163
221783
209212
215353
195638
218688
208904
225277
210671
216729
209382
219116
212546
204263
198017
211702
199126
226722
201079
196506
224384
197486
226285
227934
200384
218026
217045
218501
213175
208678
216725
216294
204550
200655
213697
215145
206399
209346
203454
213504
202196
208486
210033
204077
192333
202975
196505
202231
208851
210314
223025
203533
207990
197872
221120
217290
220225
224430
203389
218323
201386
233768
200561
205878
210111
207454
201281
207533
212032
212671
209988
210110
200757
211944
206534
205947
212911
195453
195823
210846
203192
214048
205160
208891
201745
213703
197460
215495
215288
219886
205724
212358
225633
202524
224502
212504
215748
202203
211193
214816
208980
204858
202001
210994
216309
207662
200894
206378
206600
208906
217325
210037
207955
208287
215764
212254
201935
206413
210689
212976
199187
212949
207642
208789
212557
207153
209464
212343
199944
213241
201170
232056
224282
205631
207282
217597
205606
209947
208467
208105
190825
206961
214556
214796
205046
211467
195380
208053
218302
184877
195056
219726
211336
206945
222459
211643
220275
212506
210889
224078
202053
205572
211923
209184
202941
199304
223021
202718
203667
198561
198343
188219
207756
202207
206659
200175
205705
212264
192171
203976
208659
217885
211473
202104
192891
215077
216580
216293
212871
197235
193472
203762
207499
208279
226059
208994
208922
206184
207107
200405
210419
209791
211970
202081
220162
219692
209884
225768
224366
215901
194933
202974
204087
206998
200382
226420
207776
205034
209874
201577
194921
202984
198441
202407
223077
203079
203359
212379
215555
199839
200975
201817
206724
206266
205064
215592
214592
204599
207582
207430
208912
226447
199918
203925
217121
213560
219607
186346
205575
203745
198041
193726
207511
220495
197044
213590
209926
209708
207709
214965
209694
204804
213327
191335
214486
214410
204865
205176
193487
207453
208306
202859
215912
224911
200904
218932
209543
212146
212647
203466
207028
204255
204714
218759
207543
207887
206185
198074
208520
199373
221209
208860
194275
198672
200129
201214
200342
209854
207399
198886
202188
190949
205072
194767
214171
206184
196785
193142
207426
209526
195091
204660
209985
200060
215002
214959
206524
208698
208303
192501
204768
213629
209845
213466
208193
213331
192029
209298
211835
207564
202134
207770
206821
212696
208801
219575
206462
201376
194586
217422
209633
200295
207963
190381
203204
214936
204560
200558
202041
203083
205881
209067
260896
207027
201272
197440
199693
202484
223147
198897
204719
212742
200156
206231
217856
202710
201137
211610
210050
216145
208396
215242
201529
209252
197894
223401
197751
209840
198721
206028
216102
210139
215719
198671
207307
198003
209481
189200
206642
201514
205014
195964
190928
199677
207355
211310
217184
217565
210791
200713
200084
205549
210819
215313
206286
202228
224542
199740
219175
221820
199287
213108
200506
201255
197353
209755
213707
196406
208767
190025
208435
200575
205491
204462
209589
191242
193709
204773
213016
188026
218152
196145
207243
209916
205869
207381
222090
209169
199647
196265
209143
199673
200794
207748
208544
202222
203712
205297
199772
214332
220347
229625
192170
212124
205200
212122
201895
209299
202536
208239
202864
213939
219012
187723
196441
205877
204823
209611
205530
214493
202931
208268
195721
197627
195470
203058
208799
211811
202757
200886
220169
206107
213477
197363
213050
202012
201952
208081
221035
210996
193477
206647
213756
201212
198108
199986
197952
198636
208489
205920
227494
203195
200070
201337
193387
195452
197587
201822
199952
214462
205208
208582
193248
208509
208800
198350
204462
197431
198477
202536
202988
209157
208902
211780
204638
196625
199338
206194
203955
198401
197883
205240
203814
207737
203157
196934
200874
197486
197884
208567
204642
198185
197009
194717
219899
202174
206176
205708
205850
198098
209475
200374
220756
196975
193496
193108
206958
218424
216791
207405
196016
197358
196488
193805
216502
205511
204268
196941
200644
201420
203511
223732
210249
216554
210623
199113
218342
220957
209434
204326
199265
208363
185499
216414
212302
197799
210753
210450
218197
218424
213476
225636
201501
205239
202633
197909
193448
215651
199206
203495
197950
203210
209177
204630
210835
201045
218926
213054
217867
196224
205234
198876
206858
216326
213857
207220
204540
229622
200608
199592
221194
216544
221902
191660
213518
208744
198009
205097
199211
214095
202295
200632
211354
209255
199749
219818
207557
212222
198111
202375
206306
216161
207073
206678
205819
208734
206049
209427
205055
197478
204926
210344
221117
209463
198447
217499
210620
199625
216766
202587
197827
209488
206935
210981
205581
193092
212288
208845
202171
217008
197131
207141
192234
210145
202297
212060
202751
215526
203586
197954
213344
199603
202554
208737
208143
195115
207683
208707
201709
201019
201566
219342
205021
202331
204801
212034
199484
216373
204715
205391
218055
207815
201062
196591
198797
202863
208268
203773
205340
205513
187845
218065
204115
200841
202355
203765
219889
205444
204845
209533
195584
200148
194588
200562
212591
210433
206786
210636
204923
212512
204131
201163
205781
202804
195912
218356
203330
197245
199773
199786
200321
200602
202862
193903
207513
196976
201461
193433
209006
197440
198686
193433
193261
196478
210980
204845
198491
211399
195122
206311
197662
195753
198442
200403
219353
217415
198370
200968
212819
194194
202936
205394
202180
203299
213399
209142
194410
209412
209529
200966
202635
208546
217770
219374
201681
193852
199569
207263
210917
205713
199995
192641
209900
194139
209506
189491
211012
200730
196490
202248
213976
192811
205528
203023
198382
201484
203552
198817
202596
211182
215228
212781
224261
212157
198189
209829
206468
211179
205616
208759
206228
227290
197394
194115
193960
213193
205180
206644
199973
194943
219298
202038
207298
193737
201270
194602
211221
203703
207543
190627
187187
204359
201116
193457
199910
205836
227767
216251
198514
198829
194722
192196
198971
204071
211258
206548
209678
190837
205648
215254
200549
215226
205003
195096
189040
200460
195704
201842
198499
194861
195728
204112
203595
187089
200747
192012
215882
189895
203990
200515
207843
201270
211444
194551
203436
194223
201360
203224
205738
202800
196300
198909
202909
192436
200443
206848
205414
206584
190019
193544
193342
196845
196458
201287
197103
202667
204382
206310
213224
191617
200350
191209
195549
206060
206337
201404
204708
209086
194434
183165
195483
197870
197534
203466
195677
211121
209471
220268
204849
198879
189808
213560
192464
199942
187350
189703
195992
189919
199100
186710
212314
198073
198205
194243
191296
200429
191971
199915
202154
201135
197218
194210
209483
201365
192091
207790
198769
205576
184780
203556
214637
189260
206294
213317
191858
189967
205620
196003
191717
194904
209926
195166
208695
180774
203291
197109
197682
215184
197168
205835
205135
200480
190163
189553
187918
196630
202983
189983
198415
190227
191655
187781
199631
217242
200849
196797
201244
189769
213508
198193
211997
205584
204043
201165
198676
197048
196101
179772
208327
193440
199660
204078
195295
202682
201618
198915
209060
204367
196649
189886
192068
194760
200736
223483
203622
202810
189376
206672
196455
212371
198154
183063
194548
197194
195815
200693
194085
193135
188457
201081
197288
198967
195590
190927
213980
201251
200638
198484
209382
196463
199698
220579
232401
234666
220231
197621
194476
201791
208288
207696
206786
203779
188723
198515
181725
200189
195444
196634
192659
204388
206752
194723
194604
202062
197973
209230
195877
186028
190257
196618
198129
199201
188514
195173
203443
176713
205058
188020
199232
201707
206907
196994
201486
188699
208169
198504
198420
192505
209859
211435
198136
203789
210017
217590
191512
190212
213631
200990
205494
206127
193699
196920
198390
190928
201583
184339
191107
205017
186442
198155
190255
197684
193109
195700
209817
187066
199370
197069
184573
198494
207508
195193
198323
196538
211163
198730
196253
201526
184698
218068
201862
193957
195655
184148
208189
186303
200834
184982
200747
195125
195525
196819
215060
198816
205414
206340
195122
208352
205889
213606
206161
202119
193143
213853
207161
206031
206818
200084
201516
197345
212748
197648
196611
202051
199364
202582
199777
191911
210038
209444
195428
195822
209449
195609
200518
202592
210802
203111
205336
193814
186243
207549
207131
199275
207110
206635
197613
217052
191396
179452
188235
189536
187208
199041
196834
191109
188559
200036
207474
199150
193556
202070
206603
172272
199290
202077
199813
199151
202155
184440
196331
196086
198394
201994
201689
198430
194166
198659
193208
204389
203031
200373
203327
191353
196138
192738
203717
208707
201556
200053
201690
195767
197998
192640
203068
195347
205523
210684
186842
203537
189004
209432
201785
221845
201360
199210
204514
198846
196574
201933
193295
189788
192415
200872
201139
203212
188373
196212
202884
194971
207618
192132
191279
194649
203420
204636
189826
202927
206999
185680
200246
195818
200268
206188
184446
202052
193942
206549
204339
194423
199175
199696
188599
211035
191676
178138
192788
202237
205495
208005
210186
203929
199502
196000
200691
187529
206471
184373
194689
197617
209236
193644
190891
202186
204950
193634
192629
191837
199879
192782
191692
199525
192306
210580
193485
191459
196034
199311
213717
203659
211734
211287
205607
213204
209113
210553
212060
214150
196927
207758
201123
207610
220770
208602
210857
199559
220443
223245
208195
217840
217246
214146
204720
195491
185702
195511
207412
189344
188226
190975
205029
192159
181157
193997
197454
194107
211483
196520
191963
210874
202802
206875
207882
192377
196827
198948
201796
191597
197880
196296
192187
207770
209677
194782
204572
197589
197882
198102
195787
204372
194792
194476
186600
192503
202123
204633
203520
197685
191638
195246
197532
200941
195991
195324
190952
202313
195729
195323
189588
194972
192555
205869
192840
198540
211322
186268
203339
185030
211039
197615
200229
196677
191003
191854
195678
186913
190897
203160
195178
193992
203557
192050
204719
203404
200564
190728
199283
205646
187498
199213
196279
193199
189353
198690
204867
200683
194351
196227
202617
195241
209876
195407
199157
192286
195096
189914
198728
195348
190022
185344
208176
199335
199506
181713
201998
193165
197802
199247
178135
204157
192619
188481
202380
196145
191024
206102
188373
209974
198762
197723
196921
191998
195048
190683
182444
196010
199721
192837
197457
185895
183944
203555
195370
193226
189103
203804
190431
195863
202420
203420
198966
195164
210883
200081
217653
195524
186400
193793
206890
202481
190002
192611
199544
197547
192718
206409
208787
200914
194575
199509
180137
201034
204929
198452
191990
185476
187562
192836
201019
208415
197826
217146
197769
192533
201122
187028
183807
203652
200592
217985
194824
196139
190083
181192
210056
192638
190995
194853
193762
188860
197432
195618
194109
181009
210564
198949
193748
193483
201502
188288
196904
192339
187942
199364
185190
195061
195909
204246
190183
188575
176497
196448
182728
177643
192778
192088
188972
185975
187899
194957
197327
194242
184397
182508
194384
210160
186994
197017
195294
190948
192844
196763
190900
199109
186242
181754
197952
205801
187968
192634
197788
194212
195414
200550
182887
199658
204092
188287
189348
199411
200808
198629
193634
199091
183233
194593
193033
186947
188107
188211
196766
194345
200982
192491
183964
201153
194263
192381
190953
188041
199117
196458
201076
182354
207737
190631
202497
193464
198399
190339
185649
196492
195743
201482
192086
186424
194016
183331
192977
184382
193833
181105
190143
201534
203673
195710
204068
195407
202395
195356
200321
195963
196432
195011
191046
199827
200359
192424
192241
196485
189629
191753
195376
185436
203404
205428
195052
181171
205906
200935
189168
199490
192710
190449
196294
193837
196513
197062
182674
192396
195436
183947
189638
198698
188455
189271
203106
181351
197492
183460
186254
182730
193765
191155
196843
195927
188652
186505
197230
195145
190819
196367
194673
186648
181629
187824
183571
189289
189545
191941
188854
180887
201464
192317
183422
191057
191388
202751
200588
198393
184128
185468
184715
190948
198425
192540
191738
189208
196740
184666
187294
200529
197208
194147
198877
192238
203816
194263
186007
200076
193932
182738
184335
200335
186214
192083
193318
187187
187936
194241
188492
187400
192589
197076
198786
193369
200776
186907
192400
189999
174065
186699
193710
187886
194139
193781
188839
198229
195249
195507
190745
185224
192162
181217
198916
185823
199836
195740
204698
193962
192648
186164
186382
185573
189930
196207
193412
206175
181647
195201
182928
181586
190825
188608
189609
174235
188907
184443
191789
196509
187074
184258
193181
190723
191498
182250
182819
186020
188705
189097
183275
179513
189522
205810
205519
186829
189900
176525
194216
184435
196789
189962
187362
199708
186959
184627
180109
197022
187436
190528
188164
197713
187106
187036
184154
189628
196957
204024
182270
198611
186193
203046
193528
193952
198223
198945
184343
189235
191710
182978
184828
200357
181662
187516
198171
184763
192817
186481
195000
189696
192943
187499
198000
171515
187587
181333
183274
202287
191084
199137
202883
178568
191485
192506
194390
187267
195046
183759
189567
189314
185181
194612
191090
191925
183319
189688
198181
207465
184882
199245
202074
188702
191760
189081
200995
190503
183810
183703
169740
195876
188984
186189
188319
190486
187455
189818
203876
186726
181301
190853
208507
194933
187822
185253
201196
197140
188225
181031
197042
192000
188111
189191
198122
197669
194336
199404
197291
188621
200168
196585
202679
184027
185278
196390
178708
191230
194957
192269
185770
177641
183236
194064
199611
183127
212074
183709
189543
183044
181343
186325
188787
189136
200604
185918
185467
195548
190933
182509
193631
183428
194319
195534
198369
186483
204970
191756
204793
194058
188910
192929
186467
186712
188760
187229
199385
191486
187975
179354
184731
187619
185610
195947
199842
183780
184194
191157
178091
200152
193512
197813
190235
186179
185207
190863
189937
183799
193575
191540
181240
201411
192512
194140
179815
194639
181547
186964
181690
188938
189011
180171
185529
197940
187622
201364
187762
186148
183312
197223
171653
183861
192562
179665
199939
178822
195243
191389
194492
190591
193515
207346
196954
176853
181397
189658
179770
183594
196473
174735
182507
185292
191652
187808
189526
200208
189996
195592
183657
188648
190195
180303
189239
182588
195725
187301
182628
194062
190447
173419
181617
181151
186730
185574
176900
181896
195552
189684
185329
178988
192730
194155
185242
179944
197072
201760
194696
182516
177123
187966
182990
184206
183761
184073
171987
188599
182051
187374
179864
185818
192672
198273
186765
180901
195034
182222
180892
198517
196844
187075
189148
192010
194501
183700
187667
195377
193948
190178
188824
191309
187074
191840
194283
181035
186930
182820
192960
185444
185956
190373
179359
177437
183838
190145
205042
188354
189091
191327
183373
171054
202845
189200
187038
208706
191287
191223
185384
185010
197264
183693
182474
182359
178672
178585
182990
186987
194188
187458
187585
190399
179228
192646
183676
184504
187072
180533
190461
178627
186337
188948
189055
187144
201900
191587
180931
183165
189439
197892
187575
204030
187389
180028
175534
185972
193669
195289
197037
172213
183254
173986
173342
190525
183148
175769
181240
202252
177340
194754
183287
183880
194706
183887
189978
177999
195105
199894
184561
177674
178155
191061
183150
182667
188061
183181
179931
188358
197299
175799
190453
193882
184163
185947
198345
184717
184038
195511
181455
178868
186723
183480
185925
182693
190406
181694
187661
181622
176848
197953
180446
182481
183424
172507
196634
195589
193505
182104
178310
194569
190244
196258
187762
205483
186883
194667
174298
184032
189654
175484
181912
190431
178985
190858
182707
185425
178206
204658
205261
199350
189560
197845
183904
199731
194356
186587
185549
202392
183643
186994
191633
182912
184346
186404
186312
187691
195191
188926
187423
199191
199170
192951
183388
200728
175282
203896
176800
193573
178229
202103
201241
177764
179521
185605
200660
192305
195350
191337
237068
231901
184197
194615
184758
190672
180359
185112
191109
180723
183269
185159
188991
178232
195552
191066
184939
184036
183351
187744
196208
190574
183065
190502
188579
193084
186691
183716
188901
188342
196208
188202
177058
185430
180120
189670
184696
183430
187361
182090
183354
181792
202615
184755
201817
183222
193485
190179
180590
182862
190297
190187
195897
186759
185195
178371
183445
176465
189843
189406
186017
192211
197143
185229
185147
184695
182785
196898
190399
174324
189102
187142
189145
193060
192390
182312
194122
187344
181709
185919
182081
200936
194897
200131
177017
183320
182267
183566
196589
177941
171682
191068
181792
192279
177655
190402
190680
193937
185008
187335
189481
182639
178695
189577
178855
184349
181714
185413
188614
181824
177523
184762
183777
190325
173138
177149
177839
190919
183907
187238
184374
174171
178587
178393
195769
175456
177175
175894
177527
186245
179989
187083
188907
183187
181004
195283
203761
185669
189135
183971
192607
182831
182373
172862
175321
184988
190774
174693
171764
193788
178735
182050
177543
196320
191600
184723
190321
174220
192766
185235
195283
186743
201881
186277
184802
185600
187548
194818
181504
190143
184203
199285
188062
191024
189104
197050
170151
184008
177146
189986
196820
187269
194328
193327
193426
186461
183519
175916
186496
181655
189770
180867
186994
182772
177622
182424
181409
190411
178147
171158
182256
176727
185088
189893
176913
192650
188083
188468
188307
183170
181793
179688
194871
186041
187625
194006
187145
196325
186171
184506
179336
187674
183300
192335
184447
189783
192567
183271
182185
185100
191243
180296
201204
190054
189560
178456
172719
176324
185538
178735
191388
182454
188333
200860
189305
185147
181241
186108
191200
176639
177358
185170
191831
185098
193814
186303
195277
190401
185615
184018
184827
186013
200317
180124
183348
191525
186988
184842
184103
176247
169646
188552
184059
184204
187077
174184
176504
177453
191444
188992
178863
190411
178042
183802
166996
178852
189521
195686
178707
173153
188030
178042
178233
187197
192860
183929
187696
172630
186919
182241
182432
177454
182897
200766
184449
188427
166635
188675
176679
188338
185001
189587
189364
190861
198525
175221
166935
179856
185535
183608
188427
182969
178789
184207
176951
166647
189008
179191
178833
181040
193474
182267
183345
188949
181987
188744
180571
183049
184575
183058
194678
187800
186161
189951
199818
175123
184674
176695
183985
205450
176378
185631
190314
177861
196373
186544
177069
188496
178633
177422
184011
178309
174989
181534
176738
186846
183480
189402
175353
190079
178017
179058
187756
178839
177189
189686
181181
183707
187200
179614
192205
185611
181087
178516
187709
179240
181497
189007
183097
176799
192043
175110
183717
185422
198821
189497
179285
194756
200281
191027
186020
180695
183075
184953
187888
185384
181783
189747
182286
189902
195428
193937
186035
193659
175893
188250
184816
173671
185769
191978
182418
186824
173789
187306
197957
185468
182928
179980
180629
188352
187369
179618
185396
187683
181427
179772
174140
167771
185294
182539
193812
181118
187636
179127
168513
183866
197045
187152
182207
179578
179042
182345
188209
187530
174322
176078
181847
181179
180341
172219
190826
179159
187913
195822
183693
195466
194981
185613
185347
177787
171871
184164
184022
174139
189782
186939
181321
194205
187294
178496
184553
178799
164818
188020
182734
183247
182344
184635
179490
188324
177786
178200
193538
175458
184110
187664
170657
184306
171781
188565
175786
179343
188636
172953
178533
185540
175970
183417
191765
193099
184178
196815
184716
185876
192608
179531
203910
180720
201416
188445
181030
174327
181996
190142
189616
188604
181684
180469
195724
185466
194681
180136
186833
179531
171462
179614
167403
185312
186388
174392
172250
182616
194236
198692
187458
181289
180842
171049
181743
175126
174773
186244
169487
179277
170494
178242
179272
184672
191556
175411
190833
172885
172565
182507
179146
184500
186516
179338
176377
177783
182646
175822
173059
182760
178512
183612
189994
172054
176722
189875
204915
193050
187466
180204
193304
192266
179654
187777
183509
185533
178554
185931
165628
182424
176648
178366
184577
171718
189890
181842
177464
184985
191448
178480
182706
198557
189520
188375
191746
197917
186203
170144
187577
189283
184865
181252
178598
187080
180960
170810
185930
183687
188427
180114
182561
169689
183864
181088
189521
191426
177353
178641
176337
184407
188743
195917
171345
176329
194352
174154
176752
172361
196327
180813
187343
173683
173400
189237
177178
174044
187241
179818
178124
181910
178713
181318
180733
179373
187991
177213
184661
185832
194059
190562
181596
186021
175884
190127
172280
197142
195956
189450
186667
182138
184447
183377
190453
185216
175066
177143
176325
180039
175947
176340
196050
202724
182022
170241
188714
185183
186426
185535
193489
182213
173851
191616
182856
175606
181861
182287
185202
174086
181691
196137
189403
174611
182686
187049
200102
186562
175872
172008
173411
178579
170350
177804
185656
175000
178176
170984
179475
187045
187288
190448
184632
183869
193073
185652
186069
187461
191331
183268
186263
193547
174344
171996
185484
193222
166986
206967
191414
193453
175829
180944
189246
177846
166545
183016
177298
184019
173366
180852
176406
180695
179483
187083
174895
186558
186441
187251
199726
190942
184670
178317
183847
184665
177414
184988
174246
183191
175850
177597
177475
189867
175962
193978
171259
192918
170336
185828
180678
185586
180168
175851
178533
182056
171501
176371
164558
185907
186896
182966
176066
172936
189571
176404
182429
173039
167150
180716
192781
182701
182502
172242
181274
176672
183627
179867
186970
192281
170900
180970
174924
172816
171902
184732
171143
178937
179653
182027
172395
167937
175142
169526
176124
175911
173263
174159
181377
176133
171837
184899
180303
183953
168467
175622
168043
187363
180374
172132
170551
187865
172664
190694
171492
172897
177373
179848
178758
176041
177722
183176
180953
174789
187119
181519
172843
191518
179514
170342
177019
177826
177475
180696
182979
176278
181149
170913
172824
181204
179389
180854
182935
187808
168716
172998
177905
180696
181058
174086
182217
182616
181742
177760
195658
173746
179175
192858
179048
177925
184277
186402
190303
184341
172888
174945
180311
179373
172535
171897
174573
177555
175154
176244
173413
191416
188637
171528
175592
172181
176564
192115
183586
186530
177125
173466
183744
177221
177662
180158
182698
175718
182277
168310
186068
176836
164054
173706
178044
181088
176725
176150
173735
182796
179891
173481
187346
177647
183851
180610
183774
187066
178409
191985
176143
183614
178374
194657
170510
176373
165858
175173
169055
184355
176379
183645
177554
180132
182560
182287
175998
177811
180125
185957
188455
174727
181481
175005
171867
174639
170358
176535
182293
165499
179721
188655
173031
172301
173214
166691
180701
172694
170193
166042
175310
173785
175818
176210
175409
168313
180649
177669
182943
177731
174901
183656
174270
183621
177566
180081
182461
171553
180109
174147
178549
173767
169174
184520
175489
174971
189734
173350
166654
172724
183765
173580
175848
175532
176909
170192
178760
173656
176740
178869
178609
183083
184691
180384
176437
185363
173071
175564
166925
176119
170295
177672
181866
172153
174687
184028
172271
176494
181141
184194
185749
173921
173535
183321
176328
182316
179034
177373
169308
178655
172689
180565
204575
211555
198820
205270
190767
176826
172145
178949
181840
169060
168713
179456
177900
168081
169368
171392
169316
180215
179670
180176
171828
182591
181242
178161
180939
166293
168247
185586
204602
183409
178215
179638
181849
183728
190457
175091
170900
177748
183189
175713
187864
182359
182049
177777
186546
177318
175919
189928
175864
179016
169964
181954
182388
173475
168191
183086
174862
173874
184846
173978
175906
176381
170180
187456
174338
164090
170801
178503
162616
178125
171064
176816
170507
170566
169112
178556
179916
179814
166520
162683
178832
179759
188200
185162
172993
171551
172033
177104
176603
179230
182050
191422
180788
175995
178757
191580
183640
167591
169394
171662
178545
177555
167246
183762
178296
170785
170334
172454
164073
169833
169784
179279
176926
165409
165070
179280
171836
178116
174412
175621
172871
181274
177394
165496
182439
181108
172155
170669
172035
181177
159530
189561
176874
164134
184672
175049
172806
182782
172282
183607
178557
178580
165656
182583
172487
175683
181782
169414
170615
179809
173359
194505
173435
179522
177812
170607
180262
174768
175665
178526
201415
171176
188418
189398
169996
206848
203002
167254
161580
172090
179417
177981
168544
175697
169661
170438
177820
176193
169938
171527
176951
174750
172557
181016
180738
179004
177009
181719
172320
183055
173274
184060
173095
185955
187125
175181
180616
169217
172582
168939
176452
179955
168654
198451
164027
173211
171317
154860
171938
185125
177919
177981
169250
159200
185122
183656
168235
176952
172510
177254
165366
170575
173677
167922
176706
168101
180958
177907
173841
171543
171498
177055
187250
167634
171665
176603
166248
182518
171441
189088
160140
164956
173438
174248
173619
166109
184517
176635
172616
175287
170747
170926
176174
164204
167837
188717
177179
164554
167813
178843
173168
181772
185475
205910
161549
174356
187606
173806
171535
175842
163873
176733
175048
165295
179335
183595
175391
173457
170488
170724
174449
164119
174203
191313
173973
182154
173682
168841
161596
181326
185506
169783
184611
184033
167446
175984
171608
173705
165778
166844
173241
175384
163489
170932
169274
177414
168105
167315
173987
179455
176208
173617
171754
178558
180012
174149
179033
169833
168328
177428
170646
178578
169405
169290
170316
175848
167218
169227
173453
167088
162766
176432
172636
165199
177767
184575
161004
178744
181891
174351
167200
183671
184788
198684
175351
166954
170955
176488
177086
170614
182532
172430
162787
159193
169775
161441
178175
172911
171069
169169
174957
193569
181198
190067
167419
177229
172921
178602
179326
174400
170454
178027
167009
174857
176010
169969
178284
180569
175482
176858
173807
185800
175590
168002
179454
168707
175228
174965
168928
180976
179921
168817
166494
165433
167123
181113
182835
170658
174599
170920
167329
187624
167326
169490
183992
185264
170544
171031
176465
169155
176332
171385
173613
167699
169848
174240
174207
168907
158708
181540
170400
173640
174069
160239
169726
170320
168924
170913
179076
170395
168070
169346
162475
170348
178102
177502
172797
171596
190826
174521
161278
166918
162301
183530
167378
181192
174283
179088
171484
167772
179219
171642
179549
174470
173932
181641
175091
184100
176741
170360
171783
176208
165056
167625
175506
171338
178018
177870
164234
168666
168358
172500
171930
179535
169105
174734
176007
162196
166715
175325
161102
165867
176167
170270
170532
170974
173305
182008
175442
186264
170556
177315
179639
170660
188277
172056
173778
175883
165079
169315
164263
175894
163309
174277
172443
164168
165170
170019
170346
156951
167274
168526
181559
167328
176974
176210
172539
166740
174521
163335
183639
169520
172269
167259
178346
170448
164982
175598
161811
176766
161683
169817
184535
169630
168994
173461
170387
175902
184729
171069
167043
169686
171646
175261
169238
175568
169948
173573
165449
192563
169333
166287
165633
175256
165265
187320
178154
174140
176691
196490
190543
202102
163967
168832
159557
161922
170872
179019
174013
165154
203529
197579
197692
200697
159514
199962
185513
170455
178465
177299
174809
174001
177259
167536
179302
172604
169175
171607
165436
175715
173020
165868
168875
166128
169918
165900
167163
170364
161675
178237
173363
182064
165839
172757
170382
174003
178881
167904
160687
182091
163797
195514
199846
197284
193905
196366
192555
197523
197042
201776
206182
197179
199167
209408
194123
193796
195228
201639
169641
163203
175586
179177
168349
172534
166393
200579
192752
189957
200675
207401
195351
180303
167816
167844
171990
172633
160418
163973
170262
172105
171640
190346
207621
177925
169450
165794
169824
172188
170487
164548
173012
176152
178481
172240
167234
173443
169524
175702
172338
178347
166609
201848
203651
174344
170052
179473
173777
167903
172984
169815
171695
173814
178277
185182
171307
176268
183236
175721
168432
198980
170274
174502
173026
177338
171833
167310
181862
175157
163360
166518
195824
174710
167226
180355
172185
169989
172445
162340
166061
179352
208108
205716
199142
199149
192680
199013
201851
203120
177761
167523
170868
166461
175026
172816
176205
175992
174558
187032
172242
180382
159192
164432
174483
172561
173035
169159
171429
173983
168320
173292
164385
164904
168991
164737
171385
195084
204051
192230
192222
198421
197802
206711
172709
171908
166424
173697
174377
160777
178482
159821
170458
164987
177074
182463
162559
162746
170790
172380
166616
165650
168570
165371
171638
170144
173367
169768
179775
168091
171276
170513
165572
168538
161630
208574
209521
201043
167135
174644
170971
175705
166781
171751
178836
163748
163135
160667
163551
172023
211782
168380
174281
160313
211482
193668
174165
161970
174397
200368
163546
168194
197426
210071
193336
173400
171116
168887
169924
170288
163415
166542
172350
176677
160731
171240
172350
168762
168926
184019
177175
175051
160018
167958
166432
164658
177863
169564
157828
177663
174321
169424
168376
175535
184168
173345
175112
177802
167338
165438
174023
174578
182854
179605
165850
171806
160091
176922
179398
162444
171333
166378
172051
172285
159160
175146
170007
172532
165487
173967
180847
177848
173017
179186
171644
171794
172353
175205
169400
171516
167150
168798
174037
170713
164344
174039
171412
177488
171972
164318
164911
184165
173246
172729
168264
165937
176357
175947
167976
169889
169684
172261
171363
170467
172735
171089
173475
164760
181668
168313
168333
172787
169555
161834
164665
160797
164271
173551
169298
171906
177489
168516
167500
174952
169181
168181
166314
165037
167598
165173
175471
161458
168967
183872
168886
168133
169890
163122
170249
162894
159912
165996
178567
164385
159499
167053
166160
170188
170732
155179
157846
173734
171434
194083
177604
174205
167015
161947
199472
206026
199363
169263
173543
173566
172731
201985
207728
192106
168688
168852
168976
167053
160191
174279
166941
168818
162884
171319
163133
161159
161815
160284
160442
167665
157778
182866
171364
169306
174259
169042
164790
167516
174490
162503
175956
163253
158538
159184
155398
160073
166843
169548
156068
164953
163139
165860
167641
167915
167167
165388
176903
165394
162532
162279
174833
170053
161055
159312
170495
174858
166302
164285
173676
179744
163843
168661
168154
173528
169492
164706
160369
164846
169610
167799
178052
160644
164513
167368
163431
179737
178031
174133
166809
167109
168544
166279
160844
165104
168062
172106
157746
163871
162784
170035
163090
169059
169848
167732
177373
156622
165512
171518
165634
165805
169426
165251
164438
171292
179240
165991
162548
171270
172997
166150
168494
166352
165187
164024
166314
156282
173734
167372
168365
168088
167623
159149
166377
169270
165822
169396
167770
157121
160848
164515
164506
168407
162499
161333
166882
180398
168416
163217
160209
171923
154027
171996
164307
163534
161205
164481
166517
173505
166939
167143
173899
163535
158596
167528
159593
164782
164770
159528
167932
165517
169229
164890
155157
163569
179193
165231
164018
165709
170788
165510
172327
176234
175622
164425
165935
154387
166209
165338
171573
170683
177751
160663
158618
170442
159151
160212
160913
159175
174944
164291
157747
159079
166703
164885
163891
185227
169570
155609
168068
173395
172062
170658
162886
169675
153796
164722
169892
155595
168755
168521
161593
167420
165334
177605
161942
167302
161388
166837
156506
179078
166791
165733
170268
160299
177187
172372
165621
161841
158659
170622
158117
164931
161862
160899
169978
168908
166230
167049
164706
174997
157266
159806
160782
160128
164407
167306
156277
168997
172275
163651
161415
162861
170287
173351
160938
156411
168000
170879
162647
175796
180428
161230
166052
171711
160339
166835
155565
170690
155981
166350
169675
167801
163772
159241
162886
176660
156855
166379
171156
156514
166371
166750
170493
162106
168368
168862
165578
164832
161116
168228
172603
163762
169941
170557
158463
166935
161045
157835
162193
168547
168504
159848
162753
167127
165353
162566
166401
165881
164665
166341
180648
163486
168343
162486
167675
162498
161279
171071
169099
178365
155162
153404
160015
165492
168588
165259
163944
158919
162415
161644
166536
168712
158479
160727
164894
174215
164711
164062
166884
172214
161405
162705
162181
163084
158453
165281
161304
163294
164003
165469
169999
156857
159141
170352
167711
165564
167391
158818
159105
164766
171899
165466
163910
158632
158464
162499
167907
172038
164254
170966
171942
159440
154520
169774
161529
160599
177670
172311
155582
167007
171095
159917
163360
167383
165211
176128
162835
163895
157178
180431
164218
156029
155795
164559
162473
169109
164456
179015
160581
157564
158496
160806
169325
157403
157147
157925
167277
167159
162389
161466
162355
165091
170525
162533
160114
162886
158082
158701
162041
166454
165468
167936
169720
161288
163172
161455
155264
156830
156804
171291
156671
162464
162442
155358
168240
165440
161905
161217
160069
166399
159876
161598
163814
161512
166321
161945
154449
163521
160723
168146
162316
166513
159125
163793
165802
164257
169162
158945
164637
159348
153929
162442
163382
164254
153587
163421
164414
166073
167835
164995
160056
157770
170226
157895
163029
164101
167087
162231
161712
154447
155737
158385
167366
149957
160314
165700
163678
163939
161310
155622
169553
163737
159455
172863
155885
160275
165603
164393
161520
167962
163375
160965
156817
164614
158314
157049
164583
159134
159943
169973
162937
164266
163831
161656
159554
165107
154439
170938
158817
158664
155415
163683
153918
171936
164164
164852
161884
154216
163001
161343
163635
166382
155516
154203
165745
162764
153691
166153
154390
158038
166562
167141
164849
169254
159104
158165
167561
161844
158361
165431
176123
164488
163132
161505
157837
164807
159680
164764
159455
158802
170747
164190
158386
166964
162466
162950
152732
168820
158845
151629
168880
158267
157252
157952
171252
166704
164797
169083
158600
159539
161121
164453
154029
160111
173220
162486
159308
160033
157566
157857
163528
178034
159443
166394
166100
158311
174163
164012
159818
161237
158969
159176
168186
161887
158564
159380
167406
155173
161470
162521
159296
162555
160772
156468
155890
167787
162911
156807
162245
170955
162067
168835
164264
170054
174920
162510
159296
156278
168551
167460
158071
164690
164162
155770
174412
167133
158198
162254
167274
157167
158745
157871
161775
170359
163297
160390
158073
157310
160889
157843
167756
163241
165704
155999
155332
161362
155368
159564
162293
166139
158364
162878
156095
152348
168899
160601
160355
170025
160780
166166
161703
170757
166856
160255
168849
161874
156339
151866
166127
151085
165349
159662
168476
160858
159993
167276
164618
163365
165635
159227
163274
164855
166790
157770
164267
172491
158962
161926
160136
153744
168642
161279
164236
164245
160773
164286
162638
162209
156473
163531
151257
171157
198041
165986
165683
163273
168040
161674
152696
160835
156922
178540
170352
156689
161519
164653
152867
152447
214180
157888
161493
163802
159133
159769
155054
161061
166316
160291
172743
172191
158323
159056
159710
160822
155600
165087
166133
156103
153642
151226
153231
161294
160991
169463
161375
164110
159837
155846
160730
154653
160991
170391
157880
160871
164400
153620
171364
161110
161819
153454
158886
173591
157237
165515
158779
171312
163029
160684
166815
169355
162878
166537
163605
153776
167981
165147
153632
167750
152260
163809
148285
159065
160795
165892
155206
161515
163936
157422
155366
155007
159260
162589
153832
163469
150490
150658
161058
160456
164243
157303
160741
160502
156659
158313
158519
153740
163678
165116
166500
164905
154002
169555
168465
165712
156040
164772
161509
164009
149561
159510
162165
156890
157928
168039
150669
163722
158896
159062
167861
162000
160072
156190
161290
155332
162142
148608
164904
160133
180190
161068
163403
165557
154831
160817
163363
160861
160051
161666
152923
163980
153957
166702
157389
170909
159918
169358
163403
161196
170608
155269
157481
162226
160331
158207
159067
160268
169131
154436
162396
157318
163994
156312
158390
163685
161407
152934
157589
156622
163138
153206
159233
164007
160629
155326
161311
179281
157056
160828
158063
156896
168576
160794
149930
163712
161995
152353
168469
162200
161957
157731
158877
163605
167237
157390
163541
153308
160723
160415
156630
166047
170171
161045
157863
156149
161528
159557
161132
166499
156115
151910
171547
155717
153354
154219
160321
163132
161990
164891
159392
157604
158299
155194
156717
149044
158425
156510
158743
166591
158831
164844
155815
162138
153962
163304
160831
162475
163398
158000
165565
158032
154322
157477
151267
160811
157374
163859
159618
155307
159916
151627
163374
162399
160254
160096
156868
160410
161977
162976
173086
176625
154993
158259
159644
156102
159037
162397
161333
155577
160499
161798
159840
170598
163109
154828
154737
157881
159747
154365
153922
162343
154809
155560
165349
153409
164573
158680
160350
158477
158162
156476
163995
167173
159955
161433
164055
158055
155315
162524
161261
155960
162961
164394
164631
151660
156654
153124
162373
159743
152767
158762
154919
163417
160133
154752
160413
160529
151766
158855
150657
155366
159715
161904
155258
159766
164158
157224
163711
158992
152710
162273
163276
176200
166230
154897
157441
156382
151939
159886
159919
162867
155057
159106
165137
166541
161134
170770
160002
157969
160272
160639
152963
162034
162664
157977
163069
155810
158507
160196
159428
158036
161963
165294
159106
160067
154252
162371
158258
159234
157795
161964
169234
159077
155699
156954
153815
163552
155201
150373
153860
155308
158928
161393
153978
164245
155178
163462
152822
168725
166736
152150
165141
156069
161390
156514
161628
157002
163580
157232
159034
158779
154762
163592
159865
160841
158499
157803
151316
156848
161144
163969
158978
156767
156933
164077
161510
158235
164000
157724
150970
158169
155362
160113
153399
155706
163780
159272
155818
152738
165373
161058
160920
150008
160631
157096
158550
164082
151526
164668
164637
155681
165831
160924
155454
155771
159899
160675
151161
160406
162206
153339
169312
160864
158521
160206
149366
161546
157365
153727
160209
151671
150568
160937
149217
166568
162511
163226
170093
155227
152113
155391
160670
155443
160232
155530
159138
154183
158037
163527
158897
154593
167051
161268
157772
161638
150726
175536
158682
155420
164000
164746
160361
153249
160941
164084
169738
161529
154793
157830
157597
159204
160455
159205
166497
163327
154394
159173
158777
170546
156611
155308
165764
161961
154980
163125
155504
154600
152526
156295
156274
160002
151975
162172
157826
151935
161327
159307
155630
160774
157189
154701
157137
158730
150762
155570
160926
159447
162811
153265
154584
160243
158749
160824
151616
164732
163122
154470
159445
161508
155500
158928
159730
158366
161853
151546
161750
158964
152873
157390
156711
151851
154558
152911
157847
157219
155932
163090
156094
158868
171251
164081
157730
156830
147166
158950
170414
159257
159469
160618
157539
157134
159133
154560
163666
159910
153669
155007
154735
151797
160724
158047
164411
157739
151999
158253
160552
161661
169482
152197
157900
153624
158433
155811
163473
157737
155546
153301
155510
162092
155446
157433
159906
152319
159720
156929
155661
156205
152400
159649
150973
164903
171086
162484
156407
157263
156605
157302
164539
154865
163665
151347
152893
158740
157350
159805
167125
160451
159996
154396
156429
152502
151241
160909
155537
154178
153279
153050
160466
159486
152401
155792
163042
157832
158609
158107
165864
154903
154331
153291
152839
160064
151738
161614
150082
149807
160989
154511
151611
157576
158319
157478
163734
170879
156577
154516
157524
147992
158263
156790
150357
154041
165888
156652
159905
157216
160070
154158
159435
163741
170602
157381
169676
157141
158375
160164
160662
158550
166118
150587
155746
150080
153864
155269
160201
162282
158166
159415
154850
154219
153569
148718
159009
153909
167591
159406
158822
157207
163520
148130
161485
151664
147771
154322
156111
163160
157440
162411
160060
162692
164908
149714
157939
159959
161398
158721
160127
166686
157782
155805
166772
150951
155578
155443
156604
164683
156794
160038
162784
151744
155952
167225
155794
154665
160049
168982
158020
162844
159408
163551
153485
159364
163808
158160
169620
161481
163076
162031
167245
185191
186097
187918
154979
158331
157161
155710
155774
160587
161863
163215
152181
189548
156145
182204
152748
169246
165009
167939
160341
159531
156750
162576
152299
158239
155496
146151
161464
172509
190420
155607
156131
155232
158931
155070
157132
162294
161044
160529
157006
148780
179885
176392
167497
152906
159327
163334
165558
156325
154104
176168
154709
154343
162211
159431
161964
159607
158490
156424
152984
160998
154822
154023
191214
189823
191587
201534
202354
168845
198783
188605
196142
167208
153209
158876
157897
154182
155852
152545
175595
161596
154950
150866
152882
156455
158332
150226
161902
157421
156987
161399
152221
159594
156717
157702
153621
157077
166681
153656
152562
159742
154292
160485
158976
161725
162360
154027
150110
150475
163603
157551
152894
156158
155806
157185
152670
156725
151682
161909
155093
162454
154225
155110
163715
153003
152863
156068
156384
157256
162662
157230
153997
159725
150206
151800
160371
155033
159280
157296
156633
160900
153703
152301
151771
155522
152966
151486
151518
154100
161959
157117
162528
160975
151335
158613
158518
157933
164668
154675
150350
163592
157121
157731
156025
161793
155638
193891
178077
163612
166083
153434
195112
164402
164608
159452
151127
152678
159183
161699
150363
159226
160591
154483
155046
157019
159406
158646
163755
168118
155659
168611
195541
164321
196214
195798
154140
159698
198228
179920
150927
163160
166422
160720
163983
154398
161980
155112
154898
159050
161030
154544
157496
161568
161998
157567
167811
161222
156008
150487
153448
185080
199665
159318
160620
154527
155540
199041
153197
158505
164013
152241
153146
149836
153276
198937
195370
200600
153893
172414
159285
162572
157731
159846
200989
156949
155260
165614
149160
157156
156457
153404
152915
159490
160646
157175
154420
158157
160242
150593
157941
196675
194495
159152
161503
161620
162299
154996
153240
202996
157897
161622
188774
188689
154927
163336
162921
161496
158746
162231
153300
157833
158671
159569
153966
152409
163165
155115
151274
156195
156877
153698
155668
161293
152824
190705
188100
194444
156559
159472
162016
169221
159641
197496
160500
159640
158247
153273
161875
166229
156688
153587
159661
166976
195526
160138
158667
158680
153991
156012
167826
161606
171696
174539
172378
179846
196927
179963
167910
192011
162425
175434
174609
196656
194135
165060
158947
163068
199707
191713
153281
166728
194837
194647
159653
158925
163697
156398
160972
157497
158472
152886
157357
158363
159458
158204
150563
154389
153148
157532
153448
153762
161026
153570
161870
154832
151343
151110
152841
154730
152603
164515
155029
147909
154539
156621
145723
154848
152029
157217
155485
160369
146284
150668
152604
165043
158626
165189
152729
152851
153679
156042
151876
153309
157098
193976
153253
153965
155535
151637
154099
155383
153367
166206
151201
155932
192234
203143
154487
155036
161837
156306
163259
150541
155777
149370
159629
152789
151310
196324
208468
203260
204641
150048
157945
164865
195003
181711
157622
156488
157535
193498
199918
206625
185604
200635
199775
193628
152091
160014
176608
165353
154579
152131
161364
162434
197972
193429
153974
188683
200256
175543
165373
179784
159952
166290
163940
155231
158124
154840
160532
162186
168742
198941
180240
202555
191451
170332
156608
158717
160224
159352
161205
151318
159409
157575
155715
156534
155407
155073
160762
157239
154835
150760
161893
154263
152736
151765
160248
151215
154349
158722
156382
162626
152075
156267
155611
152657
154238
159639
151502
154185
157088
154160
157731
152328
152949
156877
154056
152141
156818
153540
154975
157947
154978
158735
158135
154104
164993
153680
157027
200069
153010
150177
154764
155399
160183
155075
161343
157204
159436
158121
155746
158140
157932
159001
155422
154821
160080
157735
152988
161845
158499
180513
204029
193520
152156
155988
156648
156859
155039
159597
154265
153376
155857
151903
152172
158263
150410
149078
151016
150580
154877
156379
150890
148045
162332
155651
157854
163065
200070
205333
156843
154865
155171
153372
150948
154495
151790
153541
156149
148406
148261
157887
154249
152604
154625
152812
155366
156098
156995
152419
158957
157844
153359
157646
159715
156804
145770
157358
157765
150531
153878
151378
157081
159317
151278
157216
163782
160832
164187
196701
157273
159074
162609
157150
155369
152496
159574
151965
155794
151438
157119
150467
155669
158153
151898
155194
157254
203480
157550
159242
151239
156380
154557
153490
156551
196675
200530
154640
158472
153104
159781
161181
166773
158340
158878
157819
153335
152412
153119
154678
155414
151163
160343
150787
166794
165669
156528
204399
203085
160278
160944
157520
151541
153127
166700
157551
157091
155412
161233
155080
154482
147632
152238
159844
159384
157158
149358
162116
152530
154532
153651
154099
158312
157601
159273
157124
152621
156727
151419
158177
155039
150320
147808
151934
170726
151740
153736
152822
151784
153739
153584
152266
153676
160974
157008
153307
153473
155511
153320
153600
155466
163388
155270
155363
152661
159611
158270
155404
154958
155775
156123
159529
157035
156345
190937
208287
192435
204380
159194
155082
148322
192763
152048
151291
158090
162124
154713
159516
158732
162565
155818
156326
155708
152883
192878
158399
159682
152644
160435
154811
161536
163256
199160
161689
162615
156042
154383
152410
155724
151324
153004
151439
156958
157237
154810
151842
160406
149197
150354
155192
157680
159569
152556
159156
151103
156874
160504
153238
152756
156055
156694
163964
156618
158799
153014
153413
153711
151286
162604
155063
162783
154583
153009
190572
194448
154897
161517
155502
155171
154430
154074
157677
153793
151709
155400
157548
157268
147187
157067
153766
153985
148827
154240
157400
160935
152660
150894
156760
158922
150776
153323
154654
155181
158591
155130
155712
157577
158129
165701
160025
150305
154117
158986
154591
156838
159017
151827
154452
158929
151206
161795
164133
161359
168180
161127
164165
160764
163004
162428
149950
156548
158871
158599
152695
159441
155549
158123
154084
149820
152455
152301
156323
152439
151880
159954
150498
155135
159844
154550
153050
161384
151475
158555
159152
153641
159084
149839
156880
156104
154903
153526
153629
155170
153256
157731
152843
154253
153796
158501
155828
154900
147629
166668
154894
155579
159907
151913
150182
157062
157156
153431
157903
150311
160180
150557
158277
156703
157397
150500
153993
189790
160227
151401
156335
156117
161139
158879
159279
158301
155137
156055
155155
156605
152378
204416
195561
158409
157652
148689
148004
154170
154359
149293
158120
156918
149132
152252
154045
162118
155014
157045
157908
158604
153142
154942
153051
152208
157430
152521
158491
156735
163558
151844
156779
154028
151597
155698
150706
151884
159709
160044
157888
152358
157215
155753
152180
154273
150962
156615
155494
156117
154091
154711
154629
159271
156975
158168
151447
152035
153751
161007
157589
152612
151818
150977
157793
155259
203554
158799
215338
203617
152472
154912
154937
155786
155912
154911
161536
155629
150291
156712
158798
161072
152931
155222
153679
151599
156553
154633
150519
155140
150886
157643
155611
155755
156458
154071
159356
151825
153388
153434
153186
154359
151696
149169
149343
155917
156801
153039
157818
159622
196594
154556
160377
158248
153613
154444
157545
151301
156364
151578
156343
161757
160131
152607
153875
157868
151798
150550
152168
154253
151803
153256
153118
166425
155821
157640
155304
153207
151485
149036
158546
160328
155846
155711
156781
153522
156234
155094
157331
152917
152290
156812
160029
151801
152066
152069
158048
162799
154847
156637
154209
156126
155261
153084
153319
155269
156001
157745
155980
150005
154669
158645
153097
156744
150767
154556
150848
152969
156991
159242
152345
154191
154818
156214
157110
161680
159529
153896
156025
156796
157461
159203
155546
151218
161081
155110
153560
160078
155357
155668
153809
154834
153153
153351
156160
152728
155319
154471
160458
155451
150651
162194
159817
152582
154958
157757
153745
156524
160481
159461
154762
155147
158173
157283
157041
156908
150601
153738
155847
150381
154245
156601
156924
156492
153649
155694
150953
153556
159030
157865
152659
151567
152882
157913
159820
157958
155162
152875
156890
158411
154602
151057
154266
157552
149244
153655
153544
156575
156591
156370
159323
149114
156405
161084
154825
158034
152103
158361
149588
156824
157798
154390
154650
154190
150715
154189
159556
153643
156252
152987
156525
155550
154401
161549
152178
156051
149267
152116
152058
152032
155010
155868
154990
154503
154492
154901
152614
150304
156129
155795
152800
154535
155240
154665
156479
152761
160003
154933
158556
154797
153375
157347
157295
160176
152145
156872
159278
159042
153104
156150
154884
153454
158345
152732
151170
149980
151451
158654
161584
155144
151564
149685
159257
154318
155515
152056
155356
154504
152841
153536
160201
157852
157749
154491
153953
156029
157885
154373
155674
151401
151009
157358
159125
153140
152946
155238
155668
156248
158674
157854
155171
155274
154088
155076
158260
154026
154409
155828
155990
153206
154637
158165
157358
155475
156871
163108
151350
160113
157924
160560
160324
153044
161302
152735
155743
149193
152299
154435
156870
158814
156738
154783
154586
159200
159966
154437
158178
154022
158469
154189
162748
156674
151599
152240
154104
155603
154877
158030
162590
153557
154885
154627
156282
156090
157502
152908
158958
154759
152267
157468
157035
152402
154040
154194
157967
154056
156043
158021
165056
165812
154121
155598
157449
154725
152769
154160
157756
159742
151103
157973
157899
152923
152397
154390
151419
152390
158613
158122
159387
165220
158231
155947
155192
153109
161376
154358
159042
154619
162861
153438
154171
153707
154416
156929
156265
160853
163520
156249
158877
154498
156717
154650
166437
163709
159533
156810
165336
177368
173406
155814
154979
153776
155694
159477
155698
161755
151079
157448
168281
160319
169572
179673
171316
150481
153168
163439
157256
153649
158519
153594
154878
156729
164643
156134
156617
155383
155516
156422
153679
154873
153895
152900
154677
157412
155235
156726
163506
155124
154914
154540
158957
163524
157027
153318
157186
154477
160260
152081
161831
153260
156484
156193
155282
154009
155423
155972
163522
158069
153821
160273
156145
159632
159458
156462
157380
154769
163581
184607
180447
172527
164672
158938
154834
166648
152918
157308
162186
168926
172777
180675
157427
155841
160651
155170
159975
161397
180386
168932
176444
161421
156768
155047
152344
161156
160076
153592
157488
162902
157087
159776
153024
172665
169942
161292
154527
162568
156840
155441
160256
160080
156234
154913
158060
156181
155911
159731
157017
153459
154719
154525
155135
157963
158454
155784
161806
182955
155687
161626
154924
153915
155073
166924
186562
168313
161490
165609
175419
180036
170334
160537
157691
161028
156086
156835
159093
164768
157234
162248
162791
160613
155716
158656
185596
174245
174063
164181
175520
165781
159630
157636
158566
153375
154360
158994
181965
154929
187929
163954
156996
180669
158145
156251
159754
156358
158483
155716
157979
155471
158285
155666
159917
156507
193438
199466
157637
156623
165887
158694
156707
157162
155993
160685
159401
157397
157410
153851
155548
160862
158342
156416
155978
156709
155035
156305
158493
157193
156443
203865
198425
187825
156956
160506
187486
181746
161162
161502
157510
194103
157746
163728
158493
158474
159019
184665
184090
184718
166379
154627
159267
158073
165530
183214
159418
162483
156677
156163
161090
155421
157135
198902
196717
182338
156571
159090
201969
157770
161075
159964
157725
160703
156544
162611
174488
197320
193335
200031
196584
168082
163806
160702
162374
156136
162878
159349
161738
158704
159396
192565
155404
156138
156589
155187
161086
158324
156755
158385
203156
159343
163762
162825
191118
158929
195142
202093
200581
191318
159220
157971
159738
159524
161982
185802
158709
156498
161899
164039
187852
183674
196921
191843
192311
188221
189829
159227
197541
163124
156914
158447
155565
158591
159484
162372
156559
160359
201805
164318
160473
160529
159703
199867
158531
160215
162327
204560
155712
160892
197135
203441
157937
158982
163053
162488
162066
161594
162326
158637
160892
162145
194191
156029
201242
197666
199750
158714
161303
163506
197550
198266
159025
161250
198143
162505
159086
160611
159198
159088
163946
160997
203356
163033
158924
159666
164399
163831
156546
161639
161608
206946
198773
195949
200150
190584
198101
158536
169279
164548
163223
207576
161240
161128
166092
159962
162191
159850
162021
161478
162696
158044
164256
160579
160057
202928
200386
191984
201214
187390
161452
160073
160195
158970
159014
164498
202024
159641
160643
161684
163596
165273
161526
202963
158518
164142
165060
159084
168274
161297
161645
194437
171051
160168
161139
163719
161108
155722
164008
160268
164518
161790
160904
203686
198186
162280
168359
159358
160971
157520
164352
170631
159881
163198
160719
158361
161932
162237
160249
162199
163153
161175
195379
161269
166138
163094
164815
160517
158077
165512
158631
160934
164513
160501
163944
205371
163304
163963
169186
169453
164371
164781
160933
157920
203328
197231
161482
168425
164448
159975
160432
166601
165414
159350
164663
164446
164635
195886
161843
160496
159027
161965
164223
162888
158742
163379
161774
161797
208192
203526
160471
164910
169495
160877
200337
164456
158986
161497
205467
201262
158579
203376
161978
167987
161593
160747
163420
159621
163950
165791
163212
161842
159867
165959
164361
160581
172352
160375
164226
164057
165692
161909
210015
201870
160305
203805
209077
201230
166790
159060
162406
162650
164027
197834
206757
200893
201200
195409
174354
164784
162379
160448
162782
166238
166043
160501
164979
159391
161443
162628
210373
203521
206681
163781
162412
164648
162548
166191
165071
160535
160771
162204
168009
163478
162412
163844
162689
159184
162091
165494
164673
162960
175223
163755
159155
165088
166216
168229
171491
160814
170640
172966
165488
169014
164143
165594
164579
205910
169068
172356
181162
200950
171728
169310
168522
163775
169279
159961
172734
175139
209206
162655
162859
175709
171084
167118
176559
169164
204771
172112
162001
163881
175687
172325
164063
168755
171741
168020
170166
202983
172729
169069
169092
165009
163657
169440
169707
160364
160173
161315
210414
196264
198957
203659
210057
197595
164905
160052
164645
162763
162330
192152
164980
165708
159411
207879
161537
194490
159802
160579
159901
162029
167145
195331
168126
164133
159507
162637
160842
163268
166145
159198
215740
209197
162300
163869
163764
161807
159983
160170
183469
161439
200780
161994
161776
212616
164739
158254
160307
160034
163601
162098
161837
161102
195046
203655
160309
159996
165310
159425
166785
205558
163919
161952
164012
159127
166337
198807
161109
162393
161983
204668
160385
162520
163762
161187
165413
161230
162567
163093
162709
165947
161888
162365
161714
159076
201899
162688
162672
163463
160526
204327
162389
164032
168829
162011
208816
190059
161818
201495
158503
211957
162072
199819
161332
160530
161941
161825
161018
161561
158128
164724
164942
162539
162806
165684
163511
198589
164812
161227
207122
198922
202498
215556
201781
162333
160808
159071
164667
165716
158816
164653
161175
163402
162719
161546
162155
163328
205662
205487
201819
161760
161530
208209
204889
164750
165817
202863
165859
162549
160152
163285
158584
208125
203967
207001
164482
206548
202691
212659
159246
160109
163407
161417
166006
160575
193528
158881
163762
161703
164481
161834
162872
161862
208136
206181
204963
162892
203946
166198
163002
164302
160810
162865
160661
202363
171692
196325
203122
159908
158441
202187
159688
165479
161445
202678
209521
207912
161000
212065
159416
160070
158220
161327
162095
161932
166578
161072
167701
165365
201678
161442
164302
162710
161368
163320
161359
199617
160026
164895
160832
162740
204978
201962
158498
162508
204667
166261
164580
162162
162596
158904
161040
164184
160468
161905
201560
165412
163619
199405
164358
161924
210275
203915
205334
198012
159031
162224
161911
159354
208996
166633
162299
165556
164042
160894
161778
162784
164701
201844
199381
164541
206071
162516
160416
161701
159058
165317
162673
162177
161817
162942
163764
163210
160924
171678
208459
159041
160187
163508
164200
204880
166065
162671
161269
164441
201990
161413
203740
160024
164499
160320
201169
164069
161505
167784
160675
165695
161788
160870
160444
164969
163633
166350
166687
161943
161685
162616
161682
160415
161829
160967
165376
197687
162322
158903
200939
211834
208894
198583
164613
161584
167132
160689
162988
162257
165978
163503
165851
203038
163881
162624
163915
159885
211937
161862
163599
160725
162459
163667
162845
166396
158094
163224
166316
158878
205880
164257
166990
164305
166521
158146
165547
167681
163041
162430
158737
199177
204094
163502
158767
165657
157160
162730
161867
160794
161429
159570
160553
163774
161844
164334
163668
163755
164250
163981
161734
203356
212451
204470
164270
166530
165029
162577
166914
164106
162486
167331
163979
163659
201904
166686
158308
163600
161763
163146
162649
210487
161522
158358
166381
164370
162688
164861
163360
198658
160944
165360
170741
161114
162063
163378
202665
158194
164658
198897
209771
168460
165024
171166
164610
204897
162107
169457
204763
202190
163994
165933
170003
163606
161906
165594
163590
160868
162028
159436
166192
206951
164787
163132
162685
174040
163568
165639
164939
164215
161662
164166
166960
211644
159033
165674
194297
167642
165307
164677
206297
161987
168884
165427
164597
164836
161757
166257
163875
168023
162176
202599
160940
163583
162581
164325
162907
163382
161318
165143
160490
166606
161863
210400
161343
163902
163126
164756
160945
161649
164004
164180
162083
163670
161684
160085
163521
158955
210061
164814
163716
202663
160369
210878
163635
164715
161972
208608
207925
164891
170313
165035
158743
159636
160847
157787
166509
163176
162705
163377
210696
161648
198241
162606
200532
165970
162768
160929
163703
162934
167739
168589
198564
161949
164534
163226
163037
162929
162619
160386
163720
165323
161562
203991
166120
165496
164306
162381
162516
161985
162490
199226
204855
164392
161061
161183
163889
160526
160396
162158
164963
164165
206377
165286
163811
161749
164651
164437
165040
163979
161434
163414
199238
204733
160615
164546
165426
162424
163681
159692
159120
160130
167051
163774
164985
168659
162238
163886
163594
159586
165499
167956
164806
159365
169176
164260
170896
160613
166569
171831
163229
168332
164392
163048
160854
161310
162554
164019
164227
163034
166475
164696
162142
161143
163596
165686
201145
164248
162679
162829
165154
164864
162607
162541
161105
159777
158059
163613
162591
162845
161528
162136
165147
161732
168664
160997
163962
160988
205665
162512
162103
163046
164186
170229
162391
163394
163339
161541
163527
167789
164026
214574
209757
159349
165126
164504
159394
169432
167914
161785
163892
163240
157663
165638
162867
158467
160084
162504
165103
164285
163369
206539
163139
161548
161158
167503
165046
166063
161626
165103
163474
162304
166229
165731
167278
160811
161115
164503
201092
202294
162239
166413
160470
165054
164718
163719
160679
168862
168034
161177
161784
162483
165239
161754
161617
161575
166694
171426
163009
166651
164637
162916
165305
161875
162004
159915
162527
167646
165438
169408
164536
167626
166023
166892
159707
163219
166141
160272
164749
166910
164026
162289
166124
167515
159674
164649
162723
161716
162782
161631
162961
162788
162875
160749
163494
165635
160773
166200
160857
161763
164939
165484
164002
160496
161096
170484
166898
164033
162847
163323
165451
160751
164803
164565
159858
163530
163675
161666
163036
161335
163706
168738
168294
164793
164308
161999
163707
161195
166864
161440
161952
161911
161737
201809
161650
164332
161312
163009
213181
167376
160416
167679
165199
161297
167380
161070
166666
161872
163596
163007
159342
159767
162407
159728
164025
162322
162633
162892
166134
162238
159834
160407
161283
163416
165390
161085
166312
166006
165153
164884
161539
162517
162067
160712
156719
166381
163722
164343
161235
164528
161358
161024
165071
161086
160984
164289
161689
165909
166408
165003
159773
163723
167758
165342
164917
163056
162588
175766
160638
166203
161632
167066
166074
162722
165694
161051
162266
160534
162237
162826
164349
163691
164321
162441
166013
162137
167706
165992
160693
163997
164727
164782
163496
162832
161297
165356
163827
163418
160801
166489
160629
162781
160398
162094
164454
163871
166251
159067
163657
170831
161620
162933
165320
164249
160954
163447
174994
162063
158957
164860
163123
160665
160526
164741
164453
162472
175902
165011
161239
164613
164192
160913
162376
162787
160863
167400
165767
161005
165989
165665
166555
161019
160589
161034
162029
163794
162449
163699
165106
168451
164258
163771
165564
165402
161104
162420
162699
162252
161365
167094
166964
159830
162896
163620
163712
160485
160947
166322
159188
164117
161906
162037
168247
163130
161685
163137
162296
162674
166440
167794
160066
159397
159835
165038
166191
164779
162015
161126
160666
171596
167512
164433
163343
169866
165898
172688
164538
169215
164516
163756
165741
164993
162793
165897
163587
167052
167058
164678
162954
161606
166170
163874
163223
164066
163895
169168
162008
164803
165276
158268
161135
162252
162400
165473
163253
164740
164605
163477
159838
160975
162158
160022
163362
162920
157985
162663
162462
170149
164299
166081
162522
161804
164519
163578
166345
161627
162499
165072
165043
161081
165173
160526
162808
162120
160309
159885
163572
165007
167722
163636
161941
163562
165608
162235
165540
165457
165809
161487
162062
157860
160239
170477
163154
