218985
226851
219825
220821
226766
223978
224794
221394
223457
219466
233848
215384
217247
224289
226923
223503
220389
242024
216545
231653
219576
214305
212739
225428
224768
210410
212525
221276
234259
224155
210086
218400
232284
214586
204554
215201
212337
213535
216096
216395
229974
216905
205016
197339
229395
219266
222051
242516
227437
237222
239726
219480
242468
228858
227643
227398
254786
238261
226982
225568
221432
207674
228392
216751
229327
234464
241680
216303
231603
238825
235613
242925
228491
228534
233830
230255
216794
232820
224906
223437
228301
227396
225395
219770
229416
213399
242085
214541
239300
218518
237896
242608
225397
232510
225283
236646
232498
204530
221597
217863
239376
215870
223517
232162
217825
223685
211360
211322
211393
215593
225209
214636
204835
210266
224228
227823
221551
214304
216185
221632
230802
231224
236277
222101
221822
228328
200684
223863
240683
222966
225287
237115
210556
225490
221549
207453
232243
227031
220489
220904
239148
214551
222720
209533
213814
214441
212164
225470
219243
218356
212147
220813
215687
213568
220416
235409
226677
224989
217626
221997
214205
209402
217508
218126
219721
221322
223065
223084
228037
227798
229204
215547
210041
223119
226597
219870
231445
225069
218894
230054
227877
225286
217852
218432
212712
217640
238774
216525
220087
219540
219124
226440
216533
228646
209785
212432
213746
224395
217997
231067
214165
216688
217861
216027
227866
213287
222519
220989
218631
224795
234223
223376
220116
220590
213550
201789
223333
222323
217402
219527
224025
192649
231263
205684
209229
216429
237783
209106
225989
219810
210633
227372
215085
215393
227527
220718
221378
218888
225441
222216
215993
219550
230782
209447
224483
196214
217142
215567
226522
240220
216771
225671
251175
250004
247186
222651
228741
215331
207997
222025
228820
230871
218283
239566
240328
217023
212864
224058
230397
218410
235564
246798
236544
213181
239173
242039
238496
218939
219034
207201
211512
210456
226394
210092
218018
224839
204253
207355
234261
241543
244266
233161
258728
249884
221744
227230
214860
213282
204231
195628
214232
210170
220172
216723
229589
237174
220277
229137
215906
214814
228924
218184
217557
205424
223409
221245
214990
226432
222153
199532
220874
222577
214449
210402
218926
213866
220711
208662
217092
232630
211014
212796
222683
212224
217149
230071
211951
218966
234838
203374
231265
212749
222189
211019
225962
210751
226415
224258
220134
231258
214318
224641
220203
219282
247563
219520
209651
209621
225005
218379
212578
208722
214502
227826
200355
227293
228997
213788
211520
214512
210409
214687
225030
218883
211841
224993
206964
217489
221399
198959
208817
206316
218563
217684
219443
216388
215700
214322
223958
213971
213207
219851
204944
214009
214328
205737
218687
217380
199034
226780
211423
212544
208239
226957
224835
217481
206112
210808
211833
219552
199154
213262
226363
223987
222560
220302
217455
221895
221119
227704
211756
219909
221064
220391
242136
217125
206356
208473
217364
207049
214285
230240
236408
226214
218125
238438
217482
210450
211503
222486
219426
207100
225904
220605
205929
213297
219327
216223
226323
223178
215739
215487
221289
211654
224756
200831
226049
206957
211388
217278
205442
205066
210404
215805
212636
235825
217659
212010
230700
226369
211862
204366
208048
222728
208083
217884
204448
218353
218597
221268
203677
207627
210470
223376
200809
220875
212169
213865
220484
216523
208441
231241
204958
213184
210876
213273
224548
206141
232307
222671
203118
217908
226081
217499
222208
203423
205028
206820
211748
205129
209015
211454
227561
228291
216761
212177
215130
221006
218387
206369
219569
234624
221815
209063
210904
217159
222502
212195
203040
218194
236172
212940
203029
233228
223062
231713
208449
200862
211146
217680
228139
211787
218810
213822
209257
202709
223913
212033
208386
222480
219562
211058
210528
203445
210640
216137
204608
219511
221197
216026
218644
196674
221402
203519
213614
201098
209819
237309
219052
214377
211437
214650
213085
228070
212672
213775
225881
221822
218742
214317
207842
203995
217882
221513
207982
215707
208841
233783
215723
195466
224965
227038
206188
216626
221755
216834
205799
210983
215174
219383
201594
209291
225164
211627
225800
200037
206414
218474
206537
214929
215021
224243
204066
219313
226928
200232
214787
227804
206815
226329
220863
209257
221445
202374
214624
222492
225836
211339
209218
210221
213249
221833
214935
218984
220161
218894
215317
213181
200122
230621
201433
217978
200831
208048
214342
212100
216899
203406
197041
193349
207188
221154
216096
219768
219710
211638
216021
228207
205231
204563
197414
224016
223372
225675
230713
205995
214355
218030
214715
203176
216839
205294
210289
202503
215412
204936
214363
206420
205564
221574
212711
223150
220918
214431
219613
226510
208680
220459
221260
217222
208212
212043
211390
198557
225624
209366
210599
233721
220479
219632
207799
218114
206431
212408
217298
194727
210351
232840
215895
214176
220270
220804
205121
212728
211490
217966
235333
231021
214468
208829
220516
222295
204707
221487
214861
209806
206782
200857
212746
219310
209550
210654
219118
216624
205819
213266
212541
209664
221549
221803
213885
235376
213376
218877
200973
226124
205868
209829
218859
206131
208170
215170
222454
207636
200325
203995
205270
238807
207266
213462
200919
212213
210787
216976
233605
203056
221530
203911
203314
204231
203731
210376
226004
206132
203874
211854
222308
213881
210971
220067
215932
226177
217659
217099
210461
225681
209795
218785
205504
218601
218195
205833
210064
234250
203633
208449
207523
224360
207334
203407
208081
216061
220034
209403
205684
240328
207873
222717
210546
230857
215722
215173
203793
222840
208574
220612
217439
214297
215820
206491
205331
215704
208188
213485
214139
202018
225362
210254
210829
219295
204546
217621
217636
213724
210241
213382
220836
218114
222205
227547
202753
213444
221514
205688
212580
203700
213229
218648
213383
207686
204937
213647
209697
207339
218221
211034
202328
210861
226362
221345
213746
229339
223789
214668
208031
206795
212951
209078
213780
215055
211108
213892
227040
223200
197902
230002
219130
206272
216539
212084
216183
211563
219514
222397
224244
215780
216312
200741
222111
215872
211968
215327
220559
199395
206807
209240
209502
214060
209465
212417
248545
205346
250752
214011
199677
200456
219952
216034
204690
223025
217693
218691
208479
212510
226487
209507
210072
213448
209722
235253
213118
206022
218965
222039
221787
216327
206786
224084
202319
211864
224820
221522
223390
201167
227100
214980
213387
202009
200232
215029
216998
213457
221169
204197
217847
211444
221707
202820
223381
209981
210694
232409
199137
212274
200674
210180
213376
202840
211360
207913
203363
213879
197401
202847
213965
204352
224243
208497
211784
215249
212409
223494
230889
197573
219033
199445
203331
211815
218677
206458
206521
201878
212846
201470
215093
199147
209906
201190
207265
209319
210517
206272
199549
201335
215538
205019
223387
203309
206654
213303
218596
206044
202946
211195
213874
197853
229215
221335
214938
209344
200899
222272
203346
206511
224015
204554
216773
209286
187218
200840
205812
202485
221810
212894
210633
215215
197030
213450
215707
204072
207982
220580
212056
218341
215721
210106
215481
223042
222396
222421
202005
210765
211307
225173
215222
212001
204627
221602
220490
193956
205578
205014
213349
222449
211324
201894
210740
215472
210726
213942
209894
218114
213949
212079
211473
204820
214832
190900
216498
208332
219410
212772
206093
217735
202518
223536
203213
204961
221357
209033
217178
204350
201242
209013
205696
195326
202116
214583
198596
210045
210931
215100
208975
196672
210689
213198
204929
216038
207162
211797
223228
206337
207258
201009
203343
209034
221730
206673
210669
222806
202115
223539
212724
217928
222952
208513
228735
218328
226707
209724
221855
212438
206334
218134
221740
215032
208209
208529
210671
209648
214860
208131
203924
214884
218496
222231
210788
199915
211152
212736
212738
205831
215220
203628
202060
207854
205882
201293
204226
200303
217817
205074
197420
206415
198665
221421
215655
209508
218024
211863
206330
224979
208758
217828
211362
208779
210097
223505
223540
234861
233462
219104
219590
224057
237365
239425
235001
225623
209817
211583
215153
206758
223939
213880
211597
219553
201892
218047
213308
210211
210301
219994
200282
201125
198863
199960
209938
222390
220283
211021
214784
217632
199773
215789
208513
196774
215290
207624
199890
203746
219652
219857
194731
211972
208723
224207
229111
207935
209834
218492
220581
211238
202417
198477
213139
220242
206992
211351
224407
211927
215828
203058
207385
225190
208920
211910
207653
218402
211237
221907
203098
224528
218001
202595
215990
219654
212613
208506
205223
204294
222111
215727
204034
210372
212478
210727
223451
217531
211567
221654
206969
206322
201534
214202
217172
233105
200023
214691
215851
217884
209709
211146
205283
217133
198550
218525
204810
211773
205046
195903
215493
203172
201627
203742
209682
212296
223454
209454
216045
215195
211025
199708
212348
221051
224520
223909
204435
217436
207613
202590
194935
191251
211729
200499
224366
225586
219505
212926
203549
197790
201706
218432
206406
212508
204663
206458
211367
197300
199227
197410
209598
206423
212766
199552
208459
204120
210446
222905
227386
214049
198296
214172
215756
198851
201366
197681
211650
201173
206275
206932
198904
189534
209145
194278
210916
194641
204502
217573
212172
209270
200242
218584
207881
198633
223256
216149
205813
203468
212277
201145
188007
207505
207554
206227
204255
222041
205799
217342
205370
219557
210165
194591
214599
218640
204976
222154
217835
198228
204751
215094
199439
207554
214783
215771
206923
217732
211873
199767
203131
194629
215580
210628
217626
201808
217430
203771
201744
202916
220022
201449
197408
206966
206713
205142
209353
188765
211384
215191
219958
211684
216637
208034
201453
206852
203962
206706
218646
193805
215160
207927
219632
216966
202263
220451
222598
219994
217131
203344
209222
226067
216224
211835
213317
206185
214113
203841
207062
200791
210060
209457
205729
212260
206773
207556
201323
223702
200476
202441
215716
195684
210207
199958
209875
208504
206725
209461
222508
209310
187669
213691
200159
207501
204474
200188
202476
206695
191535
202252
225518
205077
194326
211755
188231
206868
203079
225384
194207
217738
193558
205569
199804
220989
190460
207788
206710
214250
222967
203815
211143
208046
211788
210700
222121
220539
196920
197795
209224
201640
221353
215368
239827
206833
213438
193087
208903
216114
207880
202188
210707
206471
208228
207290
199632
219386
220462
204308
207195
231376
201385
217537
214592
213245
204758
210969
202981
207147
200470
206490
206209
207792
208586
198329
222286
205612
204014
199886
218182
210192
208632
194620
223048
208135
207813
200731
206352
212505
205428
222799
215588
209884
213191
209981
210979
218872
204675
213220
206218
196112
209305
217453
210066
193283
205302
212114
200101
211471
207791
208378
205158
216891
200105
209765
201186
207829
215659
199991
216297
192266
201311
204244
198725
192514
211693
206289
202969
205023
220162
200051
201404
208477
203392
198684
206294
197540
207542
210600
204480
226453
215349
217172
204699
229317
210398
212083
202706
215885
210289
204324
204169
198721
204474
211549
213822
222983
206890
213847
212852
205806
208793
209433
206459
205457
200035
204402
204007
213293
197928
197426
199066
213068
212288
208864
200891
203343
193972
217826
210212
218669
215152
204680
204132
188620
200777
212627
189084
214685
204421
220237
200806
196825
188374
202076
202259
208371
198240
211293
206346
205951
202794
203815
184552
198368
202268
208594
200281
196961
216298
212322
204945
201721
202927
204970
195269
200767
204372
197077
192440
208629
207598
215035
199730
219655
199016
201326
223752
206305
198731
218549
191127
214754
199515
210594
205717
215565
207938
196873
213027
221289
201111
214168
202809
198485
205194
198945
205970
203921
216271
198036
213388
214406
200698
212703
205045
216992
211943
204721
202658
222803
205831
208049
206994
195864
208265
203058
217118
200117
206074
203904
185458
214272
204924
221935
215100
194772
217545
195527
225000
207179
210078
213271
196903
195840
202078
198795
203330
212220
200698
207942
211755
216333
190600
213307
210795
216884
200679
213930
212133
209660
197396
205607
196706
209752
211914
215205
191207
204888
217025
221068
198598
217896
206370
196308
205064
209730
203083
204653
197480
209237
201537
196591
187773
206999
211828
202738
208854
200142
204058
203444
194936
200701
182974
202811
214899
200698
206457
199946
197757
203818
203385
201162
217761
225089
197707
201350
209407
201524
181938
207344
196405
202853
208124
204736
197341
204013
204610
221754
189420
215907
206990
209826
196215
199231
209050
197697
198480
206610
214662
211512
201739
205717
205813
197585
217836
204854
201884
198952
194750
192624
203081
206071
181597
188376
195379
207388
217600
209851
222561
196132
197590
214159
200608
194736
210093
213593
202055
200372
202142
208769
218284
203031
203606
196865
195531
198274
185884
202962
197510
206820
209654
187259
202813
196923
208023
222874
199414
203198
207121
189349
208491
191786
202925
201859
203090
195814
210633
192203
189847
201534
198067
199513
200283
202678
211914
206247
201428
199148
192972
206913
200244
194774
200728
195259
194237
202787
188379
205862
208040
206849
199267
192658
205545
202089
198273
187442
204168
208190
186620
210417
201238
210802
216081
215516
227350
206934
265419
194748
209307
207444
203122
210484
215815
189633
191276
206728
219586
212753
217454
215365
222199
215448
183671
208781
206602
207379
192612
198657
215635
209279
207345
204955
217636
203423
186999
216306
200969
204523
205142
197241
196528
210492
194129
205078
199175
205847
209408
209384
215422
191838
208535
208623
177004
203059
210688
211065
200258
208356
209236
222809
203348
215501
208698
192236
204272
221504
205526
208934
215665
204866
206541
202465
191913
203596
208946
206790
212854
195410
204172
212813
210519
210759
207316
200366
195120
208933
204581
203624
206732
194867
211777
200203
214289
202905
209564
215009
205024
215720
205801
206402
197046
214667
203737
217106
210657
203015
210734
207565
204476
214716
210756
212143
206800
214536
207285
198452
213049
215692
189575
202067
208266
210290
213373
195314
202463
212818
211811
215668
200971
210021
218579
204695
201123
214073
218758
206451
218084
203376
220923
210841
214487
222471
218536
202519
217578
202323
204208
213548
208823
199449
207301
194541
205725
203791
214302
211874
203870
215141
209951
213857
208906
214591
215581
201707
213396
219886
205907
209020
215262
202511
227197
212929
219083
208556
216441
213648
218118
207139
212958
211136
205887
206775
211178
208844
208291
226228
218376
212317
224175
216241
204374
207572
208096
204448
205796
219226
221580
218303
209334
201475
203049
214882
217700
212341
204371
212757
203697
218715
209185
211437
223419
211417
223901
220789
212155
213039
216390
207025
219900
205318
213998
218171
214006
207394
207097
213000
202730
207846
206871
216240
219273
216469
214326
206811
209428
219816
212999
207494
209069
205685
209056
210317
225079
210311
214714
219772
207747
207545
219173
204602
213846
207602
217980
212385
217140
207789
210434
209168
207940
211606
208344
206036
213785
214447
205724
220896
201734
222859
211387
214843
220429
207782
211689
207220
213678
218750
209836
212964
215873
216412
214842
205170
216726
209791
213323
228312
227314
211341
215525
221035
207196
212338
215314
214581
217861
216532
213308
212780
215274
209028
208213
216015
210844
220549
217275
210280
216279
207277
209928
212025
211301
209094
215050
207706
207567
195277
215936
221464
206510
214372
211072
193712
205617
208706
198313
194642
209451
199084
209644
206282
204097
197000
196659
195210
201055
198311
200582
197364
197258
198222
196960
206075
200518
195295
200521
211634
191356
202376
198726
202806
205689
180829
201096
205545
212331
205779
203305
187442
196167
202727
210213
212752
209441
197448
199514
195969
196217
192459
201121
217347
202152
216557
203676
195477
191064
196667
207577
202381
208373
206891
198980
197508
203975
194541
207524
193757
198267
195927
211048
193981
210349
206137
194693
197537
192082
192376
189334
207593
201855
193159
202451
187647
200321
206222
205366
195333
202637
197934
208015
196584
196319
211360
201334
197465
198622
198478
193312
196995
201187
195227
202527
200033
202776
210374
211825
201781
206901
198269
198225
189098
205527
196312
206521
205677
199065
196963
195089
203686
195755
200426
195241
195181
198660
192076
181613
193455
191638
200692
204699
182766
201301
199596
198224
186679
202641
204305
208493
193400
199985
188631
191727
226192
197817
208106
186319
200611
211563
194438
190111
205273
198029
202286
203260
195708
212422
202046
194413
198479
206934
198660
203022
187513
210895
213485
201474
199853
202705
195737
206302
190974
192852
199803
197897
184774
187058
200665
199836
196647
201738
204681
207030
201863
185883
205960
188230
204808
183155
211230
205374
200181
190148
194388
194681
195813
204991
193289
199824
193445
196785
191205
204738
203427
222138
186677
191132
196853
193738
202796
202439
186040
201048
200644
201819
184942
191498
205517
202708
205145
197040
198057
193754
192772
206608
198347
202261
191738
183671
202512
192839
197539
203769
201857
199106
195605
215590
195198
205952
200397
211344
198883
195336
190909
203245
207104
202353
193022
187812
203667
185170
198306
208028
205251
203099
204309
192475
201546
207026
199705
195054
191948
195905
201389
190512
197776
186220
192233
191805
194705
202124
202112
188677
202840
204315
207424
196762
205445
194072
190788
194820
186743
201777
187238
190963
198126
192465
194427
209402
184384
213004
201367
191790
193126
198632
194792
201207
192792
199462
187361
202551
196533
199480
199552
207894
201132
185167
191883
201367
181927
196739
204181
201840
191474
195996
186018
204231
189927
191280
211977
190350
188742
183532
194983
199544
201578
192264
205995
195092
201800
190748
206126
198185
196570
199969
196895
201991
202363
200696
200736
197388
188083
193023
195571
202888
205102
184174
190826
197446
195907
187651
199073
194110
189648
197106
197389
188770
183873
198378
184642
197255
193429
185429
189568
199064
216266
187535
201922
201763
200384
200780
193270
187737
196661
190457
192654
191025
187608
199873
199710
191746
200991
195045
208193
196612
177250
207905
195240
198960
199183
195231
206679
199687
198300
189722
196693
201613
193412
179546
198814
190380
199830
204997
199382
194340
200667
204182
210991
203468
188973
185767
209212
202532
185831
198259
210836
197323
199038
188684
195779
186453
202032
186821
192743
201211
196333
195561
180166
203320
204684
195266
194858
191791
202059
192715
189249
195555
201402
201275
198581
194940
196876
204517
192858
197530
198131
189959
186063
194400
196595
198090
192076
188592
206271
181876
184252
191608
195508
205188
199948
215146
193224
202495
185987
189845
198555
189204
193387
212026
197682
192728
196776
182974
190659
188234
210351
199180
194031
191449
201004
187591
194131
198770
196543
190478
194476
203753
195780
201489
194493
190643
203901
198715
180496
182551
199778
190218
195625
183473
194117
201388
194053
204549
207451
201620
187234
179736
208985
197488
187341
193099
195484
193205
175614
197639
194519
194332
202129
193558
203317
190264
184431
183831
192462
193986
189342
188601
191156
204644
197010
199596
176219
191405
206639
185306
218138
198025
186680
182494
191149
212699
192609
197081
197284
192048
198737
197329
195657
190048
195592
184194
198854
195282
206321
184311
199070
183643
184870
189209
192035
182685
209372
192463
203383
198121
189423
177597
202372
192918
189076
192640
187096
193388
207921
185210
208282
195038
186010
192020
199388
182934
182688
187023
191454
187044
189488
211408
194439
200711
190181
194442
194499
198517
190292
199381
206260
182569
189097
192878
186107
202718
190367
194616
193217
199287
193406
187170
195990
175600
203606
186387
189797
200200
204411
185173
194847
194908
197655
188640
200589
185848
184283
192221
191204
188828
195148
190898
200647
198327
203921
186009
193969
182960
198713
198277
200644
203038
189070
193792
184594
195579
182294
190174
183655
181808
179568
196661
189702
189833
198691
188509
178788
199296
190298
193746
199587
198086
205474
195376
192716
198587
194197
186522
178291
198299
197469
186122
206025
190025
201516
194731
190523
204971
186703
202831
188089
184509
191628
186632
194903
191338
188587
196029
197033
188255
184476
174489
185866
186762
185664
194129
195882
183053
194373
194402
204320
198628
183974
194514
192182
188435
194888
190595
190811
186943
179639
197131
201574
185446
188959
206741
185480
187341
186631
203945
196451
201004
185017
193226
189110
209186
195421
197079
179005
187191
181279
191476
187636
193561
191912
198770
192809
182001
192584
195189
199681
188992
191380
200856
192201
198113
186562
195352
204672
179893
194676
186157
205436
200421
180693
187032
197280
203591
181717
201599
192429
188484
192951
182322
195092
188350
194992
190710
207075
198451
188800
177232
195921
185776
190601
189398
199808
192811
204870
195050
188311
186803
188232
196342
185968
185059
181482
196854
203320
193607
189007
190042
187865
185898
189651
192798
185788
196381
195084
192723
208241
188154
215070
194389
194220
192612
197054
190694
191656
184055
188675
190179
187477
188392
216849
189293
191775
193261
180404
193464
181827
184764
186101
193225
185615
194575
191701
186267
186160
200621
192398
204471
193829
190121
194644
200489
173425
210241
189082
197048
191338
174742
193722
180879
175595
195320
174893
185325
192925
188661
173417
181657
191122
178822
200278
190777
180063
192905
203403
197241
200061
196410
206709
201172
206954
208120
201254
185233
194966
186036
195671
190419
191636
192084
196888
199901
189385
205514
198223
190056
187993
192636
204084
195319
195961
199390
200739
185085
201696
192861
202050
186355
193986
193749
192132
188561
199805
191531
179212
183037
193185
192600
188120
189364
200089
179564
188726
181668
194913
188412
190044
185447
186258
189796
184600
189033
192213
187579
197696
207334
185497
185912
197546
193744
195871
187489
207375
200587
181979
180821
193456
183085
179527
201000
184641
186414
188813
193528
194840
191126
202287
192204
218009
189510
189349
182286
194062
190530
187779
196279
181921
188232
186494
213311
198058
187747
194704
182844
185169
178024
203047
188041
192260
182164
195740
187461
193897
191981
180888
180840
192903
191666
184930
198509
187291
194121
200722
186319
175174
185747
187844
193912
191771
185741
178497
186074
191842
185391
193701
174219
215167
186405
193029
186281
183039
195009
190273
190195
196100
187349
183349
185161
190028
207279
196886
200840
185980
196648
180090
188802
177466
203995
187152
194082
193898
187299
208897
179455
178173
201698
193857
187957
183172
192372
186347
191307
180512
185000
199962
183881
191570
183219
189051
185698
191450
173959
176980
187336
185844
199802
187137
191531
192231
183093
186959
188817
189381
195874
185664
188988
192017
181222
200063
192177
182252
187077
189326
202950
191653
190143
185704
187176
183936
197994
196228
186917
199339
183853
186400
184183
182169
189704
188704
203654
203819
210451
187514
188377
193216
185493
189844
183694
186799
188764
189311
209525
187495
179761
212294
211343
206332
207881
209910
207315
201606
183413
186158
188171
182828
199793
189513
202319
175774
180069
180724
184305
180883
192238
195979
198638
193616
183516
173819
191215
184039
188809
177700
199608
192815
186747
181338
189101
191179
185395
190036
197899
188281
183886
187829
185880
189008
186872
193556
173841
192801
184663
195030
193770
194433
181937
176135
187714
191722
181976
187097
182400
189795
187565
192383
180546
190353
179730
186441
205627
186230
189911
175852
187116
186080
184488
189905
195671
182962
188289
177243
199333
181101
182860
191742
186639
183091
192902
185480
187356
203125
186034
186233
202599
184115
198715
176960
194577
179613
187468
191357
190134
187151
193114
187340
196317
200518
175931
171104
184264
195838
187005
185714
186417
180938
195349
192100
205442
194283
189254
200078
178860
177756
190280
190791
189189
195616
186767
189036
199636
189490
182441
185840
182518
187894
181431
190415
198557
190190
202192
184138
189280
187520
188916
185614
171431
188304
187971
187764
194459
187182
185502
177455
189019
178812
187712
189614
187319
190594
178124
187091
178490
191719
191628
187543
195240
185182
180924
194935
175999
189885
183238
179245
180846
194507
190759
187510
182051
173717
189722
178104
188384
187168
186245
197537
190173
197764
184341
191806
187528
181112
191174
186697
182040
194533
179517
190615
192124
198547
191861
186343
193980
180895
186597
185549
193325
178027
186071
186493
178379
184875
183589
196839
190799
194552
189963
189473
181853
190013
182584
185476
202071
180293
189098
193827
183764
181247
188782
189769
189331
189021
186137
179806
182529
188598
189291
182496
189328
191192
187622
190219
177972
185472
194329
200574
194072
178741
189001
197247
184648
176942
188055
181322
186967
186303
176077
184637
182014
191818
191148
188156
183281
188052
195095
191376
190410
178518
183396
177199
191670
188452
191464
190155
170945
183250
191366
184675
190271
199359
175048
181404
183557
182491
181516
183261
194120
190149
189392
188590
188827
196082
193107
178744
198422
177793
169229
197506
180217
179808
189306
186674
187450
189638
187542
182283
180997
186927
185835
178447
191918
171158
194222
187646
178372
196125
186498
191797
198432
196689
195178
183313
197935
195900
193101
193330
178441
188477
173034
189418
174249
180847
187119
173249
189329
179760
177361
171609
183631
194867
193925
182180
175092
175038
189463
189269
187630
182879
195949
192411
195232
211733
199060
205773
220823
199347
185156
182207
186521
207176
204648
201919
184249
179732
189905
189431
201579
212675
204042
188331
175320
208965
211368
190121
214822
208548
203425
210251
212934
208022
205702
203148
200758
185350
179522
182693
188831
178805
183505
179471
180432
185756
190262
188494
180601
185489
196398
180168
184460
178764
176529
188169
174509
176114
186078
181435
190553
185697
183434
192793
175367
178815
177735
180998
194880
176363
189370
183544
177453
191601
184063
180024
178190
185486
174315
191040
178770
190412
195188
194557
192810
185532
178646
184189
176872
201310
183536
184326
180051
175172
178966
189602
184273
187433
182693
185605
184686
187393
181338
180480
193661
172937
175248
193178
180542
177451
184855
185055
178868
181172
182887
193871
178826
182475
177365
188858
186366
179873
181599
185783
174241
194175
191025
181148
193265
174353
181968
189991
186031
174236
188445
187613
189662
188419
166608
176728
186999
181074
196814
185245
182142
185998
184660
195691
185882
177195
190603
181632
175230
173789
202197
180957
179459
194699
190890
185753
188868
181564
185368
186374
189170
194823
194023
187114
184053
193311
194567
183106
194564
191546
172867
185772
196374
173953
190881
198512
165440
186327
185810
185205
181427
193734
192075
176010
187557
171921
176238
176632
198275
185976
186159
181050
186045
197919
189298
177551
187448
183935
189102
177733
183665
191217
177056
189453
190111
187763
170362
183003
181718
169558
188964
188133
175367
181160
180900
180187
173333
185273
180336
198564
178457
180965
183332
168242
187689
183748
192881
189487
176989
169968
190074
179706
184592
182929
179843
180153
181446
183882
183127
176184
190391
183129
172360
186494
183040
182258
188254
183762
185326
185995
181064
171514
172061
196579
176063
186054
183681
178823
176192
194152
190236
180439
188508
190615
183237
179523
178012
175683
182557
181167
178372
185428
184857
177480
179453
189226
182920
182362
186322
187612
187258
174145
173274
186451
166625
199603
188722
176598
186558
174613
186170
178825
187293
184148
170545
182544
191198
183542
190633
197941
192954
192802
175787
184163
178194
181925
173860
179517
183195
181832
185776
185830
185544
177381
171336
175853
182863
169232
172799
184416
180891
200817
182789
178009
186001
182935
214050
186975
179722
175501
187821
181606
193757
179157
184243
192550
175893
194425
178065
192375
186471
191719
183148
176411
184995
185811
174905
188522
203190
173268
179484
187809
191462
206775
172207
189407
198959
186271
192495
173411
185213
180848
173863
181300
181657
167155
183711
178076
179871
184745
186727
189193
171861
182240
187692
190524
184431
178415
181218
179600
195636
181483
187409
186308
182364
191249
178143
178684
186957
188658
170160
186817
169302
185307
180361
173538
180560
189582
183784
185363
178148
177576
180954
168781
182520
175225
186657
175242
180121
186816
191395
185592
176420
165888
173581
175155
172226
179153
181584
182523
176370
185278
183313
182144
180951
182371
186093
175557
178315
192204
178346
204114
183564
185350
190271
182085
187013
194238
173007
190716
183834
180525
185397
181634
181120
183277
181827
184865
178499
183207
181910
182198
180264
190700
180245
181292
180410
186742
178302
187901
196614
178922
177728
212911
191612
191327
188813
181626
178297
194792
198895
190521
178411
172756
175167
171602
182714
177774
178119
175430
178764
180162
192060
182362
187164
175667
169245
179477
180456
175182
182020
189272
170603
190476
172624
183616
187950
184185
185670
179884
176624
184442
180940
174263
179766
176483
179840
189334
175848
178957
182309
182618
188889
183603
178036
185805
187326
182311
170482
177573
192903
175260
186682
191392
180243
185142
174858
176717
195135
180521
180853
180899
186922
189616
175804
181363
182448
186799
173351
174441
180822
181530
179484
193529
190930
178656
172656
175953
183976
179092
199563
208156
206749
205978
173543
182557
182896
175537
183683
187562
183930
180809
162807
188662
164369
175089
187441
173901
176142
179671
194640
183715
179929
170373
171714
179657
192890
179004
209195
212322
184299
184089
183037
186423
175572
180610
168497
177166
184104
181192
183191
170460
186477
189286
193507
175488
213872
203042
183079
170076
185263
181588
178653
174875
171672
187259
177567
190235
182223
171642
180535
189817
179987
178811
178888
181220
182821
175211
178867
174710
171387
184103
184814
188654
183375
188036
175238
176446
179068
177930
168323
174110
188974
170653
184638
178274
182270
179588
179878
177809
186684
188217
185994
177965
186041
187107
190792
176719
176465
178271
175282
177080
181142
179557
182039
171616
181218
178506
170046
181333
184699
174549
184125
173128
177785
186572
180363
184864
179261
179554
182497
181234
171984
179498
185034
184678
175759
186623
183348
177069
170798
169370
183681
184990
174294
173905
184810
192475
177662
193650
179194
172847
182137
174022
175891
178405
171477
163885
181811
168471
183934
183220
181067
179348
182044
182882
172144
178044
183161
179389
175357
189006
183860
182185
192584
182912
183601
187490
182373
182764
186286
169739
193898
181648
179479
169423
183719
182283
169389
183468
166359
180859
184849
181348
176400
182083
177737
200786
182574
170919
173683
183295
176694
174071
177871
176548
188933
168106
181916
175356
175334
183027
173665
172980
175495
178180
176481
182762
177243
190887
168713
170359
184227
177514
177912
178157
182409
173569
185163
180760
176572
184946
185590
185908
180457
179634
188398
170538
180006
173499
183786
172513
182816
179975
180254
173023
177198
180549
174309
179583
181734
169474
175461
174088
183855
163755
166463
178961
169705
177035
191279
189631
186855
184332
182247
174660
172205
189966
178194
172819
175205
174987
182323
181777
173407
175263
183183
185786
192549
187527
178168
175458
176820
176361
179388
178527
179436
181319
184200
186683
180669
175568
169902
166250
173782
173944
183611
180479
177251
184416
197335
177943
170332
172823
172847
174473
185956
180478
174464
167805
192638
181013
175604
188007
181031
179395
176960
176716
190920
174895
171986
180592
164202
179739
179830
180349
189190
191911
185785
177384
178855
177246
176929
165519
174457
186765
182420
175736
164468
186739
179425
177136
179604
169490
180248
176965
172245
182216
178453
172346
176592
195169
170519
176143
167217
188384
172891
176133
177502
180197
172038
170978
184315
172790
178706
186372
176116
179056
169950
193797
182213
173054
171529
189492
169727
190116
178772
180411
183752
186342
174707
169718
185421
164204
181653
174848
192647
171082
166717
173161
174380
186362
184403
178743
187647
178157
183878
181450
191156
176865
169348
173702
178619
180293
170669
160728
178552
175958
180263
180564
183984
168845
198916
167468
181261
184389
173469
167031
178844
186327
178120
170799
183654
170229
183809
181280
175040
179609
167551
185446
187380
191619
175718
183638
178916
176703
174538
166475
182556
174085
173211
178443
187082
178948
187668
178207
185755
168734
172000
173135
172776
178927
174463
188328
173432
184195
176512
170144
169324
185426
171369
176746
179901
180169
175015
171045
173900
176606
177452
180078
174430
169954
174987
172934
181124
184098
170555
182565
177116
181084
175969
175283
172507
177476
175760
185652
171614
179162
183117
183839
171746
181183
183168
183866
182224
185804
178514
175669
175596
180824
176740
173656
168180
171769
188528
185433
175374
183191
179340
169440
179979
174278
181581
181448
171380
173480
173876
170008
184843
174050
169663
176302
175935
180048
176056
177923
173756
184156
175954
176937
182922
178291
185944
167928
183477
171996
170264
180207
172568
172307
179061
189101
173528
172599
184188
183216
167743
179967
179964
188739
169456
177141
173231
182215
182732
175158
173984
172837
184121
171753
185248
182057
176490
188202
181115
187694
179671
181851
173437
168019
167810
185516
179962
180556
175660
176024
182766
176978
180675
182180
163254
179781
176461
176384
185388
176002
171992
179613
176511
169946
173740
173988
177326
174576
179866
175624
174027
157822
175334
173365
181231
187661
184566
178667
174674
174378
183756
177806
172710
180959
173390
180921
173080
178678
165354
186186
176665
179093
178571
177091
181740
165295
175087
175939
180090
167159
173165
180943
179477
167988
174094
187628
163290
172565
167802
176150
167512
162786
170945
188294
174753
176712
194317
169755
172774
182240
187450
171201
173479
167678
173245
182292
181872
187952
171333
182204
181566
174714
174005
170836
171282
167639
178866
183062
181473
169358
175981
186551
188996
175258
178590
176433
170550
162229
170999
181543
181410
169938
191129
161397
168813
183083
170989
181940
176773
181985
170781
164478
165844
175761
168087
170489
170556
170568
180931
176841
170725
165111
172358
168383
182039
179816
183887
167711
178119
168006
184793
166125
183551
165761
174208
172975
175421
166163
175061
171791
183124
172354
189697
174771
168456
165390
172203
184408
173325
169847
174347
169963
165109
175249
188127
179125
175800
174150
174526
176417
183021
186354
164299
182503
171783
171317
177777
168728
171000
170166
171258
174031
178448
183302
161102
176598
167783
174726
181786
172499
176384
188646
175881
170790
190773
179063
179764
169846
172896
165078
187472
182366
171011
170872
181659
187132
166791
184189
176568
166108
177584
182704
170825
184096
196977
198813
175864
172141
173770
185947
172462
170849
180833
181588
171794
172940
174401
174976
184297
174117
187878
171759
197926
181498
182497
183884
180208
174953
168627
178028
168273
170410
174468
184594
184842
179928
172727
185559
183422
166973
181458
179271
179028
175716
167370
165611
173830
178044
159092
166869
167804
181871
178919
186070
167997
175308
177905
176052
172091
170901
183141
181314
188227
165290
181859
167116
168674
168385
182986
173419
188652
179723
177206
171817
174603
178395
173972
181491
195452
182290
179449
185135
165351
175479
183902
177165
169878
161030
173590
168601
165797
190641
165327
166985
178476
160684
167953
171609
175421
178940
163804
173053
169752
171565
182524
185965
175214
198218
172452
172454
167847
177670
168588
163564
179599
177947
178475
174883
186520
174540
169658
207080
170264
178377
163632
171305
162477
172841
174276
188193
192156
184754
186453
177044
163562
184322
173641
171186
172294
174135
166987
171643
177275
178518
169583
201455
196325
169139
194729
180014
182440
176083
185064
188597
170646
180977
173808
180444
200684
179690
175669
171997
172275
178203
198936
176205
169421
167209
183523
177428
171282
203582
185656
180484
195240
201443
170304
166372
174506
156284
173614
171872
167133
184884
174859
185091
182681
176126
195908
198141
174268
175912
173751
172065
169326
177724
193052
166128
174308
166159
172063
169610
160730
161482
162798
184976
177024
180161
181411
166166
181708
175760
174947
169764
177154
177130
175286
205599
189612
192431
202639
189840
199032
178837
175653
175061
179917
165432
181327
164843
178941
173152
171404
166065
176946
162375
169784
170892
168102
170971
176596
174373
170913
187144
184488
167385
171591
173651
171895
162523
166377
173439
172510
174020
177355
174931
167936
167711
178149
166386
175643
179181
166878
165401
168886
174310
170577
185173
173480
169125
173649
170827
168519
164668
166419
175147
172710
163378
180082
175567
170079
170388
177045
173577
165370
169963
174331
179819
182063
168171
179082
167157
161126
169013
164260
166227
170641
168403
169912
168353
167426
173063
176546
165595
161670
175315
165130
168307
169231
179019
159097
175453
169981
154923
168518
172870
173263
169827
173489
211274
200967
170907
168156
174696
166819
160713
175549
173714
172891
175418
164615
170242
172750
160747
169822
164689
179493
175963
172781
174403
179356
165000
177397
173115
166711
162034
167994
162216
177320
172733
180385
173157
177442
170690
174444
162912
161910
159295
166146
177538
166354
170358
167776
173884
159715
170202
165486
186789
162703
177944
173999
165151
168288
163673
175324
166963
173575
166089
179830
165190
167201
165817
181183
178987
163616
171537
171970
175439
162109
172466
168474
162851
168824
175595
169692
169439
167194
175231
174533
157646
162388
171889
179200
164603
167430
176117
175983
164200
169799
170722
164339
175059
171799
166997
182858
164371
178267
167296
170034
178777
163628
167851
167926
169162
179564
163585
171338
171511
166754
177685
172147
161482
154743
166433
176530
179598
163557
159185
173719
168327
162209
170372
166790
162496
168322
169834
178592
164987
176148
163767
161038
174305
161991
170502
184904
180754
162449
172231
169558
174408
173640
163696
180299
168207
182350
162524
173549
177450
179250
175199
161047
169811
174795
167367
167546
202950
180806
167946
161914
179536
164193
171977
170934
167754
171029
174254
194655
166747
175443
182152
171264
163468
185297
193520
198911
193864
176482
193103
166745
190915
186410
187358
203369
203154
191770
182496
216619
172348
206417
202048
186134
182226
168072
176366
161283
172778
166245
164091
181631
165052
172505
176896
170921
170883
170012
169054
183186
167286
171941
179149
172836
170298
168776
167015
163105
167797
161112
177091
171412
172772
170730
171154
169480
157644
168414
167388
169026
182512
163867
180232
157048
192709
183344
174887
180886
184439
170728
184002
195000
178599
173098
165719
172808
173242
161366
166106
171363
165236
167614
166738
163975
208247
189328
172019
166497
159651
170227
169158
169392
174758
180883
162188
155697
176162
175434
169053
172593
171063
173549
174574
179815
165129
175843
160216
174706
177301
180622
170377
169277
170869
167902
167116
171258
158473
171924
162092
166622
203514
173112
165203
161157
158987
174355
171276
175482
158915
165902
162572
177322
177486
168596
168042
170093
160150
175079
169396
163373
170997
166282
159687
170005
168748
167546
172771
166978
161732
173020
172939
178975
191949
169094
162950
175313
163974
168210
156373
171610
183662
166352
171231
157789
179052
173232
167352
179044
166589
161006
163544
161119
167978
171237
174235
168621
159764
173280
176163
180972
160968
172845
175179
169471
158072
171533
168515
172721
163653
187937
164733
173379
166498
169989
165949
170055
162110
163467
166641
167148
166124
170515
168024
172526
159804
164607
166221
162832
161592
168300
160683
174211
168768
170390
162833
165963
159838
175627
160476
157700
161447
165210
170244
172758
169275
179350
156431
157719
171666
162730
160954
161249
182872
162924
168817
165647
163159
166515
160354
169238
176642
163341
169708
166175
163627
182693
169915
161465
168467
164587
174574
171105
179676
162766
162790
171431
165985
173340
165110
166271
174648
169673
158293
175264
177776
173959
163430
161666
160621
173717
169919
167547
165318
163082
166585
170127
168328
173439
169901
175512
175225
163700
158741
156483
157213
169297
163686
173106
166136
167811
160915
165008
161561
167082
164455
164365
173598
149626
164348
167778
163836
171961
174355
174958
163235
158664
162313
161676
168334
171207
161839
166439
163344
163129
172216
160560
161397
171515
161179
174075
178432
174793
168137
165580
174841
165311
166746
152136
159575
159292
164127
162217
175571
170486
164746
174176
171890
168553
163603
168673
160062
163206
161506
168387
163045
167349
169742
170942
165196
170412
161300
174167
158443
168681
171777
168630
166832
165868
168957
166716
173308
164807
163678
162983
167682
152220
157608
164449
172241
162472
157333
163936
172703
162193
157545
167360
165018
170661
175578
166776
156822
171114
174281
167649
163271
165710
171076
170587
171870
159034
173825
162957
169990
167146
159458
164893
171056
174961
169162
167547
161573
164668
163597
162717
170886
165395
159376
154864
165036
161076
159404
165467
173076
161117
156949
160746
157191
167223
157848
169865
164801
159870
164314
169516
165546
165791
169305
170029
163856
167132
163736
166151
165272
162522
158586
161545
168332
156642
163708
165039
168506
163178
165333
170595
176604
163421
162301
167554
162874
169421
166952
158981
168663
171634
163242
167232
159619
166130
162955
167216
168060
156578
175617
163565
172971
175747
164746
167394
163915
168508
157902
161629
168515
162996
157870
157356
164137
165140
164615
166609
171858
159651
176235
169993
168397
167898
157884
161949
164959
162996
169804
163006
167760
168076
156656
173636
175798
162632
164623
171764
169941
173504
171170
161211
168383
154879
173070
173234
156621
159744
166191
155579
150508
162612
169895
172207
167999
168225
169210
150713
165134
165199
163257
168398
162066
160647
164120
160157
166812
165913
163101
166633
167188
170010
163143
164437
173539
167274
163003
157849
171325
162478
166671
160654
162157
156723
169273
164700
168433
159956
157376
155780
164486
156060
164049
162414
157917
161053
167834
157978
158571
172220
164972
164851
164553
162077
159287
168514
169286
158659
163605
166029
155500
169213
164849
166500
167362
168793
162473
159482
159975
163846
165981
151178
165366
159390
161185
163555
154696
155499
159295
166261
165070
165066
158502
174569
168270
166268
163532
152074
157143
166980
157322
176557
164269
168941
158742
168202
166229
174542
166628
170263
162701
168590
167732
164757
159130
167535
172734
157700
165638
158576
164655
158718
159690
160181
163384
174719
166619
161293
161957
172559
160122
162062
161898
166504
164229
164767
162537
161398
171704
165336
157724
169171
159751
157877
173877
164300
164875
158679
167816
156272
163769
166693
164845
170320
159887
155486
166734
171684
170492
170582
166471
166800
156715
158565
163672
163122
167824
166058
157391
162373
164947
158453
158045
159813
162601
162785
164845
159575
159834
156108
156283
160239
159454
168048
166376
169382
155321
160250
163518
153955
165889
167343
163523
158287
162460
174350
170802
157340
165302
167586
157373
176392
172943
168414
168150
161093
170156
163130
160510
157329
155729
166136
165981
158571
165578
166650
161095
171626
159411
164943
167575
156972
162031
151293
160686
169325
163908
158132
162592
162277
157323
162903
172353
158104
154340
168112
157106
163121
162716
165500
158733
161105
166635
168216
158793
165169
157523
156562
164824
152881
165658
159360
155250
159690
162488
158896
155201
164453
151771
168428
154447
160990
170171
164634
157358
160372
164054
164029
164436
159103
157123
155855
166615
162819
162953
166656
164352
166347
157929
157715
154482
165186
169620
159291
166350
166592
163208
162229
161533
169754
162473
161497
160299
160372
157690
167432
158874
162334
156117
157550
162927
169314
160920
161948
165636
159495
162488
161030
161092
164568
162738
156283
165719
155797
162683
156070
152634
165264
164120
168604
155488
168667
159934
158456
160299
172040
157998
170910
174130
164759
161705
167183
162124
167790
159594
163536
167378
162256
166062
166898
159401
155697
156317
157482
155064
161343
157466
160595
158575
163259
161623
158563
168018
157663
166448
167389
165416
153721
156750
162537
159768
158417
167974
161253
157948
156885
156604
160006
160045
165021
165940
160254
164593
160902
165403
154205
163145
163273
169033
167452
160132
158978
164054
167260
165587
164570
157801
170252
161852
159600
165399
166063
157101
166313
149902
171414
152604
162418
159960
158029
158037
168183
154626
171058
158988
165585
161746
158371
157361
156078
167397
165482
153054
173499
157252
156733
156629
161915
155549
157815
155922
163911
166979
165677
161027
157695
158625
157791
161020
166936
170370
159660
165424
164913
168786
163595
164704
164009
162950
166583
165448
163533
164776
159027
165141
155166
170224
163295
162963
158208
152041
164344
161129
161159
160025
158998
156402
156880
154989
168209
158183
156305
168285
155775
157117
159101
162559
158533
166100
169673
169394
157043
165449
157480
151334
159299
160865
161045
159230
157417
158052
173439
166229
158992
151656
162212
160100
161251
157264
165326
158505
160551
161227
165511
164390
167992
157145
155431
156814
160998
176785
150835
155562
174272
160994
170448
162056
160276
168395
156746
164224
157823
159183
158021
161068
158267
155986
161875
165691
153047
156686
158160
161348
171403
157130
164010
159002
158907
155460
155884
158379
155303
160346
159560
158408
159814
160228
165169
162523
169983
163854
163233
162223
153127
160383
157861
152645
161979
152569
165813
156915
160823
162218
150431
163071
158470
170983
159072
156342
165108
165302
154057
158046
153305
159072
152400
164584
161773
167064
162012
161705
169642
152493
155453
161051
169217
156856
162314
154926
158869
154558
165541
165556
158773
160707
164856
170978
163406
159274
160514
162691
157248
158369
162478
158764
158745
152933
160610
164223
155660
157052
162167
153459
160715
171720
154566
167139
160768
156592
154935
170275
161657
158707
153528
152130
170439
155472
159397
166981
148187
168564
152050
158938
155541
167610
163729
161256
153599
156331
158204
156503
155466
158020
164880
160053
158670
156235
160321
160137
159955
154147
163883
164811
157131
164893
161772
156806
170685
158335
157559
153008
157658
165676
161283
162036
155393
166060
158951
162168
152147
159833
162944
166899
156002
163507
160070
162153
160811
158136
156127
172947
165295
157690
162961
162818
162718
149521
158925
158752
156160
156813
158455
158541
169458
154549
156046
156557
159995
159637
168015
156466
154915
170364
162538
158730
156503
154604
157999
158121
154386
156108
161681
158712
167415
160971
158687
158999
155478
151285
153299
160927
159290
165116
153513
157147
164007
157321
162290
157192
155355
162177
159810
160271
155361
159140
160844
163250
152918
164221
158039
158664
153543
159463
153274
153920
157646
157176
158933
163948
170982
161865
170678
157302
146852
160371
153439
155651
153287
159975
153140
159269
159264
162789
153827
159728
157676
161600
163086
154768
161866
162573
159825
165174
160911
155519
166732
157028
164627
165663
168692
167384
153313
162948
167905
156468
155628
165101
152545
157532
159292
162659
158903
162307
163259
160118
159217
152347
163087
154702
154891
161093
157391
154051
158197
151056
162060
159129
145988
157176
155484
163654
149790
152562
157361
160512
166094
160625
165920
158197
159585
162093
162820
163453
158977
155729
162447
160258
150930
162343
161637
165516
158149
155635
155976
153792
169644
161106
168429
161843
155811
153533
159844
160978
157433
158119
157073
161850
161437
162527
147762
160623
157483
152414
157788
155478
151343
157037
155678
164484
160861
162209
153809
163919
157710
165365
160613
160241
167294
155396
155442
160567
162722
157694
159394
155418
162985
160353
157745
165111
160040
165431
158386
156627
157977
164031
162064
166646
152847
155742
166079
164487
163240
159751
157092
154801
161590
161509
159340
164065
164066
158802
163136
153999
156547
154978
157322
154728
156815
161105
150852
155070
157747
154055
156654
159009
156908
164990
153616
158311
156993
157315
158567
159516
161785
159593
167851
156735
154100
159871
154371
163046
164421
150115
161893
154677
158062
157879
149299
158230
160795
153715
156780
168975
160357
156784
163407
162371
162441
160588
158945
158052
155232
161733
164224
166401
152227
158287
152857
156285
154488
155442
158820
159249
158519
154540
154892
156230
156548
157231
154260
152376
157864
159359
160540
153303
157953
152330
156327
149167
171400
159998
160836
156421
169879
158559
154654
159725
158043
152268
151230
161270
156655
161624
156923
157053
157993
166264
152616
155982
158389
163835
159611
154674
155164
150161
154784
158989
160766
153342
154940
163101
161526
158554
159271
157808
155215
160499
162843
151849
155439
158250
156609
156420
152298
156913
152315
149711
168050
158707
151595
157318
159277
158377
151942
157003
156926
157110
154002
161788
161927
162888
154762
162667
155551
159374
151309
162727
157905
152946
158083
155652
155616
158323
153681
154436
153282
152997
161380
162105
159001
157971
154425
159322
165728
164109
165217
159684
158149
160463
158959
155315
155550
158194
162344
150634
156855
170666
159354
159718
156002
156069
155667
159129
150304
159084
151733
154234
155849
157969
166255
162229
159226
160107
162303
164450
153679
156097
161200
163996
159692
163380
155924
153850
154721
153713
160927
153974
160925
158820
153100
157675
159388
160863
154799
156385
158370
159845
160383
155522
159119
152892
151790
158166
156657
157829
160982
158644
153263
153446
152851
156430
151895
155233
156650
152596
161797
157546
162417
155780
152870
163084
157036
154575
161611
152969
160305
163675
158456
162439
152218
155899
158532
151682
154891
151639
153428
158853
157067
156550
156610
159770
154086
153897
159608
153984
155381
156177
164948
149819
157898
152382
157259
158848
155256
158717
157109
155715
154294
165778
160367
162343
162388
166437
163024
160181
150564
157052
159203
153179
157863
155470
153418
155775
153990
162065
157995
158226
152412
161050
159266
162377
156215
155758
157279
161916
155564
163208
158552
160941
158646
161037
152159
152039
159988
162000
159557
155640
155195
159699
156518
154152
154100
155452
155347
155363
162825
156738
156653
157626
162193
157989
146382
159655
163425
158250
159326
162416
162306
156381
153027
160618
156701
154064
156878
158880
163867
163459
152778
158022
153657
160699
149313
155581
160852
157530
157244
166960
156394
163669
152356
159228
153440
155266
150262
154892
157276
159184
158926
154285
161776
152104
151809
162403
155480
157166
159079
166719
157371
157244
156107
152300
156563
158304
170239
161445
160705
154940
153227
158517
155176
156579
150093
161400
157365
158812
167434
157270
159012
155499
157367
158868
153546
153104
158413
164895
164631
155748
151265
149561
154876
157810
156261
153456
157276
148920
160918
156032
161376
153433
162810
159573
155046
162753
158996
158130
153946
164786
155249
158330
160497
163277
152549
155448
156565
159865
160110
157219
151384
162171
161601
150917
156833
163338
156488
149897
157079
161667
157480
154628
155072
158482
154573
151787
151693
149515
152485
154952
151366
166122
150545
149834
153677
156417
160812
148380
156725
157505
159321
166157
164321
152468
154920
160373
160405
156846
154494
163720
155690
154667
158745
160259
156688
154376
155222
151371
155110
153279
151046
162584
149364
157051
158392
158291
163051
153961
159214
158712
156626
154279
160052
151858
157016
158355
157872
154596
158486
155259
153666
153880
150393
151793
157799
154863
154927
152402
156930
156432
153028
156467
155508
155196
151367
158466
159115
160979
153362
161491
157488
161325
155045
163887
156098
157954
155324
155395
162676
159200
157752
156745
151375
154532
153730
152600
152956
154318
159586
163828
150961
152649
160129
154861
152208
157161
151059
150236
158886
155135
158936
160136
152905
153179
158094
151137
152920
151973
154676
164627
154464
160918
157536
161996
150782
153650
157234
161421
152727
155504
160060
157311
158395
153407
155426
152678
151789
152962
159656
159870
154662
161193
154442
157315
157426
158553
159884
159704
161419
154996
152827
151566
156894
154544
156355
155055
155861
149834
153925
150208
149597
159118
164213
158784
152497
155719
151079
162069
160256
151432
155310
158193
155468
151676
149414
151974
157105
155780
151647
165039
159235
160890
153531
166773
161774
153481
157420
157031
150590
153426
159708
159377
150183
163292
158272
152594
154455
162919
156886
157552
154451
154728
154253
159959
157720
152604
153950
158384
158455
153108
161058
157131
154386
154423
153009
165152
155115
151742
155401
158821
153292
159715
152369
159762
153397
149026
152092
152717
156606
157195
158826
149603
158076
157736
150642
153620
150978
159746
156606
156757
155753
155936
156281
149045
162077
156245
155210
161661
154906
158599
156855
153676
162317
168891
158402
156552
158055
154075
158149
155809
152074
161621
153167
150075
155981
153506
152106
157879
154126
156886
157843
153771
157658
157517
159954
153007
148710
158018
156516
152345
153188
161552
154381
162717
153086
154005
160897
157336
164625
152675
153873
153019
154137
158416
150530
150773
157970
150461
150966
154584
162470
151758
150714
151640
157139
155773
155315
149148
155546
150731
157680
155729
151939
154171
154016
152590
154068
154590
156044
151680
152488
152250
149285
156155
153814
154701
155690
152637
158837
155602
161366
153164
161564
155363
154270
152818
152072
155013
149126
154274
160251
160869
150348
158356
154281
160758
150374
151330
149489
159989
156322
155077
154731
155227
155885
158494
150795
165866
151696
152049
153353
161344
161414
156943
146618
158911
149900
158534
157382
162501
153285
155312
153560
160206
153390
154762
154099
149861
160869
155381
154881
160833
153948
153117
159233
154012
150869
158366
156825
151313
156778
153013
157228
156773
154165
157484
155335
151113
153832
152661
155002
153535
157961
148438
151706
160754
153612
153164
156602
151725
151577
153147
156140
153477
152188
160286
157089
154675
159962
152241
161858
157544
155737
153527
152095
157220
158820
155121
160301
159881
155793
154246
156876
149817
154081
158821
155904
152490
153496
157302
161436
159338
158881
153351
156016
159650
164202
152984
156805
155885
154312
154777
160927
154091
158919
149131
157975
154718
150655
157240
159593
158298
152988
153881
154915
161147
153011
157396
156490
158318
161724
152681
151765
152900
152437
151229
154817
149337
161770
155044
154264
157376
156445
153120
158536
155438
149935
153672
161791
156040
163582
160833
152341
151666
156822
158486
159802
151207
155892
152741
156090
156447
150966
159345
160399
156778
154677
151335
153804
157676
153152
156941
158309
153287
153402
155132
163100
154453
152196
157106
155941
161183
154357
156619
154124
157587
153367
154040
154131
153601
150741
154636
156618
163275
156395
156756
157426
160118
155416
161107
152258
156876
162091
152465
150255
156717
155872
150662
151947
151912
159459
151841
151019
156061
156261
154228
154455
154349
154738
154329
156293
158548
152065
157298
153848
156641
156476
151644
149383
152371
156113
158149
157238
154939
157472
161233
150858
154141
156253
161239
154586
154413
154145
155228
158273
154219
155395
159087
154255
149644
156396
154945
157087
154049
154519
154163
155309
151970
154608
155831
152998
154772
158769
155481
158123
153998
158650
156896
151944
156248
157336
159585
155231
152278
153972
160107
156116
153253
155924
154569
155023
159357
151802
152867
161299
154255
157148
154803
156342
154124
161151
153854
156249
155895
156306
157521
152342
156355
156493
163840
157571
154290
156989
151950
151605
152608
158458
154931
152817
156327
153176
159091
157668
149722
150796
158211
158840
156100
155911
152360
156428
155188
153508
151081
157009
158234
153941
154757
154257
158260
156535
152318
151015
161186
161643
151805
154012
156343
158390
154984
154973
158826
157533
156125
153851
150623
156615
152240
158033
158097
156586
159376
159419
154616
156767
155180
156749
152745
154024
153027
155063
152326
157203
159208
153954
157304
161224
151985
157122
155390
153729
152323
152604
158805
156932
151469
154748
150326
153871
159989
151644
162897
150783
156435
155451
151118
152175
158104
153709
150012
155194
152017
162729
156132
161104
155286
152986
153819
156173
154275
157301
154773
155558
160652
157658
151935
152863
159499
154674
151470
155212
151189
155861
149408
150480
153012
157944
164741
156419
155907
154660
150916
152839
151732
151509
154461
152572
153084
154844
156295
160053
159419
156839
155558
153369
151320
160808
156177
154525
156613
156434
160588
158274
155065
151665
152343
164903
159054
163053
157986
161924
154803
154675
156228
148702
155453
154310
155796
153753
155607
162469
156685
155180
156731
154546
159207
150890
156147
160939
155002
152248
163209
152022
157930
157561
155532
151482
151865
158022
157820
158171
154028
156617
156778
154911
156972
156765
153042
153046
153963
155667
158919
151954
155492
149698
153439
154405
155811
150877
155432
159561
151064
155356
156879
151591
155551
155520
156274
158449
155236
158166
157485
164376
155854
154627
156763
158220
152958
150235
152863
155574
156268
152284
154884
152020
158308
158559
158394
153282
160977
153929
158662
152179
155833
153214
161012
153987
154196
159342
157026
157200
150317
157926
155240
152429
159614
154216
155242
151786
154123
158941
156921
151792
156357
158129
152558
155766
155412
149254
155061
154027
158719
157097
155686
155610
152920
151517
154848
158114
158455
153242
154157
157802
152981
154141
155753
158053
154530
154017
155366
154440
155116
156638
153472
157860
154078
157358
158576
152541
156517
156386
154782
156235
156688
157995
161588
158870
159954
160471
157851
155718
152110
154822
154627
151340
157391
158488
153924
154982
152581
158589
157536
155038
155144
158935
154195
163886
157107
158970
153868
154969
153994
152080
156243
160194
160739
160696
151644
155334
152566
156843
157530
152921
158352
155947
153278
153598
155655
154225
158265
154530
152364
152830
153132
155638
159857
153958
153681
155276
154846
164041
156363
153475
150456
160140
159388
153676
161142
159912
153411
156136
157146
154224
158290
158539
156937
153046
158749
155492
159468
157646
159262
152413
157571
156915
152539
155656
156750
154855
153183
162345
157152
157995
161818
155505
152107
155454
160137
155744
165604
154929
157174
155688
160310
155387
151461
152246
156403
156977
162245
160954
154203
159929
158132
156446
154474
162737
156009
160561
155955
156294
152342
165157
156627
159682
156555
160257
159712
157512
151058
155106
159290
155446
160613
157646
157242
152816
160269
153030
154938
158008
159386
152071
156129
154944
165025
153091
157304
154004
155018
158309
159745
153051
157689
154682
156532
158099
153103
157842
155485
152666
157675
157402
152113
152671
155456
153407
155633
153142
155692
153114
156413
160357
162432
158508
157912
155425
151576
154728
157122
151271
151994
151701
155102
156816
153744
161742
156530
155388
153860
154463
153713
156748
154598
157457
158126
159166
159629
155783
159065
154696
156097
151863
156766
158753
151443
152677
152359
155903
152556
158270
154276
155912
155878
153341
154535
158108
159328
157884
152724
155057
159182
155735
160978
157593
157662
156511
154871
154809
158439
157169
158494
157112
161912
155240
153786
155485
153691
152993
156938
156022
157165
154585
159115
155481
165121
165043
158862
162030
167284
155784
160931
155878
155056
161643
161918
159524
151760
164793
168158
155486
156370
157106
154659
157119
158922
153088
156091
154664
156050
155519
156107
156383
155688
153092
153533
159207
156892
154741
158457
161328
150389
155566
163775
153390
154191
154369
153190
154957
156493
160005
153681
159958
156258
155752
160012
158352
153695
153123
158119
154821
160084
154910
151436
157957
156355
151449
159401
154983
153319
154520
161780
158770
158361
162380
154786
157912
164960
157328
151318
154393
150390
157662
159035
159571
153780
163357
152842
151268
157504
160787
153966
157653
156816
165197
170563
168401
169241
187626
186949
163406
162050
159443
162315
157903
157157
158410
159870
154266
154282
166794
158492
160616
154308
154507
158635
162826
155561
156520
156750
158219
156944
157781
155866
157326
156107
157478
157301
156093
168890
172879
168074
156360
155422
164398
159900
160885
157747
156010
156620
162333
163748
157111
156738
158119
161024
161966
164871
156615
158397
158476
160337
154631
155877
157110
153417
158290
156498
153154
178660
167685
159535
164455
155126
162891
161834
158401
156279
157737
157658
159239
156887
157746
155780
156993
161828
167523
166967
155894
161371
158792
156425
158922
156843
177832
170837
169646
170994
174924
158427
163570
157755
154202
171389
180963
168162
155612
157324
155856
161204
157552
157758
160030
157608
159659
153230
158325
155083
158476
159557
162177
158544
159199
165509
158879
158115
161810
158035
162000
156810
163067
163883
155261
162884
160111
161739
156913
157610
162792
156491
172315
176539
178724
185955
178750
181205
159416
155616
160207
164024
157958
158821
158298
163463
159978
170800
176389
188926
162618
186996
174883
193452
183555
158074
157891
158469
156986
156802
160270
160847
157031
159105
162420
161249
163853
160097
160316
159703
159606
158055
159636
157145
157713
157849
159468
159162
158085
154729
158769
163170
157636
159924
161575
162265
160028
158203
156141
159060
156758
161581
160525
158666
158925
158170
159814
156147
164033
158838
161959
163098
160354
158122
158061
157861
164425
160590
159325
160287
155639
158392
162351
158250
165078
162836
164574
159520
159475
159452
154807
160892
160040
160174
159804
159897
160499
160727
159493
185969
158958
159908
188386
160774
162972
166683
178632
164813
190257
180393
186498
165222
156387
158261
160278
158031
160942
162510
158069
191711
161052
157804
160511
159615
162864
162761
161362
158854
202236
165033
158417
167656
166725
163787
189016
197703
159898
164690
161210
165570
156034
164604
161472
164851
159232
159078
160271
156987
157141
162870
163816
162126
202124
157125
163228
175848
163193
196801
158824
160804
161479
156557
161509
162711
164318
161793
160753
158181
163709
164165
158185
160510
159503
158799
162330
158954
165250
161405
163201
160245
160600
163560
163704
162959
160917
160428
161634
160836
164249
165815
158916
162064
160494
163042
161789
192296
157037
164438
158471
161849
162565
161987
162086
195646
206641
199703
205814
162760
159121
162602
162311
162927
160828
208236
204607
168456
159456
163053
162958
160480
160113
166972
159940
161309
164336
165738
159507
162275
161600
161176
160833
160665
159707
161177
164234
160287
160441
160277
163779
193756
157368
160386
165670
159351
160474
158466
161284
164683
164074
166399
157416
165609
161128
163693
161593
162454
160447
162649
162042
159563
162709
166528
160623
165190
160063
162524
160801
162478
163184
163620
160898
158361
163722
163172
164858
163886
199941
210040
163167
158544
199807
208635
163853
201816
164561
160822
163869
168363
204790
201800
193964
163757
161766
158237
162549
201116
162809
160507
161867
159798
163354
162764
200609
203407
164034
167307
162473
206397
211427
160587
160486
161604
165586
163042
161420
165395
164511
164006
162942
161576
164184
203601
159007
158589
160890
163729
162466
161760
203117
166585
164733
165237
165394
161072
204855
208259
202051
163697
162313
163996
161699
160773
164537
157781
161318
202736
162754
159953
161935
161142
162440
203379
160136
162809
158711
164804
160107
158862
160299
162454
162156
171650
160806
163441
165170
160437
163293
163449
161672
160366
163901
163982
162348
161093
160656
161921
162868
166355
165293
162876
160743
183191
165499
203985
166173
163950
204950
161938
160729
162893
166896
160348
161040
162654
162709
161671
159838
162753
164387
160614
163750
159338
172610
162395
162795
170286
161640
163644
162215
163301
160055
163447
164498
168830
204225
165100
164736
161659
164174
163308
209990
207010
212291
164919
163096
163034
163356
163138
164948
203820
200036
201282
209156
164562
160216
164751
160997
161267
203721
210147
196601
204260
164656
168820
158310
164576
165436
163916
163146
163733
159167
161963
160252
159639
161440
161540
169783
204049
202839
162079
162978
161709
162175
165112
163527
163386
201782
203604
161205
163956
159607
162879
166614
162587
161717
166856
202060
201344
161579
162231
158603
163837
169204
157537
161523
160040
162036
159507
164714
203673
162576
160701
164487
213122
210405
160295
160316
165019
159201
161291
168532
218873
160356
167416
158991
163617
164415
164828
160886
162181
194424
206734
161414
164236
161395
202282
160580
163452
207471
163249
162326
162033
203563
215390
162640
162510
163342
163917
169635
162735
208041
163537
167801
160979
161932
164568
159968
162760
205288
162946
168278
160190
168311
165077
164315
197699
163141
162524
162228
158752
162134
206340
196931
161454
206403
215291
161092
162209
163260
163892
161591
164816
203853
167976
162707
199612
161236
160560
165056
161101
165362
162951
161691
163729
161924
161726
164053
160428
168327
202174
196246
205516
161931
166183
164723
166483
165067
163082
162118
160080
166208
164169
201466
205323
191789
167379
163802
205420
158995
164209
161886
161263
164806
166255
163864
176368
167021
161420
163502
166872
199249
166206
164341
176692
161413
161738
164793
162787
203659
164510
162522
167063
162601
161280
166061
164808
160035
162357
203309
194283
164113
164058
162033
163308
163773
161184
160459
163394
161298
165485
162687
158512
166504
163142
161968
164230
165553
162385
162118
161923
165331
165927
162093
164332
165073
164621
160669
164151
165925
161321
162763
163754
161810
163654
164214
165073
161089
164191
162413
159985
162012
163645
164716
162663
162796
208726
202801
162839
161910
163130
162495
166587
169174
162580
191530
212330
162608
194816
158131
165356
161186
162689
161626
162744
168539
160204
162349
160734
208994
205062
197032
163073
166458
159527
162389
163808
161190
165770
164852
162845
163296
163194
160686
165708
160566
204665
188717
204088
160935
161533
163970
168109
162617
161083
161629
162093
180574
163506
176640
161246
160463
160579
156850
200640
164042
158951
165782
166211
161879
209328
164682
204235
161235
166156
160568
160318
161452
156852
165016
162185
163492
163557
164614
160403
159596
165873
198085
166189
169095
199273
203198
194690
160274
159987
163333
162002
160446
163678
163173
161080
166086
200178
208664
161805
164721
163010
212218
163942
165765
201677
161711
165253
160628
162521
163168
164496
164219
167409
203385
207229
165141
164916
168126
200199
162713
162291
168256
160842
158824
163655
165541
160813
163657
161429
162908
163273
163116
167308
161303
161479
158547
162103
161329
205700
202905
205123
164072
164266
164520
160737
164212
162019
160738
163808
165219
214563
205808
208972
164446
158862
167103
162448
164095
164462
163317
164085
163686
164735
160858
207391
213422
159155
163566
162260
164009
163390
160758
209066
160913
160226
160897
164170
161257
162619
164324
160522
160162
163370
163324
162123
164774
205621
205485
199666
186441
202559
161781
161372
158492
202522
202659
165334
160595
162090
162680
210222
160757
163237
159240
203562
161065
177928
202932
163929
164575
211355
199934
160589
165899
162351
166539
164613
201135
201945
159544
162229
162505
163472
165042
214697
210317
165724
164450
161652
190820
159069
164741
168659
207806
161777
163842
162033
167517
165838
162114
163720
161547
167656
164115
159664
177663
211015
162542
163115
162388
166956
160231
190071
168016
161780
161569
163945
163893
159531
164858
161376
165683
164458
162806
160713
164743
162190
162916
161672
169885
159870
163791
161663
160165
196789
158990
163159
161949
159181
162013
165172
195407
162020
161493
190071
163670
164172
159938
162026
163377
159444
167157
162851
160991
166963
165430
163389
165142
188724
160251
161774
159821
160010
164074
163782
160622
165483
168422
162401
162418
166603
164381
159301
165671
162556
167506
159000
163436
164001
165118
162561
166718
164687
166027
162310
160409
162987
165033
166099
163216
161853
161689
168527
160013
164590
166431
162488
162543
162326
166906
164339
160558
162610
198265
163883
216291
160707
164825
158070
161354
164201
165172
160595
164350
163197
167148
192753
162097
163154
159930
160445
165882
162999
161997
162788
165036
161339
164732
203769
162407
164693
166199
165185
160626
164817
165828
165313
168358
159195
164185
167192
168088
160466
162811
158936
164973
163309
162288
165501
160908
165318
164879
196696
159245
161265
162671
167383
160691
159824
165711
161529
163710
163730
162439
166381
161072
162249
160387
165236
171712
164878
198402
165005
164510
207342
159806
161986
164949
207580
206968
164860
162365
160891
163516
163302
161253
198132
162008
162149
165377
161389
162568
162860
212278
165185
163098
163964
161542
159980
163843
162449
162478
160896
165443
164553
161772
162696
161100
165083
163469
166973
199042
163667
163977
164829
163446
168738
161436
162732
160399
159956
165535
168029
160454
162427
163959
164114
164487
162371
163627
169502
161786
160840
165188
160756
164738
162081
164297
211764
162615
157520
163264
164079
162817
165379
164240
164955
161878
190784
160918
163446
162392
198468
163355
159643
204739
161015
160515
160012
162936
164865
163177
205321
203934
163361
167177
164490
163735
161594
162817
163127
203202
162599
163006
163152
165707
159533
164025
163264
162787
164153
165539
164412
170538
163823
163299
160332
164074
168808
162398
161253
164405
165707
188277
163464
159663
160971
163889
161574
164568
165993
162124
163299
165730
202725
163084
161094
159624
159505
164918
167768
168560
164556
160980
161378
159492
165154
165653
161967
164894
166249
163822
165130
172527
209919
174072
163719
161103
202994
160591
164911
161664
159547
159414
162204
168781
165233
167563
161329
160569
162020
166563
165075
162022
161049
160754
158797
163565
165738
164587
162508
163645
161069
163785
162736
164765
161913
163017
166725
162372
163202
160368
172945
162302
163853
161978
167112
163147
162353
163872
162461
160736
176591
197528
213173
163343
166987
165084
161333
160808
164469
