238767
215944
216450
218683
217791
220117
207164
205824
214269
224014
215088
212156
212837
226396
208657
227785
222793
224630
217659
225478
220710
215354
222959
213095
212300
227895
223256
218165
234811
208348
223183
230358
222775
226671
218173
223702
214337
217072
220891
218744
245751
212178
211004
212536
224334
219003
229983
224226
211950
229737
224896
212699
218917
202698
201272
203957
223941
210314
217006
220813
218338
211380
223203
213677
242784
223004
213516
227648
206070
229772
217716
213327
216152
225041
205895
207365
225819
227133
225391
212546
228253
225570
223408
218796
220558
222313
202747
217980
222582
214839
212660
216632
223972
236516
217749
213793
227630
231941
217635
199521
218819
220859
210546
221440
212153
216244
216245
208248
227191
233263
211444
215475
232356
223726
217372
216115
213733
223023
229048
234474
211857
220278
229481
215742
219431
222827
216461
227269
216017
202948
234668
214534
224515
214524
226498
243669
215823
225529
219967
224712
221974
205182
232404
218110
228954
212360
228255
204200
243268
228526
219409
231268
227377
201867
211949
233817
219967
236396
217701
214349
211597
212683
214728
231075
219937
211954
225002
216929
229229
219491
204417
217776
223991
210267
213402
211596
213850
212369
216154
220177
213584
219352
211252
226220
210897
224820
216540
213070
212457
215270
216365
227032
232961
215767
198945
216622
225176
229056
227315
230539
218564
221263
220376
213458
227061
224221
211589
230296
212255
228330
206852
229619
225730
213104
222461
221031
212776
216796
229644
210601
210512
210290
215103
222954
221144
211982
216657
225088
213870
226614
222024
217649
217386
217002
228818
212032
207877
213666
224389
222909
219208
218929
212741
225409
234964
219950
218416
215160
221882
221111
211242
231362
217426
223339
215419
219004
200166
220512
229101
219787
206125
212158
223286
223545
223836
211799
211229
220852
231753
212272
251745
221445
211450
222829
211513
230948
224305
223941
216377
218812
216021
210491
199895
231469
218345
210078
209748
222781
223184
215222
211419
220384
210386
225856
221378
220318
215375
210838
215653
205130
218612
216403
203922
216254
206638
217471
220714
203168
219964
225410
219669
206424
222016
232822
219472
214356
231635
212566
222734
224421
212190
215253
212408
215686
211930
226722
220438
217349
223882
232103
204223
207453
231073
213862
223414
223874
229306
215721
219473
222775
215796
223275
221549
228406
223635
220479
213473
216741
217157
221392
214024
219074
193275
215761
222221
216303
214776
212604
223946
216583
221883
209853
200285
210981
215914
207630
226898
228756
214920
213808
214956
195182
212782
205320
213874
231048
216108
233053
227996
224225
222531
203862
207168
236141
210218
212694
222363
209797
209475
212124
227894
221828
210224
225850
211093
206189
203754
205618
213246
232464
217908
221344
225912
217513
222164
227523
221462
209656
202861
216158
219753
214367
213318
212562
217949
220658
216814
221047
218619
207776
215736
228156
223525
212376
209814
211531
210617
211951
217227
224994
233193
224942
217546
221369
206839
220391
218597
211984
207218
230061
225865
207966
216780
210872
214273
205744
227442
219144
210638
218071
218324
235029
214401
221941
215675
215587
219954
226483
211765
218919
215845
217134
198950
226536
198854
204733
219129
221806
211473
227974
216585
208067
222634
225817
224512
212985
204834
222882
220031
215756
215639
227859
209873
202631
218805
221490
220872
211411
225668
204186
221642
215865
216534
216203
214884
220861
227997
211753
212274
216683
220754
225305
222240
214520
217048
212562
221865
215548
211970
235450
209488
218925
219272
211703
219752
208168
213321
209881
201714
227974
210858
225227
214716
211293
219447
207382
228062
224109
216748
202896
227051
222432
220944
205307
214160
210418
221509
216590
197338
211852
224255
213671
205933
216476
208548
212402
199998
215873
213492
216640
211820
212391
207220
198094
206947
210090
221907
208196
223089
205398
203668
205497
209557
215340
210668
194222
210485
219438
227879
229428
213066
214164
201975
214088
223441
213942
214855
203001
214519
214126
223547
211716
207242
224661
214384
205190
203829
205728
212416
223762
203934
199439
211261
211608
214357
222954
215227
228757
226512
223373
215863
209518
212259
211133
217498
208769
224519
207699
220284
210707
219404
203472
207043
218089
227202
215048
222353
214423
201196
212617
205297
210604
206402
206920
220574
220885
210212
208988
214232
230545
222380
200526
215871
231635
211933
216255
210615
210395
231757
221596
214317
211427
227941
221865
200621
203673
217259
218289
207655
198666
222230
215214
212945
219870
219709
211413
212785
215025
214266
200918
228834
214202
218643
212636
231380
218948
221418
211845
222681
216651
218914
227464
232324
216126
210362
207325
211445
210426
216467
210181
198879
213564
213203
220194
210341
226935
214127
211491
219317
216024
217837
212014
212713
211731
213457
195005
195060
217883
211265
223252
212800
205382
213949
203217
208764
222731
250535
258081
212009
247208
242340
216334
214239
202199
208395
202941
205298
216428
216557
202598
241003
205824
203187
210554
213212
218594
203991
207648
212877
204282
208583
220787
216434
213267
204965
199088
202962
218224
226013
220752
198766
217015
227069
214389
210209
214629
217029
200834
215005
210954
224032
224570
223960
217315
229031
204422
210264
214465
214470
224177
228821
230820
220711
212824
238462
242631
239999
238986
244172
250255
250703
242945
208154
219311
207181
229585
210616
213410
216720
218694
205363
215496
221785
213475
211015
201653
195808
208904
211894
214173
218334
211452
205904
206331
205773
229517
214848
210866
217180
208504
206436
201893
199852
209914
209327
205469
213208
215970
204428
197832
206380
213794
202904
210044
212199
206983
194281
198243
208845
220348
207744
211222
213272
214652
224834
198544
208853
216536
204294
204897
202317
218061
220800
211062
214862
209843
207536
203716
216364
207689
213392
227039
215909
214558
192376
217187
211839
212117
205286
216829
215399
222506
216682
207873
217036
221342
203010
225115
212389
202797
215576
225098
215623
212286
215709
233875
217065
199808
210312
219509
210180
218722
214621
220399
213969
206489
208019
208263
241101
250091
248176
258903
234450
221589
202830
203620
222130
200941
228596
211859
222132
257321
265658
263083
256212
245844
251095
267595
256408
206631
218924
211037
190928
208954
216881
214823
216495
209267
214771
216227
216138
200437
217049
210064
210927
199802
206567
205775
220154
216204
203848
207536
215953
219019
200784
220693
201268
205727
204310
211555
222394
218597
200720
201498
214176
203559
215448
203690
197960
221841
212368
226060
217563
218880
198782
209840
200328
221487
206099
223256
212995
205305
206354
217040
207872
212445
218802
185803
213768
206971
202432
210946
216965
207302
213212
198587
206342
217412
196890
201263
217395
206304
209465
208710
214644
203569
195836
203921
210349
224824
214166
225096
206715
222234
214632
214729
200750
204363
201627
217228
208339
215736
195440
222307
204002
221199
199474
208709
215732
215604
206781
197002
208751
202849
220335
201079
227374
211965
217860
193837
216530
208565
211011
213085
196437
220564
201107
214409
194302
199459
219025
215219
208452
205050
208494
203918
211870
211932
227044
206253
211126
211902
221940
207210
206603
209819
203883
211303
217471
203325
217381
207426
204026
214980
214482
203555
210582
225206
196931
209383
219116
212483
210459
209654
205925
209111
211363
206285
224865
224306
208765
212155
196518
220206
211704
210777
212968
230930
198533
197914
203919
210757
214013
205234
209701
209860
226476
219410
200649
215084
203318
201646
219714
207089
210582
208400
218892
215390
211631
212280
204664
221664
213558
226576
207510
214623
218283
214822
191820
222433
217249
204432
203093
219087
201283
203961
204966
199844
201639
192980
213291
220957
199350
205440
204642
197821
208881
201546
206831
203064
206710
206004
209214
206900
224724
213269
200980
206550
217714
232043
214538
217504
215275
208062
209087
200778
199414
221991
208202
216335
209942
204499
201318
207100
218563
212464
210091
211900
216580
203613
211568
214648
213865
206264
214160
208899
196787
215908
214101
214483
219395
219069
219255
225863
215082
219434
205292
213919
207064
203594
220452
212784
212046
235228
215422
214523
228206
205304
218802
214520
209542
209985
221679
197529
197000
213907
213167
221957
209556
198439
212171
203226
199553
200363
215630
222577
209507
219413
202761
203974
210510
197399
215709
211102
212755
202156
207270
198971
205160
215693
203269
209142
194984
209321
225130
204787
217756
210935
208439
206077
211446
202509
218299
198361
216434
202068
196552
202963
195572
201418
206171
202000
212266
200130
222986
197089
212378
204788
194252
214086
211054
222010
202691
198586
213649
199146
218189
204339
208288
218250
204642
201780
207328
200462
213112
217982
208332
217524
216281
198785
209052
203869
204706
208442
207591
204650
202478
196353
211284
218486
217351
215503
206454
205609
195950
224107
197904
200130
203974
203538
204848
208255
208145
210424
202406
212651
219031
204941
207414
204590
207518
211865
213058
226713
227710
217641
212308
200387
206897
206393
191313
217534
214990
223078
223419
211074
212112
211785
218279
211715
215665
205936
219395
229298
206409
216685
207281
213667
217428
200827
209620
209295
225174
221843
207715
218947
219796
219647
208366
207291
216542
202567
216316
226693
220834
205594
214728
211293
209680
214689
219611
199414
212101
204607
206154
226807
204615
214642
197781
208934
210889
218693
210445
194142
210012
216565
221467
216050
195706
214882
206390
212873
234521
200342
203731
215161
210868
206007
206581
208814
206605
209416
206816
229701
213458
199219
204601
207985
220996
222381
205960
201305
222570
205049
215905
212676
213003
213602
214793
203669
214954
205224
214664
208221
215157
222100
226858
220616
209132
222452
218559
217446
223271
228842
201804
219845
214397
226803
226999
227242
227923
227646
216648
213019
217767
237096
217405
221100
210105
212388
210864
208804
218459
197981
216368
205433
218572
229281
216078
220751
207915
200055
225072
190663
220810
206504
212057
203187
203165
215487
212151
204338
211844
226904
205916
213096
211413
209958
215723
227103
230343
199564
197891
214758
206169
204888
214196
203734
206711
212136
205240
212450
218945
204941
209066
208533
218373
194961
209658
201983
217968
222825
214556
196139
226847
205682
216187
212649
210342
188676
207196
202950
219623
201504
200297
211562
197571
212431
221221
203360
205464
207351
214441
215887
213645
220009
213428
208669
211111
205463
201687
207891
204926
206556
221379
201565
199527
207100
205407
198687
216180
199764
199980
203997
211537
209567
213254
201396
221445
211806
218072
210449
202563
211505
218685
209941
208535
201796
205899
216707
226789
211753
202133
207944
204816
214206
203894
205777
214378
218558
212483
202347
211815
212391
212427
217747
210296
207141
218974
206535
198521
203475
213209
199576
220179
195326
195570
215879
201586
193859
198203
208488
196105
216655
209839
206014
206647
207401
203067
213453
200033
200895
203879
208473
192360
194632
200081
190815
194638
205134
197754
213828
206372
204047
216299
205922
207807
190433
199397
210456
210653
194103
205843
199075
204954
199185
203635
195332
206083
201667
200645
200823
210184
206172
205089
219256
212008
200786
203900
209824
210082
212404
205470
189748
209173
213653
215742
207299
183775
200955
199636
194277
202696
206682
204171
212947
197217
196965
216005
206485
198157
206968
207918
195916
213438
202151
189819
201795
203700
202870
195446
219487
201202
216922
202689
205096
198141
206137
201214
201912
216325
201111
210429
211065
209384
203165
201659
212395
194990
211469
196969
212551
207673
207380
208338
214162
207658
203218
208409
215390
212092
194916
213859
200957
214704
202315
208493
212318
212522
205898
195382
209423
199369
209897
197549
199732
213963
199486
215621
205210
211083
209574
197883
210488
195238
209854
190221
197643
206306
199458
196674
214745
202864
197626
208021
204609
198491
194746
198475
191851
194643
206731
201217
205316
204888
197016
197177
191354
208305
208372
198244
200153
195469
197509
187586
203838
194929
199849
199657
229867
213291
196844
209189
220927
199686
200419
218309
215397
206749
198560
197321
210488
212718
200366
214350
200975
199896
194122
202107
202724
210466
198666
209885
207820
216397
209833
196676
206180
204047
198839
192305
212174
194799
200058
212529
209468
198035
204451
212127
201488
207775
199463
210598
211038
212784
197286
203728
210003
221701
207395
216084
205508
203717
207022
214950
219093
209566
208273
203503
211776
213717
207079
211049
218956
216360
221299
204086
212026
212146
208759
204235
208315
199470
216572
212491
212134
209203
218836
204388
209980
207127
194019
205824
209400
207917
204504
216474
215523
211652
226009
204191
201116
209779
215340
209769
203772
202354
209618
223538
214901
211120
207973
219201
226469
215892
216574
210819
204322
214207
202159
210289
213703
209361
213043
213607
203734
215169
222883
202387
198876
205343
202236
212825
209510
205083
225942
203564
219428
206708
205842
207619
219575
210522
204049
198659
214534
205119
214027
206973
209901
217322
214178
219522
218881
211384
203286
209961
216672
209559
201853
215700
205617
222168
210097
211574
195083
221819
210116
211631
208225
212364
216733
218632
221682
208236
205953
203079
203606
202198
218426
201661
211401
211885
199818
217304
206103
206984
201113
223673
210849
205203
212932
214059
211713
212396
218648
208234
222123
216743
222723
214584
202487
209524
213963
209648
201769
223887
201652
213488
203087
212914
200135
230194
206445
209969
207445
216012
220983
214028
221679
217478
213638
215674
211175
217618
211274
208370
217279
211729
194524
189398
181071
177925
204324
199652
219051
205112
200862
204668
209035
209775
212023
209180
208087
203919
205377
201872
199382
193895
218881
206800
196008
202616
201079
208721
205514
206384
198860
208714
207085
195141
201533
209425
189597
199883
200449
206795
206630
190495
201483
198358
215400
191024
187019
205166
198537
200171
190801
188282
208723
195523
210777
197722
211799
202042
208690
205927
199304
192044
192599
203731
187124
208114
207839
199242
198565
192265
207475
218138
203106
192731
191424
193705
204157
201652
186764
203588
183493
190236
205307
217805
207459
195731
201383
211682
198932
204363
190803
185071
197551
203111
208189
206538
199061
195120
192955
189291
193276
205267
196558
204017
207273
205812
202352
208831
193205
185065
200948
192279
204034
208967
196466
197042
204757
205003
199534
203616
199419
198382
195313
183254
203376
216526
208940
197044
214684
204347
184798
198985
200904
202071
195841
214030
193481
216802
202978
208794
200194
211671
195135
203857
202902
197721
186416
207282
200309
204277
199103
200700
202786
195789
199276
201793
182652
213406
197705
194736
189213
198427
193780
198228
189752
194249
195108
194965
199704
199503
192051
194766
203569
200283
203438
196428
199647
212206
199233
199238
206721
194297
199700
183330
197496
196729
195368
215691
204509
204139
192752
202826
202424
201847
201686
210331
193121
207800
193799
205840
200436
198642
198040
201467
196683
197553
191247
196515
197055
226335
197277
183549
193687
193474
187600
200253
193841
210731
194091
198485
196477
190655
185169
202247
202553
191641
206306
206333
181126
184059
198895
204698
203423
189410
195594
197087
203839
190602
198835
186997
202794
203875
210888
180677
205803
187343
198254
185602
191122
199282
200021
188170
213018
208238
199936
203524
203515
205848
212006
208148
203916
195431
203885
184364
192598
193099
199616
198903
197812
203659
196770
204974
197068
202574
194728
207689
188416
192656
186493
208920
190731
193720
195183
192421
191408
202165
218495
201906
192337
194216
203837
194773
201794
194811
182919
196208
196490
202722
186838
193203
191320
208348
197428
192442
210910
200419
200360
190119
191261
190006
194336
198607
194403
191829
206036
180612
193538
212196
189803
196460
194602
199077
194943
182988
201666
184265
186713
198000
188112
203463
200092
202318
198249
192002
208750
190857
196427
207060
193821
200338
195428
184881
195310
197011
189978
218871
191219
196730
199854
194526
215903
207363
183958
206550
195842
203923
194517
189162
203511
202138
187013
188890
198760
215314
197372
182147
202652
191895
206164
219086
192775
195166
187031
195432
200161
199301
192271
195308
205062
198926
211941
185192
216224
205633
189799
212851
196696
205873
188867
204606
184859
189862
198405
203096
196963
177463
197656
186839
193494
202477
199139
204280
199124
192567
207699
198465
199941
206826
189868
194275
209090
193725
197163
206390
198703
185181
202908
198659
192491
202569
210663
198408
206074
193058
204965
193274
197776
203919
207278
198299
193447
195354
189958
185356
211401
204617
196075
197001
189350
200729
200454
207713
203914
212392
199578
190870
201408
195142
213921
207800
189549
204912
206860
200722
193367
217411
199063
199924
202749
188930
207799
187241
208025
200537
195533
210263
200154
196228
197586
200536
186708
202808
200464
189466
213054
219691
194354
210669
196854
203215
206769
206060
195338
195120
184812
203695
216159
196468
195678
186637
201543
197862
194222
199708
194902
206912
193727
208203
197536
203267
199859
205735
206508
212486
189836
194330
190506
193911
208824
189722
209564
213336
203788
216396
190138
208276
187862
210372
191419
203160
213425
202690
209745
195818
209563
197956
203228
200839
199233
192416
196792
209676
197679
202820
206695
197735
215440
185958
205371
206697
184372
196220
190737
193252
207355
197949
198892
195377
190890
192292
187694
203706
202120
185525
203351
206639
191753
198788
194147
193065
202973
185695
204371
197535
199096
201110
202531
200842
199628
177568
206700
202202
192610
198830
201980
199583
195180
195917
198722
210105
202297
192094
201411
199071
205113
197472
184622
206877
193395
205620
199515
217969
200624
213119
193530
194716
202455
204861
200838
202755
189172
198637
193946
186212
207794
206689
200017
211077
203811
192346
199892
191290
196555
198221
201267
199765
190883
186561
195116
191415
189709
215264
197679
200117
198886
196795
201558
199831
206391
190512
208970
210600
197570
197316
197795
199825
207401
194449
195247
202326
196767
197588
202287
196443
197721
197188
198821
212253
198722
203328
188645
194286
193880
203530
200640
214320
203295
199943
193003
192981
196870
198304
194999
207903
200390
187974
192684
193109
195868
204822
195632
206140
197147
202525
188768
198603
198065
190031
204670
204529
191248
195212
203966
196915
189886
194681
204098
199878
190824
179996
208293
200852
200358
189693
196724
184444
187202
187687
199818
203724
207283
204973
186417
202533
197709
188872
199128
188356
208768
193258
195460
200844
208200
191926
203551
207845
198700
187147
202321
198952
198359
203414
204622
191219
203999
190189
206861
199572
194675
193691
202646
202441
210906
193437
195795
196256
208920
196404
213170
198460
204629
182290
192317
212877
205051
202837
196792
201301
195830
218830
194756
192601
204086
193424
198574
208187
189232
199236
196245
199188
195886
190521
202429
192958
206108
205136
214985
182972
214644
197449
190597
199026
192725
206051
208696
195348
198498
200130
203268
195456
207562
187465
189456
196080
209122
218055
193644
205555
198367
208132
198195
199179
202943
189275
201525
190472
190669
192466
187229
191351
194422
206465
182074
201747
190103
198101
203029
208520
190327
183958
187728
184986
192788
207597
198411
196944
190119
211092
210063
184735
202895
192775
197333
193291
187899
198877
189370
197334
210211
199434
195827
184743
198260
200003
193211
201158
199609
204154
194170
187229
192560
201718
201014
190404
190367
185268
194923
200799
198896
188989
201199
185431
192318
204988
213178
201473
202914
200002
188763
201934
192133
194955
198021
187099
200615
188498
184315
186919
198742
192437
199572
201135
200477
201228
207074
196941
193813
184416
200584
213873
192251
193883
189862
204451
195086
193960
207770
204252
179091
197474
205639
188880
196223
189853
195299
198517
197847
205490
208088
204011
192287
198561
184269
221725
199835
198486
195586
200697
189916
200689
204239
184774
199339
206543
195589
191546
206985
194264
196497
195015
197533
188654
192636
203526
192695
197987
196433
193248
181599
196718
201018
195426
197765
192002
204332
193158
203857
192090
199010
194102
185480
206748
188545
200331
189985
195900
210663
195383
204600
200092
199135
196016
195182
194160
207999
201446
179822
190851
190072
198643
190852
202348
208287
205144
198962
203179
199015
203466
210987
189449
196531
197085
210921
199226
196396
205438
209236
199135
189006
193688
188908
190489
200117
198810
206372
201007
200477
193074
209335
194223
196249
201739
204225
184093
186549
198967
196391
202329
191449
198893
189979
197153
202878
194832
197531
189885
198752
197099
200020
205712
199598
200290
202207
199033
196142
195496
200206
182524
190183
188942
200206
201412
199800
194150
197068
195154
195114
195315
206889
202711
204579
193219
201025
181317
204763
190606
202731
191984
193327
199883
188722
194961
201610
201034
194252
196855
201655
194076
186575
191942
191489
209235
204663
189513
187936
195836
188971
209721
201662
187635
185281
203716
196022
182918
197119
204024
181450
195280
202148
197783
202837
200595
193556
194194
199829
197320
207140
186685
199826
193823
200076
182133
201774
185735
188199
203777
192529
196405
211714
200133
215810
188932
183591
193545
203275
199241
191358
206119
206301
206588
198366
193626
204298
199641
184746
193363
192642
194591
193205
184486
194263
204886
197480
206300
212518
198017
192983
189826
208119
194513
186708
186929
197618
196699
195263
184450
203144
195147
197051
197275
188325
186995
191339
198589
196652
186769
181425
199146
195535
200791
206642
196907
196205
200928
201668
188096
190066
190226
194528
189937
198195
188859
195923
199131
197694
186192
190863
200235
198248
209618
193435
189559
194452
198022
183885
188897
201779
196652
185383
197657
192750
204145
193230
187779
203395
194726
185786
188911
184924
181972
199410
202218
205648
197561
194795
177061
204788
193556
189966
198590
189475
190173
195579
203996
196646
193435
191325
197647
190231
198008
188485
197650
190871
190660
186818
201087
187828
186404
199528
188853
206620
203230
192889
201936
205190
191225
180378
189186
190763
202063
191389
199421
183291
184414
191932
189019
184826
203336
192507
188744
196819
196317
196527
182591
183428
190463
194274
196219
194603
196269
196038
192103
182520
192829
185347
191126
193094
181679
184419
183777
199470
179391
182283
184916
199381
195446
183611
182849
193602
192975
191901
176338
189655
198045
201670
195334
195593
189297
193305
197808
205235
195255
191635
198204
187979
197372
187994
190820
198978
190157
196774
205186
186057
188024
186091
181242
191163
199929
202686
179205
194076
193476
195487
194488
183303
197170
192256
198400
196212
196597
196018
193400
189942
196591
197105
194311
203829
194737
180518
216738
201035
201704
199915
181184
179950
190472
194012
192400
174258
181048
189025
179023
197373
198435
181820
186931
181469
194854
183313
195159
194933
196767
196695
184911
199593
191330
196904
185426
186217
194907
202110
191065
191976
189466
182617
179457
195148
197052
185069
186794
191780
196714
201143
184851
208686
185234
187949
190068
189947
184980
190983
187719
197170
183549
193524
190603
185753
188891
190765
187572
195659
207185
198567
200244
192578
198473
191659
184571
204974
194312
185293
198065
206792
183119
188807
180064
205671
194583
199362
199424
180860
197215
202137
183260
180226
194333
192269
185647
200399
196471
187932
198532
192497
191173
182292
184816
181188
193291
182931
190283
187031
204072
198393
178353
195891
192741
183320
208619
199044
198106
190795
179584
195854
198217
183795
197163
198991
188729
192276
186473
187607
190284
193409
174855
183935
192240
179637
187891
185687
190228
196780
192564
179163
190366
190599
200425
179202
186039
200541
191074
197301
181857
194957
192831
194175
201876
189872
207716
192569
250414
193945
194997
204375
193267
181770
182762
203461
211286
189073
203878
199073
203538
219900
200219
191515
213637
184848
191793
192116
197112
194028
195820
183305
200673
193479
182337
200821
210185
190101
198586
195891
179296
192726
202973
191989
194251
202691
194899
205281
190001
180962
196710
199446
187487
198607
186337
192579
195816
186609
193685
194681
191052
193698
187050
179515
191505
175326
191693
199653
192281
183790
197962
190825
188323
190591
187146
191238
188381
191803
176798
194699
190509
189635
196559
188894
186967
193792
174699
189772
193436
189095
182596
193810
187563
199205
188596
189569
175260
202526
189931
189029
186581
192623
189754
187922
183764
198453
206046
219727
221539
193249
195175
202308
185258
189007
182736
186591
188323
195513
205002
185418
209356
210180
191428
215664
214387
208470
208092
212913
213498
194604
190551
199962
185742
203966
194989
194099
192851
194087
207105
201944
183384
175493
192308
193340
189305
200872
203518
187300
185837
198794
191772
191659
190511
189509
190396
185044
184464
182259
183247
190397
181777
185812
199353
188500
185158
201955
187642
183052
183870
185854
187864
184473
186911
194994
188010
183015
191555
195164
198392
179031
185824
187690
185642
181500
194146
194160
189160
178207
184550
187134
184671
185710
201814
182259
184511
182590
192856
198351
176250
192731
198917
199021
188894
197993
191062
190731
188868
202362
191025
181202
182444
195107
195580
193309
191416
204935
190915
209097
179487
174918
188845
198477
189962
195436
192037
182908
187074
188740
183775
196943
189121
189432
181663
189330
179837
185749
194108
186905
194004
186101
199558
187831
182713
186132
190400
187854
187144
184849
181245
190853
193976
185929
185291
191060
182738
188325
187234
193124
209777
196896
194329
193509
195781
203706
198201
198960
199485
187482
210972
192814
185851
198215
189872
212911
194280
180546
183867
179002
187980
182780
196197
183832
192778
193464
182783
196137
200711
188482
195112
197533
189687
199510
183883
192578
186330
189185
196756
210628
189823
185718
197216
183515
186626
187603
185008
187822
187231
185007
191975
191655
189307
186968
187265
183841
200093
195982
187552
191154
199969
188560
192069
197968
176903
193455
185172
184576
180513
200948
190766
192489
182646
183276
182053
172895
189883
184905
183963
191227
191293
175105
183344
191224
178116
199210
190336
178181
189453
189672
172691
188611
176908
176471
201357
187669
172648
184877
179353
193060
195140
185801
199997
183492
191580
197601
181489
175477
190898
192555
187598
187356
186172
187084
183133
184820
178558
183219
182330
186919
171528
184236
177024
186786
173623
183717
177705
194365
180431
187750
177738
187193
174417
183174
181962
179966
180284
174017
186747
178502
171757
187253
185275
175985
177462
184101
191342
183540
183176
179383
171091
175352
183537
186009
178688
184058
182370
189736
179266
184077
181888
177856
183539
176107
180792
177745
192074
193222
180389
190842
181689
181700
171156
189990
172781
179558
191245
180732
165253
178464
186755
184363
190279
175424
218274
183471
206429
175430
185860
176364
179561
194697
183382
182625
177503
186110
185101
178966
202842
184307
192451
190054
189933
177232
197302
180868
182910
178854
192886
172032
188370
182642
187403
186032
165063
174881
186341
178333
180111
184541
185543
182781
184290
177496
187079
169971
184877
181072
178908
180789
190946
182655
187700
193746
177195
182277
183625
184279
176166
183919
181490
181016
175444
185408
187260
194203
190454
170215
176446
173074
181222
207112
213638
195553
202338
190241
176498
191498
183650
189704
186311
182649
184466
177615
182615
185230
179465
193214
182196
186908
174446
183668
172985
177448
182441
194248
207120
202017
207184
207346
199793
212011
169657
180019
191821
185675
171168
180969
185385
179960
179102
162889
178620
186667
178219
186235
177231
179682
193078
200348
188701
185672
199507
169473
188279
196527
216217
214451
183004
187220
183037
190611
184116
198513
187126
173719
182660
175323
175109
187785
186100
187160
175018
189755
183593
182475
182536
177763
183063
188332
188686
181768
178823
176190
184240
169737
191691
177046
183564
178300
180417
176719
186452
189073
181399
175419
181824
178028
188318
178946
181412
180950
175546
182967
180999
180048
186238
183138
183396
196750
165111
172397
180256
186160
184077
194215
189356
185176
176367
186375
176799
184297
178911
185465
185243
186505
177123
176009
180148
175984
190049
185523
185729
188031
169013
171779
179823
184026
191753
189839
195396
180919
175592
194018
173876
174231
182001
181344
189945
184801
181157
180312
180615
177176
175082
168470
179359
178082
179100
181291
172923
178505
181404
172685
182818
184561
181163
173688
180279
179681
216044
186734
181028
185454
182582
184351
176798
177291
181660
179803
187343
197363
170638
182293
177461
176966
184454
176979
173225
183710
180066
177337
169284
190397
173762
185895
178141
183031
191587
176431
185581
181483
203390
177434
180893
172210
176928
176464
176794
189996
178922
198023
174826
210818
184413
179757
170177
182265
174430
166008
177583
173372
174876
184073
172815
183531
187971
197923
180722
184146
179184
172132
180445
181202
176018
178276
188191
176833
160978
181814
182761
175538
172435
178381
179442
178487
177125
166127
179001
182046
177612
181973
175166
166414
168338
181574
187525
172211
185648
180421
179740
169996
180081
182291
179767
172101
184913
171096
182628
186232
170750
169819
174886
169958
181198
193164
170942
175717
174310
182983
179729
181897
186713
181014
180796
162329
177054
180449
164537
182206
189339
176296
171408
184886
178836
181707
184625
172952
170656
169951
167691
184017
181818
177302
167352
179838
181471
174038
173741
179268
167197
182545
181905
167288
181622
178383
173296
182624
173022
170591
173048
183867
178040
159073
164415
171130
184024
170288
179905
189876
171774
163057
184280
200183
182780
182729
182926
175189
182816
169687
176525
185955
168923
181897
168366
177388
173217
171903
190149
169288
190908
182999
180908
173513
172014
184879
177205
183140
183974
168862
181835
171448
175981
188375
165929
178597
178440
180319
179157
180922
176016
173914
174497
171544
171424
177886
178403
180204
175274
174592
190900
170011
193290
172707
176427
171687
184920
186119
172986
178675
175638
179481
168585
178072
174466
168487
188123
181383
167404
172474
181716
167511
176366
174115
176788
178946
178899
171688
192310
191841
188711
171381
181593
167320
169537
167197
176811
176287
176001
180559
181742
177800
183871
168155
177361
177669
185524
187162
177600
199631
174831
164349
180866
177664
177129
183393
175337
185943
175564
194985
183411
188657
182892
177950
183210
176663
176973
186140
185878
177770
191004
171626
181562
184215
180856
179927
185970
173464
182020
181531
176573
184755
170553
178499
186744
164462
174837
183482
171204
188098
180353
169477
165784
171908
165179
178668
175136
163799
178860
184653
170487
173433
170018
190955
198566
199700
194546
194139
200156
178697
176296
185666
182808
166637
172970
175752
187529
174882
165646
180067
176189
180324
166684
169474
176900
171269
177738
169779
177105
184313
183988
165869
165535
177146
167030
172584
183429
176888
177098
172585
168603
179902
165288
168637
170533
172847
163919
165725
172998
166569
179203
177254
186789
166436
162167
178832
182493
179681
188447
174469
168759
174258
183461
172214
184709
173189
168841
177729
169316
173700
170602
171032
183240
178828
171997
165125
171513
170522
175415
177893
173948
170731
185262
175569
184374
180220
178418
191275
164073
171077
173639
171266
166435
163563
171217
169901
171713
167301
158758
180978
166344
167696
185543
178210
178916
181007
180722
181744
175241
175559
167282
170623
175065
179280
174118
172798
182800
177092
173059
174013
158541
177583
171941
176027
181367
173460
181917
180526
169342
170524
181457
165623
178830
180235
169058
167819
176518
165515
157581
175433
175940
165920
183093
183034
171907
171879
177674
160436
165544
181092
172111
177112
171371
164353
182138
165937
184275
166963
168054
169455
170126
177932
170694
169341
174114
168327
172047
188174
177717
178308
170765
180010
179933
181360
170824
183765
181100
173586
166781
170366
177659
172784
167341
174513
184849
169347
182217
173604
175891
172700
175713
182016
215506
167641
172252
182599
179239
187674
180230
165045
175770
186231
172090
181333
172265
169872
170149
165436
179448
172636
168684
171579
164931
166047
177151
178922
169062
169381
177973
177489
191333
178022
174342
173253
166643
169868
176425
162155
169095
176473
160198
168463
161892
175650
179624
182847
162737
170162
185586
171912
177547
173243
171636
165539
166320
173107
175006
171856
173861
168261
173055
168430
158487
170250
171581
182788
178759
175198
172105
167780
172070
169837
182158
172264
159057
181577
170192
176346
161866
171090
170134
176958
164455
175494
160881
174598
173797
173425
164684
178042
176715
172177
171562
172158
185213
177380
165325
173484
179459
163998
172420
169366
174878
176394
184456
175741
168289
173841
180957
171801
176649
167430
176160
166155
168210
190431
207483
202928
204249
196899
204298
199609
197773
200854
195668
190206
204565
167638
169257
166689
170396
176975
169219
170833
178419
168433
169515
179904
172778
175438
186281
172881
161959
178281
178125
184885
170314
164730
164735
173956
178372
168385
177333
170637
175343
174934
168520
172962
178073
181285
171654
169166
164690
172234
172653
168018
175056
173694
171733
165727
168655
169909
159562
164456
173921
167342
158063
167256
173222
168483
166585
175929
172737
175790
177960
159377
166411
170239
181152
173460
169019
166706
167604
178691
181023
170125
173723
182150
170630
163974
175629
176204
173236
171238
163282
168862
169899
172587
158470
167063
166003
166920
180058
175734
172253
178344
164560
171315
175264
171535
177786
172109
177312
200761
199355
199764
205535
201102
166004
163524
166385
152409
169819
174693
168572
166207
167625
166954
160840
165664
171090
183016
172985
180346
174137
174798
174411
168002
180141
163716
180034
180650
168594
173122
174960
175268
163990
167357
161466
179262
162811
177473
168798
169083
180258
171033
180567
175058
171040
187081
177849
203637
191389
170664
162153
175518
202680
182098
170927
205089
206958
176260
171781
164599
181425
169281
171862
161324
172200
178324
158601
172547
172223
160028
164917
172278
170752
173626
173986
183770
167748
167684
168828
179108
170809
161966
166232
160831
167726
158242
168176
168726
195126
203172
211243
197415
169843
171530
172710
167346
174830
168218
160655
167124
171164
177392
164899
184923
174631
185954
169705
173206
173293
166815
168634
171417
170963
161494
175227
170788
186760
179269
173610
160711
172866
157659
170945
175627
163793
161636
181122
170903
189365
198275
179480
162257
169527
178888
166812
164820
178308
175159
169849
207816
207550
174778
167717
172638
172704
180893
167934
182722
166917
175206
167694
161171
172727
202102
199609
200421
197913
159541
173765
168604
167507
173596
161438
173070
168602
168367
175529
172959
172390
163160
179348
180033
172662
170320
175223
194141
201915
217110
204766
203129
206442
197980
173228
163909
169880
169722
162924
155331
174357
156603
173874
176709
167854
160296
165500
168238
175594
172256
174216
168529
174398
167686
167671
171484
172511
163330
165275
169149
167277
170949
171537
180571
170907
167785
179489
168942
166453
162555
179673
174271
176097
180117
160053
165869
171991
168353
167923
171113
157247
175471
159408
171819
179924
177170
172760
162172
169499
173966
177253
159917
176950
176077
213209
197914
208944
207472
200573
209845
203893
196872
199461
198022
202379
199500
196957
204354
191611
198958
206702
197020
194518
196794
197332
203447
196620
164017
167374
169853
184455
165590
162343
163508
157652
157962
169037
170342
170212
163789
178984
165865
171840
181404
172808
165603
169076
171074
161283
183365
164925
169526
171737
156038
179347
180494
173458
169083
164390
165523
166046
165971
173469
159847
174835
163206
170361
159209
164500
169614
171010
166075
177083
176511
158323
174101
175038
159455
160765
165238
179184
174298
168744
161817
165673
171795
170468
179464
178025
167278
173120
172597
168816
161897
172574
172831
170611
159111
164292
180283
174465
170623
167477
166475
169277
168806
167045
175002
161421
171733
187035
163810
159901
174086
173773
175480
166462
167609
166413
168814
176485
161873
163567
166488
166840
164150
162615
164649
160251
155856
166475
175441
170025
170897
167376
168059
161973
166740
158252
168382
160943
168690
160625
166869
171205
161208
178146
167730
177515
173860
171895
159742
174529
176972
169572
168747
176281
161585
160150
174181
155356
163895
170507
167824
159375
177180
178107
160006
164657
194865
167747
175213
165778
205144
196401
214009
216593
172680
171688
158164
176051
162301
167585
165780
164150
168880
160188
162347
165543
177847
166168
198508
168868
163274
165459
175499
166731
174831
181717
210092
208356
204068
202171
201735
201825
192818
175641
196674
204698
205536
208310
204455
205244
178374
218095
206577
207917
199562
175345
178406
164691
175512
168395
166354
166029
172594
169455
170864
167153
164241
167723
175285
167579
164376
165519
169580
177130
165451
174510
166162
165817
162213
168254
181104
164768
170532
164730
167566
180117
171550
176714
185903
165993
163451
159402
165790
161740
161451
175185
170262
174796
162597
165472
167112
172386
159937
172679
169916
166800
170954
159720
161904
171944
162366
161560
165753
167963
178415
171653
167411
165330
166373
167403
161666
163665
177294
170477
173412
162287
174212
167803
164051
164159
175822
172205
175614
163557
164025
163859
170875
162091
161217
152235
164159
163942
166282
171056
159958
173936
171578
169350
163154
166309
153981
167678
171418
167925
164743
172791
174827
167683
175416
164374
164506
157090
164289
177140
183088
166745
177375
163095
172029
172371
165405
165830
177806
164903
167796
170196
173779
167169
167995
183671
165911
161770
176299
157865
158200
165247
169587
169431
169369
176953
167312
169929
162649
167110
159085
166269
172244
159556
163442
178547
160333
167708
172332
165410
158672
173015
169839
169388
159144
162552
164041
170610
164782
176310
170409
174235
162678
155578
159271
175840
171670
170824
170928
166144
155884
169897
173355
164272
164507
171372
163435
163524
176934
171296
162970
165589
165292
153218
169340
166450
170855
164720
172037
158430
168289
164391
161375
177132
154282
168227
167970
169436
166075
166455
169573
167129
171844
176840
165087
162413
164279
171365
176769
164138
162987
162088
161895
171074
175927
161470
164827
163952
157955
162576
167009
175486
159425
172679
165212
164567
164438
159724
168141
167583
170010
172454
174323
170502
164268
162851
157860
164153
162892
163144
169808
169246
159637
166800
174518
168621
161533
171815
160640
166707
168984
169010
165769
170889
162540
159012
167564
157638
168403
164977
156665
159300
177445
167469
158722
173356
167716
164204
169455
161148
168921
169884
158935
166129
161401
165338
170497
162869
163559
176247
166533
176227
161956
163514
165147
165652
166294
154866
165157
164413
170281
166134
172263
173061
171527
170331
175295
173885
163439
163459
168381
160847
161971
164231
169353
167134
167038
162893
172463
160146
177187
166043
171042
161426
170713
167067
168722
176192
168437
172052
154931
158848
160643
174780
165886
173069
165729
166906
166038
158701
161597
170381
175903
167522
166077
159090
157388
165974
170875
161009
165340
154532
164903
157492
165454
171339
163993
172330
166597
157036
198229
198522
203902
204403
199140
200702
202378
201265
206721
167370
179004
165902
159787
180077
158636
161526
167237
159847
157436
166568
164543
164594
163428
161416
164520
179012
162544
164810
162390
160468
165117
163685
158136
164825
162563
166315
154396
163542
164962
166159
166041
170751
171574
171342
161968
166490
168878
166046
169709
170365
165784
162394
165539
160271
162091
164690
170327
163742
155761
164004
172657
164941
160779
169559
165227
157071
164084
164987
158754
159475
161355
162233
162359
177747
153439
165281
174631
165001
171874
164322
161695
197524
201417
195523
199452
190850
159511
153130
170167
162142
166341
158351
158416
173454
164270
174966
169030
173989
156498
161513
166164
167706
165689
160432
157735
163441
164234
168431
164586
157755
156699
159580
171276
161705
158154
165013
167009
162262
173467
171731
152766
165878
160411
162316
157442
168402
165828
167711
156935
159403
163204
163426
159019
163697
164913
156422
165227
158360
162399
174869
166535
174684
172971
160945
163355
169914
157177
183179
157813
156549
164961
165544
166131
164612
157102
183658
162412
168736
172230
165993
157793
160761
147515
160700
170320
169086
156275
163047
173130
161265
163385
165030
156868
174582
163021
169575
160054
175479
173007
173299
174683
170041
163748
167085
164794
166213
167541
162648
168798
159682
160849
172851
155384
158542
163073
164635
161343
160675
168114
155545
169810
169308
172088
163013
158992
167791
166381
161102
170486
164606
173489
157894
161740
163902
168364
166883
164845
167829
158109
160668
167714
161897
170066
168042
153768
176835
175482
167887
167603
166579
160959
159927
153696
164945
160805
163374
158459
181384
163756
155620
163299
165065
154170
160626
168011
167035
154551
167092
160121
160989
165724
166681
160540
158342
170911
154573
161093
165433
169026
155187
167098
163281
165051
165162
154869
161620
165134
201738
208658
194602
199600
164263
176389
157438
160861
157958
165196
168616
166459
170490
160614
155020
156553
162413
164858
153945
162690
167026
165099
164762
173088
155723
170290
173624
171410
172490
158885
157592
176314
156282
148947
169831
161184
159367
170544
171547
170058
165714
159821
173042
159060
164345
170358
160431
160800
163597
162338
165204
168373
170354
161725
168462
156691
170364
158333
158660
161280
164595
160487
157648
163764
170282
162562
169201
157084
170008
165575
159974
163183
150053
164659
168044
170215
162941
165101
161596
191892
201764
192201
201123
170780
165824
169398
167610
161675
167356
157259
155823
161430
162608
169985
165530
168944
159345
164120
154834
162423
164103
154708
165793
159074
161977
157902
159539
159842
167691
160238
164050
157594
173848
167053
166775
159922
163808
163456
164564
159110
163547
170357
170191
166169
167159
164548
161936
167472
172446
151758
156319
160052
164376
163717
165419
160794
160691
159791
161804
158699
159613
157329
162907
168778
164999
167008
165024
157655
167475
161665
166974
166425
177975
173883
157463
155410
156508
154005
164269
162258
158834
158008
157355
163761
163958
162022
159026
160771
167041
152454
152683
163075
162359
148224
169157
170766
166071
162891
160198
162825
160770
162076
163200
175380
151614
156507
187824
204238
165013
155341
163089
174739
160156
165105
164846
160877
159096
157979
161355
171093
159397
167164
164749
163978
165034
169188
164960
161058
169540
160813
166730
161453
162292
167482
156828
156604
162390
158573
164407
160994
165368
156109
161592
160443
167053
167629
163874
156916
158830
163514
153827
163766
166645
157903
162574
169416
165629
156096
164413
163718
162969
159762
178837
183521
175689
169737
160223
165164
153452
162085
160717
158773
161651
208731
199116
157912
165674
161153
177571
168380
164011
151314
165473
162780
156668
154189
159438
159633
160347
168504
160024
152641
162177
155067
169688
152332
162819
160593
156929
155949
166971
157609
163187
163487
170511
160768
158124
160343
169578
158237
167457
162938
166315
192528
187771
197137
158336
157606
156945
165361
166615
161667
160466
160599
156879
154568
156039
157107
160984
159104
167570
150806
156471
156516
162257
162465
161658
158503
156822
159647
161800
160856
158055
157602
171366
154931
157167
160218
157880
159838
161919
156760
157562
163105
171278
199036
165640
162076
167476
160065
163389
164543
158401
162378
160065
153629
155874
165411
159097
162945
165493
160864
155898
204083
204120
199624
172558
158734
156201
160633
159443
167401
164704
167015
163170
160499
160977
153575
156606
166679
160452
157635
151406
159653
164466
159617
177349
159804
164186
160921
156111
161021
156968
161009
155872
152193
159614
163376
156465
156432
156361
160180
164290
155771
154325
161607
162708
161787
159721
161753
159502
164377
165656
164102
165886
161080
158718
152287
165895
157138
157309
166794
160146
165078
157745
153026
164879
163042
171779
159551
160750
158598
161883
170124
164941
163919
155572
160067
164116
156327
164047
166015
159716
168655
164985
158644
162814
168764
156172
161888
149938
167948
165430
154645
160552
159777
165922
164338
156303
156212
158600
152246
158740
166586
158924
156805
164342
154719
158611
162826
156906
158437
163535
166128
166381
159492
156668
155968
158355
165761
161188
163332
164993
156336
156516
161030
168181
162363
159964
161170
159068
172685
167141
163967
157119
168771
159820
164599
163029
171181
172808
155059
161137
165518
164518
168379
164423
161070
156154
156801
162521
160464
155732
159702
170308
156145
161637
161935
164359
164876
158583
180147
159662
159920
158844
163023
166354
160089
160565
162527
161756
162370
158164
165333
158496
161794
162765
163296
161647
165672
165467
164779
162747
154473
164561
158052
167044
151443
157978
158472
162677
167636
158983
157216
161718
168617
165868
154808
149066
161076
172265
163371
164412
158705
162902
157293
160122
157835
158902
160630
163296
156988
161665
161442
165342
154804
165271
162769
161490
156513
168104
165217
162264
151936
160638
156917
151248
164457
155527
154426
159015
157489
158005
167398
153276
158947
159526
163522
167283
159117
171144
163101
155766
162621
154280
156383
157036
161887
166608
167605
162917
164496
164042
164223
164316
145356
162269
168006
156272
160476
154970
150818
157193
162483
158918
166464
164263
158907
161269
169842
160418
162203
164114
159222
157135
161575
161942
161103
160522
160415
163508
152673
161035
159604
162761
163122
163502
158009
159804
167765
172645
167764
162733
166168
163657
165287
158898
154311
169973
165550
161355
163242
156661
153915
160291
158241
163406
155399
152796
156879
160826
163177
160497
158798
154873
174768
156277
159279
157790
163646
162925
163368
157214
154374
159804
149822
156353
157431
155492
166248
159879
169153
159625
159396
164832
165849
163010
155912
154891
164421
167443
160813
174026
158949
162157
166935
160743
157763
160246
157263
154009
162861
166523
155335
163435
158977
155621
158037
156832
161863
155274
156062
160121
164944
162650
162816
167151
159735
156734
165940
159855
156551
167886
159597
157733
158790
152612
157837
157101
151468
168639
155816
154781
160562
154064
163353
156586
150245
160950
165296
150370
204215
193893
190961
203399
162465
172478
154857
162909
164332
163281
165366
155253
165182
162518
161246
158375
154902
170023
160948
156419
154683
162278
163933
155715
157904
155760
167920
166421
162393
159767
165062
155772
155192
190143
187169
189611
169009
165668
168927
156319
155722
162416
166906
161594
157033
161621
160040
161325
164161
163388
157495
162842
160462
153655
162599
157258
160071
158731
153594
155735
152355
154107
160525
168350
150554
156185
160826
157205
155122
155076
154806
160405
153375
158525
157752
155834
164917
161924
163220
157128
155925
157465
156291
159455
168703
149798
161471
155493
156192
166077
151210
167177
158371
157640
157162
160280
156702
165703
158053
168949
164136
161170
161329
167952
154289
155779
159102
159064
162856
158903
156012
160216
164765
154654
149720
149959
156944
157404
162027
159976
165671
158589
161217
162838
157038
160098
157452
153042
157718
149160
154089
163636
161219
166417
167203
162740
163705
158476
164234
153793
162838
164093
149759
159639
158154
165591
155756
169614
163017
154947
158797
149441
151447
159778
166778
161299
157309
154073
157083
152870
167599
161617
161161
155088
149248
155477
158649
152447
149648
161556
152402
156867
157815
159759
155869
156089
154763
154723
158592
147778
160301
154029
150199
162668
163026
159879
161037
154677
164299
158821
161752
155729
155889
155469
160762
155700
157902
144778
159908
157587
163908
158417
158839
154821
161028
156628
151292
152456
199985
156792
150990
165128
163633
157474
155875
163366
158576
160661
157163
162667
150841
159012
161006
164380
159475
153829
153226
172055
156092
158873
149575
158264
164159
156614
157910
152660
157585
160522
151922
154821
154618
154617
146485
159968
154331
148028
159757
189122
197963
189286
190861
198967
156022
161278
166109
162289
150826
163411
187790
170381
193020
151435
161022
156909
158984
157893
156374
160379
157444
160902
159414
163940
158237
157540
153526
156859
151740
158033
152694
156128
158034
195885
189763
195508
198061
162378
161835
164994
167299
171572
158922
161113
157927
159459
158399
161094
159399
166480
157919
161342
152992
157448
163354
155434
158178
155023
160834
161623
152455
159532
159279
162037
161956
154876
148380
157356
154704
155175
156146
152320
162876
151042
161449
161848
155479
159369
157773
157265
156931
160654
155822
154337
154160
152647
155707
155926
156424
155007
158049
162495
158092
159806
160727
157111
158612
159755
159581
152035
157493
153708
157713
155049
160003
157215
152968
157294
156329
154836
153339
162508
157599
152938
152036
159144
152284
160379
157558
163078
159601
157882
159139
157957
157223
167604
151676
153311
163286
160116
153558
167213
162891
159446
157444
153027
172832
171507
192986
198174
196754
202624
159015
158295
151602
158232
160421
156914
159380
161212
157833
159177
160832
158033
159815
148745
154322
159386
159180
156403
155806
158788
165357
158154
155218
151383
155285
158629
155007
153150
153189
159461
160854
170505
157440
150861
159465
153102
153331
155425
161960
158092
160625
158256
159811
163228
158546
158089
157112
153576
157802
157778
157731
157858
152626
154567
156627
154456
159053
156341
156448
152798
150543
154207
155210
156071
158134
155470
152540
162967
158957
155848
158454
149266
153676
151427
157396
150201
158982
151209
160789
156724
161124
153756
155609
161693
156026
154803
151058
159232
156224
162860
155150
158110
154587
155192
156368
156287
161848
160446
162223
162546
151888
152271
157081
153244
156375
164305
156290
162089
148970
159141
159317
158234
156480
154291
152900
158578
159836
158285
154521
154506
155886
155059
157936
158882
157745
160655
159655
159879
156075
157874
157631
155437
156998
160935
164643
153326
154089
157748
158075
162893
153857
168013
166584
200023
158698
161933
156705
159083
158730
155339
157037
150856
158075
151141
156257
157147
156811
150385
154353
155389
157119
161817
157966
159954
150348
163466
151278
152031
158996
154987
155379
157967
153027
158926
161422
152107
163059
155697
159926
157248
161504
161516
159795
161141
157986
156509
156608
156388
159044
150869
153121
158603
157193
156947
153061
168711
157907
157781
155972
160620
156355
160630
154617
151648
156931
158932
162117
153551
159596
153753
153813
151529
158453
162300
160677
151789
158659
157329
157382
153090
152774
161871
165161
155104
157487
169545
157494
163446
152506
160665
155522
155578
158620
165558
154647
163796
153762
152741
167706
155096
171597
161909
154972
161935
168943
153776
152704
153050
169427
194472
195105
152850
156368
154911
151138
156285
154143
153305
158059
156649
163309
156631
159807
154236
153635
150971
155075
151336
156855
164474
163451
152341
155815
161518
150370
157297
154643
151250
158277
153211
158985
160813
152815
153178
157221
154091
156511
150925
158230
152350
157119
154642
151444
160262
157018
156872
159224
156608
155504
154119
165192
158298
169004
161040
173146
154302
159138
156088
153858
162033
158412
156158
167066
152121
163710
149188
160283
153498
156369
161468
163358
155423
159631
158916
153591
158552
153745
163996
162561
165574
153723
158345
155083
151607
156379
154640
160099
152485
158714
155605
151052
157148
155575
153193
153623
157898
151154
157828
156603
157625
155989
160288
153718
163519
155714
159139
157325
166752
156586
156144
155655
162566
152542
154074
154494
158395
153464
150250
156683
153360
150681
159403
150238
162985
161368
156645
190725
192552
160189
193889
195584
172514
161996
157633
163237
159747
162083
151168
152833
158534
155175
156234
155627
161830
153975
159726
162323
150824
152234
163242
159484
153102
152122
161159
149483
155140
159504
154097
156390
160051
164910
165975
151770
151281
160578
159520
155867
158214
155894
152413
160891
156253
156689
151518
152522
154946
154477
156128
164957
155442
162396
157969
190162
159304
154220
155814
164763
180698
153875
156173
151938
159536
153428
150045
161775
159745
152139
151413
156917
154926
155292
155101
158999
153341
157415
156004
151926
153065
156031
157550
163255
156157
150771
159637
155112
184987
159077
181885
170911
190443
152152
148121
155219
155552
155111
156321
159695
150776
156051
150048
155817
155012
159623
150084
159197
152729
153341
159123
154414
155244
155381
164704
162470
155877
161817
153029
159330
158006
152418
153729
155314
154786
152932
152030
156997
157992
155547
157992
156697
156648
156851
158133
156332
153519
153937
157857
156680
154427
170195
154142
151418
152629
153350
153675
154933
161555
156716
161369
155056
158202
157033
151087
151897
151279
151095
162145
160050
155740
152126
153967
160979
155738
150168
152886
160199
164980
163349
162236
157008
147524
152999
151342
147345
156912
152279
157316
149397
153656
149559
162116
153799
159239
153129
148517
150882
156703
155320
166418
163553
156115
155318
153714
158487
151543
153682
153890
157419
151491
157027
154898
155418
161253
157502
159255
157487
156765
158806
153407
150794
153429
168287
151474
155101
155702
152270
160928
149254
162572
158057
160687
152440
159443
163738
156534
156710
158914
155286
160476
159627
155880
153962
157687
158157
162777
149177
153008
153507
150497
159732
154878
165754
158852
149407
161665
158198
154010
153994
153761
156582
148536
157544
159325
151632
159558
150684
151184
156309
148874
149509
156632
152728
157843
155752
159741
152460
163341
160137
150066
146998
156394
156489
154142
151902
152913
152825
160071
160664
157760
160587
155387
157392
150695
154470
158376
156697
154803
153373
150345
161739
156324
156868
156869
155118
157450
150900
151230
152185
157166
157251
154232
154391
161319
155281
157600
151280
155962
161028
153112
158495
148819
156407
153759
157532
155301
156978
152069
159369
150549
161780
156507
152664
157801
149387
154963
155360
157173
152995
153850
151398
150196
156905
150063
150571
157316
157646
157643
158944
158860
152082
152519
151331
155656
161273
156115
152501
157007
154489
150214
152955
155421
157518
154350
157126
189212
201550
200751
194342
201678
154681
156883
149960
152883
155941
157787
157615
157943
159279
152171
162819
161620
158561
196729
194271
160121
158589
149418
156529
152295
158071
157916
148967
152493
153939
158576
160971
155985
150132
155795
156351
159450
150267
151388
200050
149702
153340
161195
152490
147502
155410
151727
160167
156778
154723
157664
153296
158909
153296
160426
154745
151111
156377
155340
156956
154902
154708
154481
155812
157304
160274
158912
149617
148416
157446
147468
155583
153726
153354
151324
157499
165361
158674
152488
157885
157471
155276
154646
156280
153611
155662
152795
196861
192866
198274
156233
157918
156652
201917
150302
199577
161350
161156
155457
155052
196004
201261
194358
153770
150494
155534
149880
153359
157155
155380
158368
153008
157191
154335
152098
153392
157027
156450
153366
161732
152523
152490
153745
153720
153462
155514
153130
194406
155681
164101
152797
153051
157369
152128
154860
158424
160130
153625
154331
151446
154416
155831
159205
156665
148992
156457
153496
156181
151584
159931
154392
153967
149170
155040
159369
160301
160735
155458
152242
157682
153853
156140
154147
155530
161864
160877
162795
159452
197993
161217
160731
147104
197294
199201
158270
165131
162111
161210
167022
161496
150544
210990
198359
207145
199990
195200
200356
200161
201584
198912
152583
150357
157010
200819
153667
153696
152102
154689
194226
195567
206650
208517
157463
157153
156745
158668
153459
154468
151576
151370
157700
158497
157563
158335
150465
153769
151239
158898
160417
157667
155636
156682
148698
157430
154657
155662
151543
153609
155635
153514
153552
157089
154580
156678
162860
160211
157209
155541
158463
155838
154766
153470
155807
157608
157546
152076
157859
153696
150339
154401
156988
155714
150467
155177
161599
158468
156808
156891
152430
158043
159714
153449
156648
151045
154669
160908
149739
152182
153852
151495
153381
156634
158276
156503
152624
157090
151039
196102
202828
196656
197043
151613
154008
155279
160214
201639
199871
201086
193066
154627
159739
149891
152119
154716
151083
149398
156526
154318
159051
152942
151241
159633
156820
153543
155161
151948
153942
158862
153665
156392
170792
152351
155891
151776
154921
152667
152552
156935
154145
158310
160371
153286
153558
154412
157127
154350
154234
157960
156924
153741
156851
161071
155893
151942
156951
152305
155363
155273
151945
151265
151893
155706
154098
156372
154570
156298
156887
153557
153888
157534
149531
158513
155324
162458
156339
150793
151351
155307
159718
155032
152980
154603
155183
152286
153440
150002
154063
155193
150646
155555
152371
156911
153727
153089
156379
152288
150761
153052
157718
157455
157918
147831
159479
167909
161770
157067
161337
162473
155453
151130
154314
153497
151994
152881
159246
156544
155236
153247
158928
154692
154125
151760
153103
150357
151295
154578
153250
154925
152978
151280
151102
153279
158451
152768
154882
151376
153020
156807
156072
159533
156607
152551
154633
155677
153134
150420
152876
155949
152542
152399
159649
159624
158249
149742
154429
156735
154630
152647
154162
157432
155394
152896
153477
156746
157662
151613
152936
153987
158814
159046
157124
153218
152212
150318
157431
158330
157582
158231
160257
156418
156374
151849
151633
156828
161427
158323
152699
152173
155014
162963
159445
162775
167373
158002
161928
163095
155156
198702
201265
197019
195651
155809
163809
153059
203956
197748
204881
155570
159135
152192
154346
152394
154770
155510
153169
157668
154911
153808
157036
152114
152229
151819
152796
151036
153621
159510
154661
150106
156605
154276
153186
154548
155511
157969
153425
153610
154956
155528
150371
154761
155526
160410
154567
153040
148103
156697
157847
147707
152693
155137
156192
148897
153370
154712
150432
159308
151906
156726
157472
154688
154657
153961
150592
157247
157551
152662
157201
155738
150582
150121
155623
156493
152802
149706
154497
156195
160690
152399
155544
152328
156739
159677
151961
154472
155158
156829
159039
153123
157002
158917
153619
151778
154909
158251
154473
155224
151780
154475
155270
155544
159749
153802
153051
157939
151768
162312
151726
153898
156685
153178
155503
156621
155844
157375
157743
153819
155542
151366
158002
155116
158933
152364
158328
151236
157651
152879
157232
152963
153083
153348
155010
151811
156021
154317
158345
151114
151600
157049
151579
155425
157873
155709
155449
155652
154711
154117
152780
153821
154329
156566
160268
156860
158307
149807
154820
152980
154213
155465
154792
158634
156424
154013
153789
152737
157002
159278
149850
154559
156335
156637
152127
153272
153099
155596
156201
158130
153146
154409
152670
151877
154274
155946
151975
154451
150515
159398
162753
153533
155598
158528
155377
156981
154344
150606
152393
151835
157469
157449
155246
152438
204068
206556
206480
195817
153531
152460
156739
155247
156727
152591
154312
155760
154452
161832
152147
152454
152429
152687
154394
154540
152537
153691
154261
155669
153145
153485
152472
158406
153292
150738
150886
153818
155631
155906
157849
152165
152470
160111
154015
155294
152239
161211
153340
150714
155125
154012
152290
152545
154104
152494
154510
153520
154343
157202
154613
155255
154300
154586
156243
151421
151797
162928
155408
157011
153574
153725
151844
159998
152322
152599
154078
153329
155874
152915
157828
158783
155770
156043
160582
155156
160448
154335
150617
153918
157834
156952
155182
153726
155379
155644
160711
158264
153524
154727
159998
155998
154831
154611
153642
157294
155082
157462
159368
157984
156225
155625
154013
153919
156773
158916
152430
155269
155251
154237
153992
157923
157005
155119
160114
156991
154941
153562
159087
156506
155900
156113
154515
152207
156553
160560
154266
155382
154171
152775
157893
157521
155248
155655
164698
158853
153759
156104
160559
155866
157812
152687
160458
154319
157140
157200
158243
152374
156371
150737
154733
159811
155207
153249
153565
153061
155068
156940
151232
159439
156374
154771
158022
153706
154476
158687
157001
152663
153859
158251
202074
154789
157417
156489
153698
155940
154948
158577
155104
155302
150737
152720
156792
155519
157699
155501
157264
151648
156160
152568
152200
154197
153688
154826
154498
156206
157391
154706
158370
158074
156304
151468
157433
155845
163037
162664
155049
163566
152140
156207
153533
160059
159749
156416
156575
153682
158780
159214
155253
158926
152350
153222
160069
155644
154937
161642
158715
152985
152507
153853
154626
155526
165683
157111
159953
160979
153561
157879
163506
155748
156636
155168
158018
156905
155214
154081
163595
152280
168099
166791
156149
155009
160914
163213
165468
157973
155217
155621
154545
153821
155818
158204
158544
153745
154236
157157
158665
153476
152698
158185
159647
159146
152971
160745
161554
161224
155486
158798
155799
156173
156138
154911
157255
154482
162021
166234
154721
170579
161284
167837
184338
173447
156926
159906
174549
174262
172476
161582
172429
167818
162791
174391
153890
153358
154551
158148
155506
161155
156627
156160
155691
156323
154649
151815
156078
156537
156359
158443
156307
157607
158598
158113
155957
160032
161809
157695
164303
157867
157266
158355
159859
158385
156559
157628
160266
160671
153121
162400
159950
156379
161315
159135
162231
155198
157163
155099
182866
183502
184446
170472
189177
177488
181612
182631
171635
168665
176055
177977
168691
159698
160950
158675
159236
157346
158148
156317
156810
159655
157525
159805
156424
157899
154695
157321
154720
156076
155201
159690
155629
161932
176714
171813
185223
172020
165473
169901
187193
173241
176595
161118
156283
158012
155603
160155
154906
158108
157037
161862
159970
156360
154001
159861
157607
156452
161699
158054
157716
156414
158116
160529
156583
155946
155726
156485
157196
158838
160615
158515
173750
179846
182135
172783
191576
177399
157120
160972
157153
160681
156709
156407
161778
158399
159035
159547
158350
157554
159515
157420
160650
160209
156981
156007
159841
162181
157762
157857
158505
156519
159377
157157
155116
157160
158750
155671
159846
157115
159325
155763
160478
156594
160816
183416
193603
158437
155316
161895
158529
158271
158041
160125
158619
160699
162808
194534
192772
191203
186894
189884
189854
179966
177037
157567
156663
157995
157829
154518
164065
162546
156816
163754
155971
159099
159576
158715
152742
157399
160171
156218
156366
158794
159068
192402
189254
186385
180119
158986
160689
160206
158755
156544
157576
156425
160017
160676
156135
158860
155212
157567
158050
159619
159050
157493
159200
156851
155570
156561
159821
158138
160209
158758
158950
158639
157320
158113
180278
190716
158181
161521
157377
158972
162387
162210
159733
195697
192628
185564
186826
156645
158213
159568
157999
155288
161002
159421
160575
157492
189755
197713
193131
190538
170941
187353
186650
179294
191745
195148
154844
156183
159929
159067
158564
160710
164610
159881
161093
161999
159285
157659
158883
158885
159888
157981
159018
160558
162008
159059
198068
195390
160835
159887
158913
160898
159641
159517
201560
185273
200691
194423
182625
190084
189489
182642
194812
180785
187672
176047
159019
159202
160110
156853
158474
201468
181253
204417
190065
163667
161606
160093
165790
162063
158951
161701
159972
157381
200667
201597
181093
186909
187515
157871
195521
192423
187245
161718
159154
158771
160955
156204
159591
159197
157351
160566
190502
161090
158833
161385
160097
186135
204282
189667
190748
186678
198917
201109
195446
200520
189027
161222
161328
163283
162415
159948
165006
161102
159489
155132
160131
162970
163071
166188
161627
160956
188808
187817
159280
197211
187895
194595
188179
194411
197735
157849
201051
206238
198820
194836
167190
161117
161078
161646
165514
158275
158927
164765
163308
163311
163040
212987
197764
194772
204345
202125
207556
199790
160294
202165
198109
161250
163059
158657
163076
160172
159996
161889
162218
168170
160893
165058
161891
205011
208198
206572
206217
160988
157852
162651
161515
205285
202255
207964
208702
159926
165582
161843
165301
160097
160912
164540
161960
162806
161141
212017
203860
205127
206505
205280
206356
204486
210098
200587
161672
157650
162341
163514
160747
173903
162302
207341
202787
208585
201363
201216
193957
198629
158838
161600
160951
165544
166079
165287
161700
160780
162497
205100
161626
163485
201633
213691
203357
205034
212308
164583
162946
162649
163876
163011
164140
212259
206823
201082
207852
164217
162545
162074
161213
174476
161033
161391
164165
166095
170356
166955
169568
168044
163563
161872
166303
164386
163444
164563
166530
168762
165220
165292
159824
165122
165261
168123
164035
162842
164223
162604
163041
207525
201155
207043
166668
170507
203876
200729
205308
206165
163471
198501
206122
206953
211823
218009
162514
207376
204685
205676
168088
165648
170375
171709
168134
168200
164255
161938
162822
207746
213795
220196
204152
163691
164937
163380
160579
173802
166433
169188
171869
166027
172978
172331
163689
170081
165836
167517
168905
169552
166051
165649
175323
163301
166132
169402
169365
204216
211840
209280
168909
212451
204185
170844
207936
208882
170432
173539
170642
167465
172612
170448
166258
162636
169618
168057
175568
167025
167593
173867
177717
170555
202990
207671
212696
179914
210585
207099
209151
212677
207153
203470
202775
207014
208099
219502
215666
206638
203216
206838
167947
173076
179108
208066
209747
207501
206331
204751
205415
207761
210009
205531
216803
208689
207079
210746
213747
173458
176572
181674
173277
176346
171909
210050
210126
174106
175001
176695
175482
177017
170337
205510
207047
212858
201151
217331
177422
178478
180154
188149
181275
187389
182531
172710
180941
207853
207514
207592
211811
209180
202023
209654
212632
211191
205553
182349
182351
176630
176808
175821
178353
209294
210985
206632
206395
206914
173429
204178
209413
203627
206969
206850
179295
176476
174938
181140
176885
181580
180621
179677
174453
186638
179513
185225
188418
180227
174178
178111
179857
184545
176735
174771
177018
178374
175317
206029
174137
177007
189519
181900
181272
183160
188949
179949
178136
186939
175042
178572
187723
180243
175673
182243
179339
182490
177421
179229
182884
173154
193222
188649
176336
191289
175615
183098
180626
182402
179485
187349
182162
183762
181730
187919
180672
184346
179619
185849
187076
182390
184922
187658
191207
186903
184101
185885
189527
182806
185277
187001
189786
184646
191834
188131
189454
179335
182958
188984
191345
187682
182090
180780
187695
188516
183515
185396
190980
183397
183908
187041
193082
172246
189027
187646
193732
190154
184886
188870
195579
189638
190562
187831
188091
188799
194570
191746
191964
186097
180910
179480
185104
182498
188357
188608
195931
182761
190460
186430
183913
183046
185189
192282
190735
192232
185889
186208
182737
188431
181381
187548
191795
193727
190542
185286
190810
195003
193682
197916
195479
186278
180039
193298
192838
192742
186894
194238
195168
188599
191474
190809
191941
193912
195415
195590
200056
188090
193386
192231
195930
190502
192114
190741
199260
197892
184552
193796
192534
193458
187854
196572
199988
186472
199696
191826
194644
195326
184130
193091
189609
187445
195962
195480
201356
194285
190937
197501
190752
198645
196101
198970
192172
197064
199493
188928
184077
194252
185947
193730
192343
189385
180546
203873
189648
188597
182594
199200
193335
203283
193866
197952
198101
194508
202937
199299
196202
196339
200236
196332
193618
196214
193997
199651
198599
198481
201790
193004
194305
195229
201348
200203
193435
197795
196198
196636
196078
196379
196998
186951
209137
198243
204149
206183
195537
192628
198425
201830
207193
198814
202836
198286
203779
201291
196834
187847
202673
209002
201603
195764
197757
198979
191300
203798
199388
192877
198230
207148
198780
203205
199888
200748
198351
194349
196606
211374
201595
200980
200907
200710
203687
198270
195440
214494
199292
209061
200009
204418
202134
205836
207930
206960
198350
216171
195075
198316
202152
203783
204254
203100
200755
203280
204135
215375
203191
205102
202721
205271
202000
195981
203742
199041
205028
207520
202906
202246
197964
206664
196898
211352
205555
204945
214550
209490
203555
208392
198949
209626
199050
203736
204660
207096
206347
207719
202419
216661
207658
208243
205968
205405
198584
205214
211116
202449
197057
207282
212756
205059
208038
207506
216456
204010
209635
207381
209928
205691
204394
203420
202746
211912
209588
212942
205364
199139
210297
212243
209264
208341
206297
204874
206206
201277
207953
209777
207449
206718
212698
212462
210546
214750
210200
207850
206840
219425
220423
211032
209218
199412
214846
209272
205733
204534
205635
211519
209140
203904
208449
220067
215454
209528
200406
210713
208086
214338
211890
202574
211728
212416
215391
213240
215956
214848
204344
205656
209120
211782
214867
207858
208468
214967
217887
214840
215949
204885
214849
214600
215714
203497
214379
208914
210408
214523
217135
208349
223991
216699
216986
209090
217450
219253
211678
209173
207121
210038
215274
210613
217968
206380
205677
210344
211394
210211
212188
211084
213581
218001
207407
215999
211758
215751
210757
211137
212689
218874
213687
215399
211089
208655
213422
215650
214812
214508
217146
222153
213517
217625
211839
208127
216029
216653
217359
210018
211694
217649
215911
214109
209636
216593
208764
208381
215017
214315
211475
212266
212672
215157
216205
217111
210151
211645
218642
216497
215146
214101
211412
209937
217473
210192
219613
207926
208824
208519
203546
210406
210338
209334
205107
221583
216185
219678
220323
213606
207645
215740
212641
215956
213231
210280
209090
213193
218568
212475
207900
214403
210420
207915
207238
211609
212673
207286
215644
211155
220023
205999
208880
213574
200037
205587
210177
214638
200914
213973
207388
204940
202195
211944
208490
208305
215164
212933
213497
209270
206586
211279
211181
204643
207594
203351
203279
196707
206919
209918
218002
213235
214229
213099
206940
216081
213319
209497
218013
215985
