21396
20428
18230
24637
21239
23397
23887
25759
21500
20332
22188
21973
24744
23107
20900
17472
17321
28118
18642
25759
25717
18903
23032
19000
23588
23658
27232
23947
24509
18747
21117
20863
19047
16554
22291
20270
24029
16951
23987
24273
30017
26684
25713
22008
20849
22383
21544
18486
19001
25291
18188
18903
22315
22489
23690
23694
18865
18274
23456
22945
23453
19798
21591
21783
22637
25644
20808
23549
24238
18660
25843
17713
22402
19636
19465
18669
24718
27031
24606
23378
22426
23379
19415
18673
19328
25340
18147
25003
18220
24979
26700
25588
21497
21698
22807
23897
21516
21040
21872
21287
17110
17791
26731
19907
26829
30694
23709
22037
23857
21243
20877
18391
20465
23709
26019
16609
16549
21955
22007
26761
20177
25712
23483
23034
32012
20477
22588
24080
21027
23467
22511
22632
20826
25036
25462
20677
23545
18239
24779
20722
25511
20332
23177
17193
16272
23805
19715
22107
20671
23209
21535
18862
18240
22161
21452
23353
19581
20371
23708
24889
18074
19992
18328
20041
18338
17912
19656
20347
21502
21981
19834
27554
25528
26691
17806
17639
20155
22573
20566
22836
28004
26070
24562
31123
23322
24872
19848
18037
24687
18764
22401
23542
20134
16511
21057
22169
18554
16236
18289
21804
24162
25673
22320
19158
20731
21343
20154
19961
27372
24794
21051
19969
16175
21380
25094
19678
23446
17532
17915
21785
19365
19661
18666
19659
20907
19662
25518
25584
20676
21860
20965
22386
28994
19444
20267
19855
22867
18599
17108
27069
25820
23450
17726
17251
19648
22980
18419
19545
26715
21999
19652
18371
24166
21911
21204
15691
20918
21803
25939
28946
22182
24017
17198
22740
18021
21951
24332
22339
21637
23942
17265
20519
21275
24777
20459
18082
20824
19593
22929
24475
16281
21781
18943
19906
21981
16578
22982
23503
23289
23137
23242
20801
19889
24175
22516
18763
19069
16351
20592
23812
17898
17375
23891
25872
21221
21558
26996
17391
16054
21630
19023
22005
15674
18320
16165
18511
16837
21914
22215
23590
18653
16299
19807
15274
25693
19819
24398
19321
19449
24150
28643
19486
25256
19965
17984
17473
25503
16460
24709
18376
25511
25992
24520
20183
19668
21336
26357
18832
20387
16265
20110
22161
18728
26015
19309
21387
27114
21916
19607
17041
22276
15509
23151
22889
24182
20092
20526
28125
19206
20259
24573
18826
18661
21293
27908
23468
22252
21995
20882
18283
22259
16548
21132
20493
22057
23440
21077
18995
17364
17974
26775
22791
17502
18754
18302
17318
18182
18197
23716
18406
16103
24365
20124
23900
22356
19355
24589
19979
15285
21336
23474
19584
20354
24225
24815
19127
19484
16116
16483
17031
20364
18376
15679
17747
20674
17038
15248
26370
27137
19946
20260
21526
21624
20799
21688
21037
17187
19206
18518
16635
24640
26264
20298
26836
22565
17228
17166
18964
21797
21837
20198
25203
23299
16546
20600
20257
20648
21285
26805
17253
22304
26093
17400
17090
22547
18025
25622
14224
19216
19646
24920
19246
18162
25815
24213
25276
21501
16534
16344
24401
19027
27232
24061
30778
23131
21585
22958
21954
19389
18414
18258
18244
15275
19461
23488
17333
19407
16180
17967
15377
18696
21871
17632
14601
20770
19352
14808
17637
25847
15086
17676
19032
21367
20271
17442
19725
24446
22499
14183
20858
22305
26002
20723
19985
19085
22401
17902
20057
20766
21840
21732
20969
18452
17862
17631
16745
22689
25145
20660
17970
23027
24968
24276
16390
14550
22157
22813
18762
26151
20864
17166
22609
24283
22215
21484
23836
14149
16246
21718
23089
21892
20470
20778
15967
21590
22689
22256
22298
21038
20592
23578
22748
15992
18636
22089
18789
17007
20743
16431
18903
16426
18926
21643
21600
19732
21562
24865
21032
20287
19895
22913
17872
24147
24755
22898
16874
23573
18550
16380
18078
18493
24438
21168
20626
19514
21917
22337
21750
23126
21571
20396
24234
16257
14525
21318
21793
22386
21677
18901
22298
17191
21397
21990
21812
22414
23304
20621
23429
18380
22454
21660
15548
17088
16465
20594
16795
20845
20165
20495
19281
22278
19167
24623
22842
21699
16282
15459
25014
21448
21974
19899
16735
16371
17739
21075
24104
21745
14396
20285
14294
18087
24351
21960
20872
21201
14898
19671
15866
21216
22392
23820
21604
17218
19090
19125
21001
15293
19520
21246
20033
20592
21662
18121
19963
21419
16810
15635
15233
21329
18972
20322
20353
15274
15661
16493
17250
20349
22407
18991
21770
21253
23094
23800
24044
21494
19174
19059
19196
19264
24521
20540
22509
23725
19006
24367
21042
19804
20371
19589
22197
21444
17803
18237
24569
18539
19706
14880
21407
23603
19173
21271
21975
23460
20989
20354
22279
17931
17166
17334
20196
20298
22253
20459
21218
16120
15115
14433
14618
20324
22790
22320
19324
18393
14954
20282
17715
20588
21768
19786
18909
16074
18968
15088
20558
18730
21423
15794
15937
17958
20858
22540
18832
20299
18450
20420
16253
17239
21697
22928
20016
21978
21210
18040
15332
17836
21395
19562
20957
15451
18278
18398
20379
19234
21745
19826
20168
20318
15677
20535
19931
22313
18160
21916
14903
21582
21171
19131
19181
17474
21722
21119
20968
20251
19647
21351
21572
21600
21700
18963
19118
16321
17307
18478
21860
20695
19271
20310
19080
24256
20937
21082
21920
21932
21993
21139
22304
18342
19191
21415
18765
23162
21111
21885
15962
14667
17359
19220
22282
22343
15603
21726
21617
20045
18742
20978
15990
14999
21156
19946
20397
19972
20186
15486
21327
20732
21319
20489
19999
19754
16352
19724
21152
20683
19297
21120
21762
20423
20607
18320
22572
22433
20978
18495
16023
22217
19682
20307
21955
19012
22439
18934
15600
20333
22830
20373
17996
22327
18736
20601
20745
18586
18709
22057
18248
19439
18973
21703
19655
20679
15687
21654
21776
22907
19548
25153
18742
19126
18992
21894
20242
21426
22887
19036
20098
21103
22222
21711
20493
22063
23318
20836
19300
20204
15379
17200
20263
20870
19851
21684
19078
21235
18758
20418
20602
21940
19888
19323
22004
17284
19287
19095
22219
20101
23574
22270
23374
19477
20216
19782
20469
20006
19643
22157
20220
21762
20019
21062
20063
19342
24197
21356
23961
20140
15994
20606
20304
20245
19737
19250
20668
18691
20752
18856
22287
18752
21438
20090
18729
22273
20054
20487
19373
19212
20749
20115
20079
21564
22256
19808
19700
