1718610.0
1785243.0
1911909.0
1608231.0
1773356.0
1631883.0
1551923.0
1498544.0
1688910.0
1802298.0
1652155.0
1762048.0
1541918.0
1612202.0
1715699.0
1951777.0
1947353.0
1372436.0
1839465.0
1492489.0
1566766.0
1865391.0
1628861.0
1836563.0
1657797.0
1562814.0
1447873.0
1595264.0
1649972.0
1854818.0
1730591.0
1757660.0
1855884.0
1958322.0
1680298.0
1796634.0
1616166.0
1920618.0
1571421.0
1604579.0
1303404.0
1439058.0
1546198.0
1671290.0
1721220.0
1658307.0
1752266.0
1920088.0
1867159.0
1511429.0
1937671.0
1865029.0
1691727.0
1678928.0
1590048.0
1581305.0
1820228.0
1898790.0
1694821.0
1640409.0
1615064.0
1784875.0
1720748.0
1685751.0
1637308.0
1546422.0
1711555.0
1627513.0
1579128.0
1839423.0
1484049.0
1930240.0
1702506.0
1811813.0
1827917.0
1832251.0
1558439.0
1532042.0
1588101.0
1630072.0
1676868.0
1611611.0
1839467.0
1847915.0
1876866.0
1526177.0
1890017.0
1548827.0
1907630.0
1501327.0
1467572.0
1495795.0
1717649.0
1744080.0
1767047.0
1654021.0
1743056.0
1710708.0
1726306.0
1744924.0
1913800.0
1922750.0
1470003.0
1774817.0
1410578.0
1274912.0
1600830.0
1666665.0
1590254.0
1740072.0
1773237.0
1927026.0
1759358.0
1594774.0
1454500.0
1975606.0
1998815.0
1657728.0
1713140.0
1487102.0
1790805.0
1526905.0
1600970.0
1698529.0
1294177.0
1771597.0
1665386.0
1576951.0
1768065.0
1585971.0
1645716.0
1653995.0
1745527.0
1547547.0
1508056.0
1744691.0
1626790.0
1871413.0
1564645.0
1745170.0
1513426.0
1761410.0
1660152.0
1932844.0
1967422.0
1657650.0
1813694.0
1681538.0
1751803.0
1609980.0
1708542.0
1849621.0
1930203.0
1742597.0
1729253.0
1711297.0
1809339.0
1834734.0
1557342.0
1504016.0
1890572.0
1829263.0
1884042.0
1883161.0
1899850.0
1886495.0
1794148.0
1782711.0
1711239.0
1707158.0
1812664.0
1389120.0
1489556.0
1519994.0
1974971.0
1940570.0
1808386.0
1648493.0
1807139.0
1722374.0
1385954.0
1502136.0
1533985.0
1289973.0
1656958.0
1527767.0
1807611.0
1903329.0
1544002.0
1830386.0
1637860.0
1695053.0
1751753.0
1959991.0
1732705.0
1649342.0
1860459.0
1983902.0
1860843.0
1738973.0
1584659.0
1485158.0
1653957.0
1869111.0
1774088.0
1734064.0
1764354.0
1841412.0
1436871.0
1527970.0
1715159.0
1783824.0
2002970.0
1674814.0
1567155.0
1819794.0
1639994.0
1948944.0
1968735.0
1702476.0
1814665.0
1796800.0
1889397.0
1816693.0
1739031.0
1775195.0
1508899.0
1540883.0
1729740.0
1713319.0
1733561.0
1675828.0
1373343.0
1803344.0
1857881.0
1786963.0
1662951.0
1917717.0
1905244.0
1447827.0
1510244.0
1689763.0
2027627.0
1905050.0
1822710.0
1644839.0
1867524.0
1836526.0
1467243.0
1674320.0
1928099.0
1881399.0
1562819.0
1671950.0
1774532.0
2056847.0
1760424.0
1673372.0
1477271.0
1380620.0
1671592.0
1619533.0
1930783.0
1648063.0
1907310.0
1692706.0
1578824.0
1665376.0
1702746.0
1587035.0
1902961.0
1758653.0
1723065.0
1613827.0
1794780.0
1905923.0
1737299.0
1791235.0
1698472.0
1572716.0
1974084.0
1713588.0
1830294.0
1791706.0
1675047.0
1973286.0
1628091.0
1665190.0
1613547.0
1715468.0
1651618.0
1728635.0
1849077.0
1577858.0
1646753.0
1879231.0
1820238.0
2003743.0
1741876.0
1592186.0
1887421.0
1964263.0
1600745.0
1525530.0
1716037.0
1678569.0
1428453.0
1928672.0
2062508.0
1731781.0
1834465.0
1681922.0
1995000.0
1849473.0
2004805.0
1854453.0
1920084.0
1731162.0
1703994.0
1661357.0
1880894.0
2075603.0
1835449.0
2062837.0
1547922.0
1781572.0
1560678.0
1926428.0
1819251.0
1618670.0
1358653.0
1803066.0
1581774.0
1780346.0
1967693.0
1891042.0
1494222.0
2008546.0
1542617.0
1882981.0
1505553.0
1563457.0
1556985.0
1790952.0
1826550.0
1754637.0
1454420.0
1841500.0
1743302.0
1963468.0
1800551.0
1760218.0
1867136.0
1528019.0
1834430.0
1707777.0
1424617.0
1741162.0
1782037.0
1924403.0
1682364.0
2009949.0
1638994.0
1685906.0
1616365.0
1758726.0
1793010.0
1373099.0
1802378.0
1851843.0
1557483.0
1875073.0
1868797.0
1783387.0
1382168.0
1632155.0
1696690.0
1707163.0
1749077.0
1916963.0
1660024.0
1957062.0
1765034.0
1774691.0
1716955.0
1617944.0
1703948.0
1846155.0
1941849.0
1940692.0
1469897.0
1630232.0
1956522.0
1834773.0
1879509.0
1953049.0
1883745.0
1969286.0
1625589.0
1903234.0
2003428.0
1598942.0
1790000.0
1729373.0
1674782.0
1861077.0
1573264.0
1781004.0
2063630.0
1708877.0
1641994.0
1886060.0
1763050.0
1573026.0
1539031.0
1825878.0
1796905.0
1981332.0
2027274.0
1946441.0
1813439.0
1928053.0
2018440.0
1897719.0
1787177.0
1945601.0
2081655.0
1576665.0
1496109.0
1860155.0
1836290.0
1787217.0
1757007.0
1772447.0
1689596.0
1704542.0
1921923.0
1840046.0
1861673.0
1990274.0
1594635.0
1464848.0
1870636.0
1460635.0
1663455.0
1961343.0
2000079.0
1854136.0
1746123.0
1695361.0
1805227.0
1518555.0
1661487.0
1985821.0
1819817.0
1805081.0
1811033.0
1748233.0
1463093.0
1973091.0
1697039.0
1474162.0
1930027.0
1976663.0
1697150.0
1879504.0
1543913.0
2206495.0
1848381.0
1922418.0
1563420.0
1863206.0
1934765.0
1535129.0
1612896.0
1614778.0
1690969.0
1975908.0
1981918.0
1552389.0
1899819.0
1429329.0
1628669.0
1346122.0
1633411.0
1721472.0
1755594.0
1769403.0
1891926.0
1855238.0
1909995.0
1886844.0
2056811.0
1864725.0
1637434.0
1937088.0
1869909.0
2050490.0
1867493.0
2066960.0
1943270.0
1782271.0
1953231.0
2167419.0
1803760.0
1853980.0
2157815.0
1920189.0
1512112.0
2053254.0
1927689.0
1849952.0
1791324.0
1874936.0
2022583.0
1927072.0
1578251.0
1692659.0
2109362.0
1750005.0
1723827.0
1522521.0
1791694.0
1875325.0
1863664.0
1677871.0
1904428.0
1873198.0
1945966.0
1793277.0
1730356.0
1778134.0
1866463.0
1956949.0
1977635.0
2012709.0
1699018.0
1538085.0
1860587.0
1916255.0
1710686.0
1577030.0
1641456.0
2037209.0
2127140.0
1726290.0
1722069.0
1981004.0
1530477.0
1832094.0
1939696.0
1671944.0
1622839.0
1720426.0
1728544.0
1636264.0
2220884.0
1989849.0
1730412.0
1674415.0
1828685.0
1806986.0
1806743.0
2049031.0
1744488.0
1700240.0
1767867.0
1731094.0
1778012.0
1776689.0
1648812.0
1708081.0
2037109.0
1970153.0
1761296.0
1908823.0
2004737.0
1776582.0
2001550.0
1858732.0
2054226.0
1901672.0
1690378.0
1747358.0
1843099.0
1721895.0
1565127.0
1735584.0
1810382.0
1836835.0
1773052.0
1973012.0
1600144.0
1572723.0
1717638.0
1992639.0
1700503.0
1973155.0
2021666.0
1927132.0
1929668.0
1583962.0
1786537.0
1793922.0
1926901.0
1727652.0
1726387.0
1783863.0
1667010.0
1726359.0
1825285.0
1649699.0
2036176.0
2113223.0
1742178.0
1747884.0
1691347.0
1730925.0
1944418.0
1685619.0
2027591.0
1824985.0
1719237.0
1758795.0
1745893.0
1665514.0
1752164.0
1688846.0
1906050.0
1660283.0
1719304.0
2140388.0
1955301.0
2021434.0
1858666.0
1944612.0
1791950.0
1832083.0
1835710.0
1852745.0
1709555.0
1864860.0
1589435.0
1667301.0
1864712.0
2039871.0
2092152.0
1594651.0
1790145.0
1793388.0
1890790.0
2019220.0
2019661.0
1918137.0
1788675.0
1682191.0
1723128.0
2163310.0
1820948.0
2125915.0
1949714.0
1600939.0
1756757.0
1832958.0
1795172.0
2178019.0
1811179.0
2010069.0
1748231.0
1703943.0
1700306.0
1863227.0
1961922.0
1868039.0
1855871.0
1796805.0
2135486.0
1873546.0
1743776.0
1849455.0
1864722.0
1739839.0
1978426.0
1910365.0
1818895.0
2025575.0
2067341.0
2109193.0
1785679.0
1872702.0
1853841.0
1831448.0
2089214.0
2133276.0
2018025.0
2026694.0
1937650.0
1829763.0
1871937.0
1773823.0
1778249.0
1740639.0
1626985.0
1641984.0
1772344.0
1972150.0
1905842.0
1975210.0
1926691.0
1729362.0
1857786.0
1756121.0
1738146.0
1847119.0
1689518.0
1820425.0
1899126.0
1829038.0
1845736.0
1711926.0
1800636.0
1989020.0
1984630.0
1652577.0
1927507.0
1865394.0
2182173.0
1845514.0
1758204.0
1924060.0
1841342.0
1741586.0
1684881.0
1779927.0
1816259.0
1716605.0
1969150.0
2043127.0
1986566.0
1884207.0
1824868.0
1773297.0
1825065.0
1824591.0
2056735.0
2157333.0
2145834.0
2197262.0
1812816.0
1680505.0
1837844.0
1971043.0
1959158.0
2194983.0
1897530.0
2044709.0
1847722.0
1796965.0
1918450.0
1900106.0
2032255.0
2035769.0
2150224.0
1875391.0
1945757.0
1756519.0
2023787.0
2190861.0
1964905.0
1848308.0
1708790.0
1916423.0
1879967.0
1959455.0
1921362.0
2152972.0
2038967.0
1803471.0
1714594.0
1876334.0
1769679.0
1955704.0
2148860.0
2167503.0
2054121.0
1841002.0
1938621.0
1840284.0
2182345.0
1998722.0
1986104.0
1861973.0
1882964.0
1846087.0
1886709.0
1903928.0
1888998.0
2079885.0
1842018.0
1917063.0
1772103.0
2046033.0
1866828.0
2137247.0
1798124.0
1917123.0
1905713.0
1918325.0
2103663.0
1775076.0
1800875.0
1863006.0
2013798.0
1896582.0
1813633.0
1790434.0
1774980.0
1835984.0
2036736.0
2148986.0
2088103.0
2020276.0
1939149.0
1802585.0
1805148.0
1973465.0
1840756.0
1946227.0
1637035.0
1919070.0
1862791.0
1871909.0
1829407.0
1796309.0
1790433.0
1815250.0
1987802.0
1905379.0
1889061.0
1945530.0
1716631.0
1868798.0
1811520.0
2114248.0
2221876.0
1986809.0
1894156.0
1765173.0
1822743.0
2132425.0
1824118.0
1849830.0
1925600.0
2028053.0
1886056.0
2163465.0
2230985.0
1911189.0
1878652.0
1867993.0
1881636.0
1923472.0
2143683.0
1964152.0
1867426.0
1839483.0
1893430.0
1945893.0
1942889.0
2175577.0
1964374.0
1833489.0
1922146.0
2000020.0
1860278.0
1870204.0
1953668.0
1909313.0
2005478.0
1750675.0
1843632.0
1901278.0
1996715.0
2134233.0
1832092.0
1922856.0
1947107.0
1848875.0
2031282.0
1839496.0
1917452.0
2137267.0
1907110.0
1800280.0
1900021.0
1989011.0
1839405.0
1997419.0
1869877.0
1884945.0
2006336.0
1989200.0
1847649.0
2059807.0
1937425.0
1988294.0
1831167.0
1952537.0
1853466.0
2184568.0
1892186.0
1888648.0
1814188.0
1917698.0
1652640.0
2021550.0
1977173.0
1984957.0
1844881.0
1874653.0
1927000.0
1815885.0
1979219.0
1961880.0
1846035.0
1801231.0
1844161.0
1916474.0
1791642.0
1778215.0
1895375.0
1973231.0
1916673.0
2176909.0
2091546.0
1965398.0
1915608.0
1950367.0
1846863.0
1983045.0
1836703.0
2043375.0
1903026.0
1950549.0
1868318.0
1930669.0
2021900.0
1790209.0
2185131.0
1990542.0
1970143.0
1860283.0
1919698.0
1772592.0
1862495.0
1766139.0
1963732.0
1951093.0
1952967.0
1960901.0
2189014.0
1998821.0
1851815.0
1955995.0
1904650.0
1910822.0
1894388.0
1975427.0
1988004.0
1771571.0
1902412.0
1789567.0
1999946.0
2164122.0
1908838.0
1970131.0
1999843.0
1995424.0
1995850.0
1960662.0
1983040.0
1962423.0
2023022.0
1834844.0
1994229.0
1927353.0
1994189.0
2061842.0
1853134.0
1977336.0
1958448.0
2072567.0
2024414.0
1941943.0
2087236.0
2137460.0
1846962.0
1890478.0
1915734.0
1977039.0
