354.228328704834
212.28036880493164
168.40363216400146
117.53613376617432
117.41450500488281
104.22655391693115
296.3057975769043
268.60692024230957
291.1922016143799
233.1093921661377
210.25024604797363
431.0571041107178
380.8973846435547
338.4649429321289
253.8194980621338
263.03859519958496
527.9135780334473
518.2495269775391
510.0115852355957
363.2733268737793
344.7879886627197
762.4719848632812
687.9813003540039
664.4510536193848
510.22035217285156
540.2607269287109
894.5823783874512
852.2843017578125
847.3497695922852
734.6480331420898
662.6370086669922
1088.682846069336
843.0192794799805
745.714038848877
658.8218421936035
673.603874206543
1274.4987335205078
1243.7697525024414
1180.9303283691406
975.9194793701172
865.8943290710449
839.2332153320312
802.0721435546875
778.1976547241211
992.4767456054688
893.0345687866211
867.2972259521484
728.4282379150391
701.3591423034668
703.5903282165527
749.4984970092773
1161.386817932129
952.8832244873047
786.6769218444824
931.8900756835938
958.4341888427734
1332.0724334716797
1265.449073791504
1150.1116256713867
850.2403259277344
944.1916885375977
1431.8189010620117
1199.707145690918
1377.8706359863281
1158.3862686157227
1000.0624313354492
1346.9514389038086
991.1433029174805
1104.8196868896484
869.1719665527344
882.3059883117676
2174.924057006836
1600.1365509033203
1363.917121887207
1076.0411682128906
1112.6483688354492
1784.2568359375
1275.5413818359375
1087.4747314453125
1189.3320541381836
1247.6282424926758
2358.1844024658203
1839.103012084961
1378.2160110473633
1359.3107299804688
1185.1621780395508
2255.3931732177734
1523.1010055541992
1843.1834106445312
1714.2839965820312
1197.8411331176758
1917.5167388916016
1661.0947570800781
1521.9401931762695
1615.0196228027344
1460.1117935180664
2213.462173461914
2080.347702026367
1737.7976531982422
1516.883918762207
1545.0087203979492
2270.173873901367
2004.2351684570312
2154.920425415039
1724.676742553711
1616.8541259765625
3517.6414489746094
2904.425765991211
1786.3035888671875
1794.737319946289
1678.1536712646484
1950.3115539550781
1675.0897979736328
1389.368278503418
1783.0887832641602
1840.339370727539
2756.276809692383
1983.6441650390625
1529.3936004638672
1863.877700805664
1598.420883178711
2577.840591430664
2308.3533325195312
2126.6825408935547
2020.6570129394531
2008.8560638427734
5449.178009033203
3588.411590576172
2972.464309692383
2273.0349731445312
2166.7129974365234
3323.3816528320312
2406.3785858154297
2318.961212158203
2328.5897216796875
2365.1053619384766
4783.6175537109375
3698.3226928710938
3579.623260498047
3276.017837524414
2841.450180053711
3755.587692260742
3336.731964111328
2721.4200897216797
2816.5398864746094
2770.6687927246094
4289.731903076172
3171.8442993164062
2625.069549560547
3166.1043701171875
3018.4100646972656
4934.469940185547
4917.678161621094
5406.940673828125
5050.152404785156
4787.385528564453
4824.731536865234
4255.739837646484
3678.6697692871094
2812.3214263916016
3536.8285522460938
4116.840576171875
4950.9654541015625
3858.869354248047
3154.169631958008
3082.429473876953
4818.249084472656
3253.674575805664
3287.1488037109375
4012.602279663086
4939.579376220703
6124.260406494141
4810.833190917969
4414.818176269531
4563.714904785156
3457.992233276367
3137.5572357177734
3441.4693298339844
3313.205322265625
3189.9720153808594
3808.866180419922
5424.064849853516
4669.120513916016
3934.211669921875
4111.016143798828
3212.877883911133
6450.213623046875
4376.514251708984
3840.8180236816406
3669.2742309570312
3846.8707275390625
4191.511291503906
4090.9066772460938
3750.167694091797
3498.613311767578
4872.118682861328
4793.585723876953
3665.822235107422
3414.791259765625
4399.938385009766
3991.7118530273438
4909.548889160156
4582.82861328125
3939.730712890625
4081.896270751953
4283.7650146484375
6178.997711181641
5280.414459228516
5412.998840332031
4409.464019775391
3598.1319580078125
4376.3309326171875
4877.849517822266
4255.755828857422
5561.332916259766
5496.777313232422
5469.5433349609375
4463.197570800781
4739.326934814453
4006.5770568847656
4074.7847900390625
4818.353515625
4906.313781738281
5747.990295410156
5620.315368652344
5678.601257324219
4550.956390380859
4147.709136962891
4108.386810302734
3831.825714111328
3728.5201110839844
5184.732818603516
4256.98828125
4519.7275390625
5015.453369140625
5362.579986572266
6984.758758544922
6760.292449951172
7410.585388183594
5815.060363769531
4705.351867675781
4250.112030029297
4748.367889404297
3944.7471618652344
4152.922790527344
5743.599151611328
5500.2869873046875
4292.530700683594
4366.494720458984
4856.899749755859
4507.104583740234
4711.105010986328
6537.263580322266
5306.509490966797
5223.032562255859
5852.062347412109
5790.533111572266
5204.7254638671875
5215.896026611328
5136.628601074219
5135.8126220703125
4753.358489990234
5439.720733642578
5483.770660400391
5184.425964355469
5295.017883300781
6516.567840576172
5989.187103271484
5891.074249267578
5389.825225830078
5123.737762451172
5503.522644042969
5686.546081542969
5773.798675537109
5550.193206787109
5238.514831542969
9006.643676757812
8432.609558105469
8175.101501464844
6185.343566894531
6584.006652832031
8192.163299560547
6636.467346191406
5800.5853271484375
5820.794708251953
5662.652770996094
6450.685302734375
6265.366302490234
5835.219696044922
5707.8333740234375
5525.452392578125
5914.035400390625
6181.895324707031
6510.4830322265625
6033.060974121094
6179.068206787109
6049.2769775390625
4902.065948486328
6890.345031738281
5765.290985107422
5082.837463378906
5846.583648681641
5954.40185546875
5464.750335693359
5486.967926025391
5812.142730712891
5139.990142822266
5223.164733886719
6770.743225097656
6184.000183105469
6043.60009765625
7195.293762207031
6126.296844482422
5749.114440917969
6860.660583496094
6966.035827636719
6385.167175292969
5873.065521240234
6183.546813964844
6508.025451660156
6540.787536621094
7308.318664550781
6694.1968994140625
5783.92431640625
5929.894744873047
5913.475006103516
5647.665740966797
5599.941925048828
6136.2943115234375
5510.09814453125
5167.906677246094
5026.296966552734
5277.593963623047
4862.085540771484
5541.8873291015625
4808.234893798828
6023.23681640625
7318.605529785156
7268.0709228515625
6232.676513671875
5472.663787841797
5023.344696044922
4916.592590332031
5185.48388671875
6399.554962158203
6020.384826660156
5835.716552734375
5312.669281005859
5457.556945800781
5555.9326171875
4996.671295166016
5143.375091552734
5255.802185058594
4480.121368408203
5073.803771972656
5239.160614013672
4399.817687988281
4785.576416015625
4894.582336425781
5078.433563232422
5089.638275146484
4197.89892578125
4395.729797363281
4306.736022949219
4279.471343994141
4828.467071533203
5048.277618408203
5414.9583740234375
5404.369964599609
6350.927185058594
6842.224945068359
5322.445648193359
4833.6214599609375
4607.147155761719
3963.0511779785156
4191.483551025391
4134.7076416015625
5033.022216796875
5151.631652832031
4364.031829833984
4286.575286865234
3694.7510681152344
4100.874603271484
4346.323944091797
4839.046966552734
5065.499450683594
5960.408447265625
4618.393463134766
5372.352020263672
6111.351654052734
6268.016937255859
5451.269470214844
4563.369903564453
5790.067810058594
5016.8992919921875
4840.434143066406
6642.5654296875
5155.5458984375
4415.737579345703
4267.313781738281
4002.418487548828
4640.790466308594
4324.8743896484375
4424.377166748047
5355.232727050781
4990.815826416016
5425.3277587890625
5846.695861816406
5372.279937744141
4182.6763916015625
4939.251647949219
4787.84375
4219.223541259766
4291.341796875
4862.506805419922
4701.040710449219
7573.657196044922
5080.2628173828125
4254.7034912109375
5149.089782714844
5030.644470214844
9507.680053710938
6989.393035888672
5399.79638671875
5478.561981201172
6560.2972412109375
7912.8900146484375
8418.93798828125
6534.378967285156
6785.171844482422
6653.709808349609
7043.549011230469
7025.595397949219
6730.014099121094
6863.858337402344
6266.430877685547
7458.987487792969
5985.6474609375
8104.422271728516
8068.240051269531
7028.252990722656
7471.119079589844
6726.175231933594
7337.8525390625
8307.389221191406
7597.2742919921875
8119.187255859375
7031.198913574219
6637.400207519531
7030.905334472656
6525.62255859375
6052.567077636719
6681.874084472656
8003.614501953125
7293.6256103515625
6776.426055908203
9340.24658203125
8399.736755371094
8507.219909667969
7449.018493652344
7533.748474121094
10816.62353515625
10362.05810546875
9390.7294921875
10071.548767089844
9808.167236328125
15215.152770996094
12149.840393066406
10326.822265625
10578.8623046875
8956.344177246094
18770.095947265625
15902.815307617188
12358.155639648438
12814.850769042969
11597.9052734375
14898.067260742188
14397.499755859375
14037.519409179688
11503.436462402344
11909.882263183594
14762.651428222656
14577.6533203125
13919.095703125
14047.901489257812
13142.701232910156
16630.569091796875
17353.319213867188
15621.931518554688
15817.582641601562
16042.512023925781
24239.084228515625
18560.521606445312
20143.170776367188
19053.48681640625
18286.054077148438
33286.82580566406
29022.38525390625
28712.191162109375
23200.947143554688
22091.391723632812
42878.482177734375
28775.950927734375
26648.91015625
21023.810791015625
18866.51025390625
26412.913330078125
21058.730102539062
17907.61669921875
18663.94287109375
19265.474365234375
22273.48193359375
21257.59033203125
21397.128173828125
18336.807006835938
16133.924072265625
33802.56384277344
30048.336181640625
22835.723022460938
20015.351196289062
23245.665649414062
31514.7841796875
24342.687866210938
23040.529907226562
21655.576049804688
18927.8916015625
41118.06591796875
28931.059326171875
25486.76123046875
25145.648681640625
21950.702392578125
42554.236328125
29012.671508789062
26638.97802734375
21640.66259765625
24792.3544921875
37966.79150390625
32484.470825195312
23846.251708984375
23043.369750976562
26742.312866210938
34358.7529296875
26404.439453125
23754.8388671875
22981.10302734375
22341.996337890625
30862.82421875
27354.537353515625
25010.02392578125
26206.764038085938
22066.808715820312
23149.457397460938
23427.137573242188
20333.592651367188
22088.853271484375
20809.5234375
45618.9326171875
33234.42724609375
30114.266357421875
25434.759643554688
25912.147705078125
39593.35791015625
28458.443603515625
25215.39111328125
24806.0615234375
21855.491333007812
33177.172607421875
35442.34912109375
31889.101318359375
25980.8427734375
24387.032836914062
29749.416259765625
29392.96875
29749.4833984375
26081.4609375
28916.817626953125
28865.392578125
26682.6357421875
26877.642822265625
24220.797973632812
24464.235473632812
21849.898803710938
25989.539184570312
28954.73388671875
24500.016235351562
28665.320068359375
32723.739013671875
28163.342529296875
24836.802368164062
23211.2216796875
25489.847290039062
49807.62158203125
34727.33740234375
33657.167236328125
32251.184326171875
33634.878662109375
34797.9423828125
32129.09912109375
30387.52294921875
28233.557373046875
27556.398071289062
53257.967529296875
37300.78466796875
35349.527099609375
29783.388549804688
28225.74609375
46269.548095703125
34639.896728515625
35455.222412109375
31777.571533203125
27907.86865234375
34075.022216796875
34711.870361328125
29506.482177734375
32296.255126953125
29249.001220703125
44678.679931640625
42626.050048828125
38527.02880859375
34242.086181640625
31789.328125
44338.31982421875
34805.65771484375
31718.276123046875
31406.9599609375
29315.035400390625
47638.22802734375
39418.19287109375
33281.821044921875
31956.77392578125
32317.3056640625
37825.2939453125
40078.9423828125
40040.26708984375
42108.914794921875
38118.228271484375
43688.407470703125
43923.650390625
41921.048095703125
41789.433837890625
38260.0615234375
73248.970703125
63506.255859375
59915.486328125
38549.725341796875
37209.65087890625
76071.9921875
55218.91552734375
42560.85693359375
42966.4072265625
39812.537353515625
73225.0556640625
54227.5703125
51932.168701171875
42121.513916015625
51023.63330078125
71607.23046875
56230.2724609375
50611.521484375
46796.76025390625
47308.330322265625
63846.3095703125
67848.15869140625
50034.03759765625
48224.71875
43306.114013671875
54395.822509765625
55811.61083984375
41160.98583984375
45793.080078125
48435.00048828125
41092.641845703125
50130.20166015625
55091.3642578125
48215.30126953125
49274.544677734375
47521.36572265625
46249.10595703125
47378.656494140625
57393.49853515625
43219.225341796875
56711.687744140625
43697.729248046875
44539.221923828125
48657.498046875
49748.768310546875
52904.091064453125
58795.003173828125
59998.85302734375
51787.73779296875
46648.806396484375
67371.564453125
61007.1533203125
61981.45166015625
53059.61865234375
53808.0224609375
76052.498046875
61381.2880859375
53083.07861328125
48404.758544921875
50797.986572265625
43615.0498046875
47205.305419921875
48648.7958984375
54582.37158203125
61382.63037109375
48146.88671875
48527.42041015625
50741.4375
54890.17626953125
52080.62109375
54895.862548828125
49188.6162109375
53104.3125
45600.6630859375
51284.98876953125
53907.111083984375
58823.692626953125
53895.341796875
47561.47314453125
48862.74853515625
54852.204833984375
55122.8662109375
73902.72021484375
64602.72412109375
57298.5615234375
60231.01416015625
54418.70703125
58668.91845703125
52067.230712890625
59345.208984375
53534.00048828125
53407.69970703125
58674.615234375
54365.78662109375
50648.125244140625
51148.955078125
56079.5732421875
52596.4921875
57358.73193359375
60821.30712890625
69341.4794921875
59611.12255859375
59513.8017578125
66194.095703125
60508.8349609375
69948.525390625
63493.71630859375
72121.22998046875
68683.90625
76338.27099609375
90714.08447265625
74806.4375
78792.7822265625
79974.3095703125
66168.45947265625
77228.11376953125
73377.3251953125
93476.54443359375
83438.78369140625
84037.28759765625
81712.20849609375
68514.97607421875
76704.70849609375
64768.9892578125
76243.8037109375
86432.3212890625
91057.20556640625
102596.06640625
80398.25634765625
85034.8291015625
84808.43115234375
86055.2294921875
86975.970703125
81319.1591796875
80581.34228515625
85370.65185546875
80265.53759765625
80641.08837890625
86980.7333984375
79664.9130859375
81100.67578125
76744.39794921875
89312.0986328125
72969.22900390625
90150.8095703125
99907.42626953125
99081.31298828125
101433.568359375
93808.32421875
90614.2470703125
99455.6240234375
87610.19189453125
93335.5263671875
81603.8515625
92149.68017578125
106384.36279296875
89452.0556640625
102491.6201171875
106390.95947265625
117440.13427734375
135027.5234375
116429.2685546875
109374.4560546875
97628.74267578125
131411.9150390625
119014.9482421875
113180.89013671875
115776.2939453125
113863.8466796875
102014.32177734375
129889.6240234375
116272.2705078125
124859.9130859375
114535.06640625
131325.7080078125
140631.1162109375
131869.4716796875
134611.69140625
122452.2822265625
122173.404296875
125111.0224609375
127227.220703125
124564.0947265625
115941.52490234375
122119.6201171875
134963.1474609375
119270.24365234375
107544.01611328125
123933.32568359375
97338.23095703125
191619.1533203125
155440.23046875
147034.6025390625
120603.1689453125
132856.951171875
151328.662109375
124510.076171875
123579.7294921875
130948.5224609375
138077.9482421875
132256.3486328125
127392.3251953125
114581.98828125
115845.62890625
123239.451171875
146911.302734375
129234.7099609375
132595.9892578125
146653.734375
136170.3193359375
157892.740234375
150123.53515625
167566.666015625
159561.9248046875
165694.642578125
175781.4443359375
154859.3056640625
168220.3642578125
175051.5380859375
146855.8818359375
194939.93359375
162648.1298828125
167922.6005859375
147406.37890625
175624.6376953125
245918.3154296875
248778.826171875
252659.125
205964.9248046875
187539.5068359375
185838.8779296875
211418.580078125
217076.951171875
198869.4873046875
167594.58203125
266276.21875
219989.60546875
204451.5029296875
200628.037109375
216144.169921875
291125.3681640625
265621.916015625
199413.4599609375
224453.75
202324.775390625
264042.6494140625
246787.755859375
236785.8154296875
237022.240234375
238717.421875
328981.91015625
254664.419921875
252537.845703125
243654.80859375
237235.2734375
255178.640625
231781.9560546875
224326.177734375
279221.41015625
242986.259765625
351121.365234375
279725.1171875
277198.234375
258174.8359375
230643.2607421875
309465.556640625
271126.302734375
274332.779296875
267516.939453125
265262.802734375
347567.83984375
356222.6875
299125.720703125
253533.298828125
267931.98046875
337497.5234375
275292.345703125
298439.6640625
285629.244140625
277712.302734375
302283.28515625
296888.30078125
308375.416015625
254315.556640625
261995.244140625
342962.853515625
319704.50390625
256198.123046875
290390.31640625
320061.30859375
415249.6640625
352026.5625
348390.908203125
315282.673828125
302192.076171875
487393.26171875
397865.9921875
408902.23046875
341982.0625
375550.91796875
482744.46484375
383216.140625
337006.1953125
296144.970703125
324543.064453125
582627.08203125
475917.0390625
411171.08203125
444536.578125
461083.455078125
705433.515625
522259.95703125
452404.8984375
483780.3046875
477715.134765625
595646.98046875
516266.15234375
447233.609375
436845.859375
439211.0703125
486331.30859375
475372.388671875
480857.08984375
438334.76171875
463230.34375
544079.6953125
467535.349609375
426271.193359375
417200.6015625
429557.76953125
715150.015625
691235.296875
633120.65625
530153.02734375
507948.603515625
520350.46484375
533083.55078125
552650.390625
539706.31640625
540746.46875
798667.54296875
580556.15625
491465.75
579626.734375
594172.27734375
689524.48828125
618534.2890625
515094.60546875
552119.578125
579846.53515625
956182.8359375
705336.453125
732762.140625
607676.765625
575169.625
808724.65625
641986.578125
667907.0390625
594159.2578125
