-212386.49529914538
-182082.14642857146
-230398.87847805792
-194286.94307359308
-144880.32142857148
-192385.85476190475
-210619.64047619043
-198440.1277777778
-223614.52857142844
-195852.53333333333
-170455.72777777785
-215107.56984126984
-184497.14087301586
-171524.89166666663
-191291.54166666663
-135491.35595238098
-211007.39285714284
-226742.88333333333
-182519.55833333335
-212771.59285714276
-206625.26516290734
-105677.60844155849
-190327.17499999996
-198669.9952380953
-154040.00054112557
-168542.03939393946
-165445.3654761905
-220713.4452991453
-181746.82014652016
-157340.42777777766
-207276.31587301582
-213828.6166666668
-125933.98095238097
-140662.73055555552
-200156.52142857143
-221991.3619047619
-237300.79826839827
-183536.54999999996
-127251.41666666661
-172317.69047619053
-146082.80238095234
-237390.0888888889
-249254.75714285715
-186606.0886363636
-90987.06349206348
-157323.87380952385
-194041.8452380953
-275806.318831169
-199180.71428571426
-247845.0464285714
-149764.81547619044
-109067.15050505052
-215912.55515873
-225211.56666666668
-172724.55187590187
-177844.17462121215
-228664.361904762
-261520.10043859633
-217465.28333333327
-220528.5833333333
-285219.39047619066
-163202.33095238093
-117039.96176470589
-158031.39444444442
-158295.88333333333
-164874.38333333333
-155783.67857142855
-187131.44285714297
-152812.79583333334
-281222.5614774115
-135263.22857142857
-217107.93888888892
-197101.61666666667
-242539.55952380956
-189166.17460317456
-216615.2147058823
-215479.68095238096
-187254.8571428572
-175131.68333333332
-218899.95966810966
-165983.83095238087
-309810.2833333334
-213506.53030303033
-214039.0833333333
-186358.02002442005
-227794.63333333327
-212697.95873015866
-229497.38253968244
-191882.34444444443
-191198.0545454546
-170364.98809523814
-224456.14523809523
-161052.90043859667
-236490.8547619047
-168939.41944444447
-204582.77619047638
-238208.0416666667
-154000.64166666666
-144696.0708333333
-170595.56616161615
-122288.44761904758
-176285.18571428568
-148347.13333333336
-243861.00357142853
-320689.25216450216
-151006.84848484845
-249498.67803030298
-173407.83908730157
-175336.47619047615
-223974.54444444456
-188851.5666666667
-185597.30566378063
-138291.30303030304
-135712.5705128205
-203284.77222222224
-263991.205952381
-224588.34999999983
-213291.54523809528
-250814.2500000002
-214673.24999999997
-211002.7285714286
-212530.19166666656
-199558.777056277
-226715.67777777775
-256997.63095238103
-203293.9293650793
-252065.57976190472
-251266.5365079366
-190914.81666666683
-161838.5857142858
-250488.51904761887
-154362.06010101017
-238371.28888888902
-177666.4039682539
-169531.3642857143
-166087.48333333337
-177055.3396825396
-162501.44805194807
-261597.58333333337
-164805.32857142863
-154639.97619047615
-159255.72380952383
-131596.5380952381
-238617.88333333327
-207389.56825396823
-185578.1968253969
-188402.24087301598
-149372.8083028083
-188410.52023809523
-177152.21190476193
-134156.03333333327
-203054.61190476193
-192508.42857142858
-256499.0083333334
-169064.4818181818
-176306.43809523806
-250197.27738095244
-142680.16794871795
-165647.63333333342
-117521.74166666665
-133912.17500000008
-186659.8515151515
-115118.49891774895
-136795.83194444442
-150695.38571428572
-155473.10238095236
-153012.50833333336
-198371.24761904764
-169849.58961038964
-124991.42608225104
-141983.68163992866
-199350.43640350873
-191204.52500000014
-81947.49999999999
-101377.04166666666
-209311.53571428574
-199295.2861111111
-156895.4
-150746.69444444438
-125364.77835497838
-150285.33809523817
-119829.30447330445
-115654.22857142858
-177174.5380952381
-210270.9914141415
-224474.19761904754
-116207.48333333337
-139547.43333333335
-116265.5214285714
-138165.22609057612
-114286.64917582419
-104759.14523809531
-93775.5642857143
-116857.45952380954
-282414.2916666667
-165669.51071428575
-207251.3666666666
-114284.10616883116
-98622.01082251083
-163408.86666666667
-181194.59999999995
-193491.76507936502
-177905.30075757578
-258974.2349206349
-182765.3783549783
-215719.5916666667
-171791.80000000002
-239138.70833333355
-156361.9071428572
-195020.62582417583
-167542.01190476195
-202194.18968253976
-254373.58333333328
-130363.70833333331
-170090.94523809524
-194549.18571428568
-144769.98333333337
-269212.1261904762
-261476.14743589744
-209231.86904761905
-219147.66666666677
-227570.66666666666
-153883.85000000003
-116577.53571428568
-148629.69583333342
-169152.08333333337
-187934.6009157509
-148379.63333333336
-171073.96865079366
-104539.32777777778
-209379.96984126972
-114561.68273809526
-126320.31249999999
-109890.89206349204
-136116.92424242423
-150352.5833333332
-306662.62857142853
-171009.8519668737
-177212.12500000003
-142400.14307359303
-128024.6238095238
-147645.5081996435
-228546.05
-174492.47619047615
-134356.67943722947
-165098.28181818168
-115414.65000000001
-131680.48333333334
-123209.8055555556
-152529.16488095236
-110104.25714285714
-156135.44166666668
-126542.08831168833
-170757.50555555557
-237428.89999999997
-129757.38333333333
-178417.0
-202854.84999999995
-198536.99999999997
-231872.49999999994
-164849.56666666662
-142278.65
-255308.9436274511
-137020.5777777778
-134076.4107142857
-176253.8166666667
-159036.60119047618
-178903.9452380952
-176790.5972222221
-238614.59206349202
-171316.76785714284
-213383.01666666666
-136778.98223443225
-244383.38293650796
-170072.22380952386
-222550.81240981244
-245275.82500000004
-162882.9777777778
-194992.7019480519
-116551.46944444445
-206487.70000000004
-189618.5615079365
-208302.0166666666
-145401.66666666672
-235793.6103896104
-186673.65000000002
-231747.75714285704
-206405.7011904761
-257165.85681818184
-256989.6767316017
-191145.0505050505
-123085.7924603175
-113591.26446886444
-157086.80238095237
-106720.96794871794
-118391.86493506494
-142139.4095238095
-136306.02857142861
-254639.19019607842
-288829.6785714285
-172263.56428571438
-117150.19444444444
-94927.75000000001
-176979.1761904762
-137978.3023809524
-190007.57976190472
-200730.28333333333
-185217.3656862745
-189033.0087301587
-247738.3583333333
-206305.49444444443
-284973.2071428571
-247176.61363636365
-196630.55952380953
-178980.35384615386
-192971.76298701297
-193972.39487179494
-251038.60714285722
-241817.0833333333
-217420.43888888886
-175290.39523809534
-251538.43939393933
-266069.74089635856
-213499.23571428566
-208307.1742424243
-198456.31825396826
-261045.3968253969
-216742.99999999997
-187694.43730158723
-165895.25714285715
-239926.36940836956
-176812.67738095255
-209942.26190476192
-179936.4166666667
-236197.37619047627
-138832.03694653301
-158543.08333333334
-187912.18531746053
-283786.7249999999
-280376.10073260067
-288342.99999999994
-297879.5251082252
-239184.16071428568
-189294.0924242424
-228397.13333333333
-234595.41666666666
-231653.28095238112
-189053.11111111112
-224776.3028138528
-256994.23888888897
-239987.9246031746
-335422.38888888905
-245830.03333333335
-237460.5595238095
-249265.29025974032
-240005.01666666666
-230096.68333333326
-226667.99834881324
-236289.525
-297683.42857142864
-288071.2333333333
-206644.98917748913
-228501.72196969693
-227014.67380952375
-208774.55238095243
-162068.15892857139
-256082.1754329005
-178457.90952380953
-299352.8769841271
-223050.1333333333
-213328.76666666672
-267223.06190476194
-206604.95833333334
-246142.99523809514
-225594.81515151515
-334046.58333333314
-230993.36111111112
-206376.07142857142
-250639.31666666668
-213008.16549707597
-259405.46183261194
-297192.3827380952
-268506.58095238096
-234289.52121212118
-327473.43333333347
-287254.8333333334
-239966.25
-224846.270021645
-294960.25
-153775.3338095238
-188079.9511904762
-250509.73809523808
-188133.00595238103
-255856.68896103892
-215661.01666666658
-328180.4886363635
-229013.1558441557
-258336.40674603157
-272368.02738095226
-259104.07142857136
-281558.0714285714
-227085.64166666658
-311436.06136363646
-260925.45000000004
-231118.60833333337
-203750.75238095238
-220042.26904761905
-225486.19015151513
-185744.67575757587
-203832.4761904762
-199322.78073593066
-272801.33516483515
-243123.15238095235
-251184.83333333346
-294838.36538461567
-317137.1944444445
-226996.01890331894
-249596.9344155845
-285215.54206349206
-255660.13571428577
-323920.92676767654
-318750.4666666667
-259250.25644078146
-244010.24285714302
-303098.4476190476
-268015.13342490845
-267386.93452380947
-263829.1416666667
-251368.5666666666
-280038.56794871803
-286121.06666666665
-272566.5242424241
-344985.2932539683
-211133.69999999992
-265029.21135531133
-337653.4595238095
-212481.67500000002
-193683.50396825394
-250596.5095238096
-214647.24761904764
-256251.80887445883
-266978.1654761904
-233503.19166666668
-271695.79458874476
-206664.4400432902
-229769.8987012988
-224651.61349206348
-205396.7408730159
-265063.7
-249948.63333333336
-213624.53571428574
-298977.3666666665
-221247.2333333334
-314713.9500000002
-233004.21944444455
-257517.12619047647
-272382.7506410257
-251039.30476190444
-255220.8214285715
-276324.432936508
-249350.42222222223
-242307.97792207793
-256007.3571428572
-268785.59706959705
-182072.2499999999
-251678.3547619048
-206550.8659090909
-193719.7761904763
-269927.0833333333
-213364.35
-221223.69090909092
-220936.88888888888
-222975.3825757576
-260031.48849206363
-214423.56666666662
-221696.92063492065
-219636.99362745098
-248565.70909090905
-262837.46269841265
-209804.67023809493
-223751.6150793651
-269330.57499999995
-254496.39285714284
-144283.6166666667
-263004.99999999994
-281926.25
-230642.0468253969
-230507.8095238095
-282630.35
-182840.71904761897
-223242.12948717945
-215562.78679653676
-262574.7700501254
-183088.76785714284
-245593.1198412697
-146144.80634920628
-205114.89437229457
-201534.66969696968
-228801.25454545466
-246034.39761904735
-209708.77380952376
-204037.4063186814
-320740.6216117215
-241728.18084415596
-246202.07857142866
-203063.21666666667
-327643.0904761904
-224450.12380952382
-201891.461904762
-281329.19801587285
-235057.11111111124
-204469.92866300364
-230780.2075757576
-270524.3080086579
-256685.08137254897
-242232.20714285714
-253710.81031746042
-173517.0560606061
-229557.66666666672
-271036.6766509635
-174747.27380952376
-207057.25381562882
-225288.00606060607
-191595.67103174602
-243792.27301587298
-133056.9287878788
-239752.43484848487
-232727.42142857148
-220103.26139971148
-214652.90000000002
-182231.13181818175
-238655.7666666667
-278446.0595238096
-222616.42500000005
-284220.7650793652
-217252.4115384615
-209723.96666666673
-145011.5055555555
-286360.21904761903
-237442.1
-248676.6904761906
-192544.56507936513
-223027.63095238098
-213289.45833333337
-213254.97222222222
-226768.4166666667
-279695.67857142875
-254017.6444444445
-262769.32619047613
-321509.61904761917
-247005.4798534799
-237580.4111111111
-221951.68333333332
-209816.53333333315
-196888.37380952388
-237862.25952380963
-238150.75000000003
-160939.41153846157
-304757.875
-296600.12301587296
-227049.51666666675
-232976.58095238096
-240586.03333333338
-288833.688888889
-207665.86230158733
-214909.1952380952
-224134.6547619047
-179737.1474358975
-253752.04999999993
-217721.72777777773
-242815.1166666666
-243203.5976190478
-263038.4845238094
-278880.7111111111
-294690.53571428603
-264041.18809523794
-187665.99285714288
-192093.21709956706
-219914.22023809518
-286134.0952380953
-179083.78073593075
-220030.71666666656
-278383.40396825393
-276616.41904761904
-320336.3166666666
-225945.5666666667
-309758.2285714285
-253918.48809523814
-275018.97380952386
-225962.7999999998
-219469.2
-293075.65952380974
-226480.85811688312
-168685.6150793652
-217040.50670995668
-228758.16666666663
-288806.5619047618
-247217.54285714286
-174398.5011904762
-279906.5833333335
-167240.26666666672
-200256.76666666672
-161484.58333333334
-141624.10833333328
-271951.7357142859
-152327.6809523809
-204887.37499999994
-261836.8642857143
-220185.08430735915
-246079.80952380956
-243668.41111111123
-250808.00979020994
-163978.77777777778
-197125.20000000004
-328285.30000000016
-196102.09841269837
-190224.56428571415
-253043.0705960707
-271113.35714285716
-274191.5249999998
-213109.28571428568
-267002.5547619047
-163896.17857142858
-204026.45000000024
-231948.86666666673
-211429.89848484844
-268525.89285714284
-248374.3682539682
-205426.68095238102
-248030.66666666666
-265920.55000000005
-273958.0583333333
-280286.2833333333
-215573.19484126984
-205568.05606060606
-259212.01002506254
-210744.38333333327
-206783.44880952375
-141049.24309868875
-188543.11785714288
-170714.30970695982
-208871.2440476189
-128974.22222222223
-235336.72219169722
-161245.06666666668
-234910.78809523812
-318431.3761904762
-206810.932051282
-157942.74913974912
-199610.86944444448
-211608.96309523808
-263895.85984848504
-247820.7833333333
-200246.8547619048
-249906.00000000003
-157843.1666666667
-234500.04924242428
-201972.38560606065
-243788.05952380947
-192708.4482456141
-208295.82499999998
-217425.15238095238
-177697.32261904763
-224495.8452380952
-210588.5714285715
-251687.09047619058
-213184.55476190476
-225816.3500000001
-175036.1166666667
-228016.83809523797
-215796.06372549018
-166855.74404761908
-160852.30238095243
-153088.38571428572
-193303.2757575758
-254946.40833333344
-173793.36666666664
-189764.0444444445
-207840.3055555556
-309468.29166666674
-278674.35
-203926.01190476192
-232743.08333333346
-165025.51504541215
-246879.01666666658
-243509.34166666665
-187895.95833333334
-197288.125
-208967.7142857143
-181515.4109890109
-300140.7619047619
-197509.14242424243
-203475.9013556619
-218725.27142857123
-173022.95238095237
-273757.9128205129
-192479.72857142842
-196915.46666666665
-146631.22380952383
-206566.22619047627
-230015.9055555555
-231045.4373015874
-200125.5509803921
-235371.5
-180012.77380952382
-276445.29999999993
-205342.92222222223
-202748.3166666667
-160451.09999999992
-320253.03809523804
-228148.68181818182
-188905.00065359476
-241506.94444444444
-191285.50119047624
-265395.558982684
-188984.4421911422
-241366.73333333337
-240384.54841269838
-209623.8166666667
-163065.7023809524
-229298.84166666667
-156063.47142857144
-198934.04523809522
-203641.92380952384
-242820.85238095274
-225748.65595238094
-265160.15303030296
-164731.73809523808
-163789.1214285714
-182180.7976190476
-227691.7892857142
-137500.60366300357
-145018.7
-219442.1948717949
-188022.60833333334
-134377.08646616532
-170064.57142857145
-213296.6547619047
-210424.34999999992
-198366.83571428564
-171726.22450980396
-191702.59047619047
-236418.42619047614
-243412.5761904765
-215304.65833333333
-164469.49285714293
-184676.180952381
-143468.26428571422
-237991.49285714302
-216265.01111111118
-160288.02698412706
-180797.24285714285
-191676.8666666667
-181573.6238095238
-266785.0916666667
-205198.94523809513
-277173.9924242424
-171770.52023809525
-122394.40303030304
-296194.8500000001
-182796.74047619046
-202252.19444444447
-226810.89047619046
-179939.02669552676
-230203.91794871798
-212036.36190476196
-271764.7666666666
-196260.01190476175
-198590.29285714286
-215021.22619047598
-179155.9642857143
-190386.4888888889
-191074.85000000003
-192383.0795985061
-208379.96984126983
-175230.11136363636
-216063.58333333334
-145151.23333333337
-175088.4666666667
-185890.34285714297
-144733.18333333332
-241757.95952380946
-187931.75000000003
-213824.75
-141921.03333333333
-206960.83333333334
-198253.61666666667
-175608.02619047623
-186184.87222222213
-176042.36428571428
-221012.79285714278
-191082.98333333328
-238708.77765567764
-206400.65714285712
-208659.16190476192
-145444.40000000002
-188470.51666666663
-177873.08333333323
-171898.46025641027
-193637.69047619044
-171127.4333333333
-204363.5452380953
-153196.05000000002
-206445.93571428568
-222459.79285714286
-206248.9055555555
-262183.16666666686
-207111.76904761905
-203519.40833333333
-238505.56785714286
-165196.00000000006
-192307.84999999998
-186267.2880952381
-200535.09047619035
-220970.44642857142
-189411.1666666667
-191335.2333333334
-205159.55952380956
-154431.52380952385
-190671.53333333338
-161643.00000000006
-199824.40000000002
-241639.46515151515
-204021.90833333338
-207047.84761904756
-197892.43333333338
-228605.48888888894
-201600.5666666667
-213507.62499999994
-201231.38095238098
-150884.53315018318
-193801.01428571434
-194260.31666666648
-160162.20454545453
-205911.90000000002
-201162.43333333332
-185199.65
-185865.48571428572
-191637.87619047618
-228362.05595238096
-223027.3333333333
-248436.9666666666
-203104.20833333328
-209510.63333333333
-203287.32222222222
-166185.8035714285
-195720.9166666667
-195944.96666666665
-196517.55000000005
-137319.45476190475
-171492.8333333333
-244992.40833333335
-180103.57380952383
-162532.90952380956
-195585.00000000006
-161420.62777777776
-162259.4365079365
-210391.75000000006
-196367.41666666663
-202778.96428571426
-263991.05555555556
-246455.54999999993
-191682.70606060603
-187810.79761904766
-182335.40535714276
-192260.53333333335
-159317.79166666672
-191541.6166666667
-162920.36666666667
-175137.0
-146455.8833333334
-170554.81269841254
-133161.88333333333
-239062.90000000026
-140191.4833333334
-179987.7889610389
-204831.1738095238
-173381.48333333325
-120310.27936507938
-179929.66666666663
-158048.68333333332
-234473.00833333327
-182282.57857142857
-201405.75000000003
-123226.33333333333
-158754.19999999995
-158589.49999999997
-155787.91666666672
-207669.6773809524
-149695.08795518207
-203572.2976190477
-177929.5333333333
-170255.0944444444
-175218.75
-139001.35
-182844.71666666667
-185387.8333333333
-170681.14545454545
-252880.32121212123
-166128.00000000006
-165190.5666666667
-172200.94999999998
-207914.84523809527
-144644.7
-200163.88095238098
-193656.47142857147
-165099.16666666672
-187218.99880952373
-139066.38333333336
-173619.1560606061
-156008.07727272724
-177514.83928571412
-163659.56666666665
-189398.77272727276
-136466.0234848484
-175017.27341269839
-244569.54761904763
-192708.33181818182
-178838.25000000003
-174179.09285714285
-170594.8537518038
-179137.15555555554
-148287.99166666673
-166210.48333333337
-235992.1666666667
-161247.4166666667
-153808.66666666672
-206998.2
-139028.54523809522
-135632.7777777778
-221590.72619047618
-187931.5833333334
-182199.4857142857
-186372.05238095237
-160383.1333333333
-175234.9761904762
-206576.49494949475
-167964.16666666674
-203551.4
-149989.84722222222
-170355.06666666662
-152628.49999999997
-203427.75952380954
-150925.16666666666
-190367.53333333335
-195971.4166666666
-220556.0158730159
-160902.07857142854
-271285.86666666676
-191435.5087301587
-144429.83333333334
-198910.58730158734
-235774.09316770185
-186436.34523809515
-149857.5888888889
-190871.23484848486
-189895.16666666663
-139223.13333333336
-139216.825
-209810.1666666666
-163111.16666666666
-161148.3333333333
-191268.62499999997
-223673.75000000003
-142785.1666666667
-189178.3452380953
-185602.0036231884
-158749.3272727273
-130681.21666666665
-164371.6666666666
-192253.15238095238
-162630.33333333343
-171432.68240093242
-144415.83333333328
-140394.62222222233
-136828.22619047618
-192058.93333333335
-196642.90279720278
-181222.05000000002
-169638.66666666666
-192871.38888888885
-208202.2
-153917.75
-132155.12987012987
-228951.03690476186
-171987.60416666666
-154209.3
-152756.64523809528
-167622.86684981687
-215905.02619047626
-146251.94047619047
-207345.59523809524
-230596.7428571429
-173885.30952380953
-181156.14523809523
-191436.45238095237
-143492.59696969696
-139815.04393939395
-193329.83333333337
-191329.3833333333
