-497037.17280883394
-480154.08431013435
-427374.6678876683
-639490.2791666666
-435737.88481240976
-466442.596103896
-583659.1849206346
-558778.2884199136
-521129.4678571428
-645296.155952381
-483479.7663059163
-646213.9288345638
-436268.41746031755
-463841.1272632338
-531048.4704184707
-614490.556746032
-480245.661868687
-592894.8316017312
-515313.31428571435
-564238.8291125547
-501927.67103174614
-481905.47658730106
-555100.2428571436
-469924.83690476196
-454663.0333333333
-517992.1387806638
-420823.2779220779
-478415.11428571446
-519044.62738095276
-593652.4916666667
-573015.5031746029
-481826.66532633983
-528519.536760462
-446388.3335497834
-385767.9513333886
-627360.7272893777
-646414.4166874189
-565233.9544372293
-425222.20793650806
-589035.8408730159
-484060.92142857146
-572500.647835498
-573352.4673160171
-630281.2662698415
-608969.7663669668
-542537.9746031745
-685002.2797619053
-527439.1497113998
-506280.4754578755
-600079.2827094478
-428333.47936507955
-513843.00714285724
-459895.33002961957
-486573.38991596637
-471019.74019607855
-599962.0511904763
-521422.4114468867
-554925.6697802194
-491827.3630952379
-420048.78354700824
-495183.30129037634
-514438.7947691197
-437633.3877344878
-644264.7409812409
-515204.4974358975
-517271.00097402587
-459547.5361416364
-713768.5161141496
-440459.2681193805
-548954.7027777781
-429413.09841269854
-554000.9412698408
-375719.9206349203
-473221.18225108186
-562565.0981684987
-428215.48305322096
-492461.5587301588
-437205.2064935067
-394317.6452380953
-455978.9988095239
-482414.94224664214
-435971.49642857123
-565567.3688178781
-699985.8738095232
-479292.1633477635
-549760.6160589415
-585926.9021978019
-484371.42857142823
-450468.0630952381
-412957.20761183253
-430672.12705627695
-396504.1335137085
-465472.3430014432
-590503.9925642986
-550315.266666667
-579364.3678571429
-463622.69775910355
-498202.3875901874
-484950.8601731603
-512299.9820512819
-486798.29642857116
-470396.9506493509
-518158.64682539686
-446065.0507936511
-526438.4571884256
-492740.89719169715
-490326.3111471861
-465742.43382173375
-380416.5650793649
-723242.6348484856
-611760.8861111114
-511029.82002719527
-532318.7669191922
-676810.4190476186
-584938.2166666666
-420991.31535409036
-459841.7107142857
-487250.5524225772
-579097.0392857153
-570519.3559440558
-408529.84033613425
-527998.9201298703
-465245.92748917744
-470972.85906593397
-549125.4167887669
-434794.33076923044
-475956.9936507937
-529778.5452380953
-419185.62460317457
-405225.2845238094
-474185.43510101014
-471960.51287878776
-420443.73304473306
-427494.4698773449
-405985.2837301586
-531459.7363886116
-514368.16349206335
-495125.5672969188
-404487.950829726
-519386.3503080251
-527619.9209235213
-454960.1730991231
-416138.6744588741
-672321.1107864359
-521199.2889249639
-442014.55519480485
-606276.2178571429
-555506.0373015875
-397782.34319291834
-501095.65869408374
-557746.890079365
-481120.6154761904
-554215.3785714288
-488271.39087301603
-441459.65569985565
-502597.98001443
-608622.7523809526
-623897.6613636364
-680736.4930354733
-702832.0974206352
-588500.446969697
-651513.8444444443
-514489.5048340551
-598362.2368742373
-476466.6336274836
-488978.08809523797
-534738.4780219783
-399272.0720779223
-449791.8325396822
-433835.2833333335
-602584.735714286
-668612.8214285717
-670726.8747619042
-699687.3444444449
-729955.7662698412
-750227.7083333331
-654030.7797979794
-565950.7214285706
-610623.6289682543
-695598.3846764338
-619652.1567460316
-557496.7793956043
-567452.5967643466
-471237.07063492073
-611764.5186507942
-617881.4267812251
-515956.8575396825
-435566.93690476194
-474515.8956349202
-459963.19761904783
-563690.4702380953
-468441.9000000001
-336776.0761904762
-434194.081746032
-408619.75515873
-454051.35887445876
-449202.7743589745
-513254.6316416044
-630618.5367794484
-470221.18214285746
-502931.92142857116
-684356.0110389609
-701614.6154761907
-617634.4621212123
-590588.1485680985
-613695.1059163063
-580812.1369047618
-453949.4511904761
-452427.5484126985
-420547.634920635
-434719.4750000002
-563777.1920634924
-430764.3404761901
-383272.69047619053
-434028.7360389614
-615872.6666666662
-652692.4055555556
-447527.37142857123
-519723.65277777734
-396355.781010656
-476974.17572150065
-444511.3320346317
-379881.66428571456
-428267.270238095
-305934.3666666666
-447168.29945887445
-455029.43205128243
-375925.0458874459
-416439.483087827
-458489.94096459146
-665711.4883699636
-508910.6174603175
-490613.12991452974
-461660.6619047622
-500780.6261904762
-706538.945238096
-330856.6009157509
-564708.568253968
-474515.4721139968
-491309.4143578644
-359776.89166666695
-477898.7640692643
-418049.4666666668
-584614.7000000003
-505836.5530303027
-459117.8214285713
-514513.16570243466
-460481.58084415586
-431866.18928571447
-401678.81818181823
-414627.38333333324
-491763.12103174604
-435446.4860028861
-554174.7320512823
-386108.6742424244
-516780.6586580084
-587181.61965812
-548191.3821428573
-665462.5339285713
-622788.5624183008
-463338.0805555556
-483519.6707792207
-490874.97777777823
-435297.1452380951
-533427.6247683689
-487371.9013347765
-478451.3575396821
-366725.7288628039
-457291.173809524
-440599.35512820486
-419058.265079365
-434180.27380952355
-414336.0756771008
-376213.375
-379485.93632478634
-686418.6658730158
-374988.6084956709
-414070.1801587303
-318865.8346292596
-464571.64329004375
-575300.7483821731
-404449.6579131656
-521947.77123709605
-551469.8606060606
-524818.7539682537
-586175.7281746034
-563255.6341269844
-549416.9692918195
-560784.2214285714
-499039.7099206348
-462240.670923521
-464407.9181951091
-398372.1313492065
-322357.3879953381
-608879.8488095239
-578049.6309523806
-472564.08690476196
-591312.2010101008
-591390.9793650793
-498847.5242063493
-614537.4238095235
-573139.8186507933
-603829.2797258301
-501463.734848485
-521609.0059523803
-529185.9195526694
-329234.55111832614
-482587.4039682536
-536745.7313852811
-489844.3849206348
-571041.244805195
-564209.4851190472
-481056.2974358972
-524384.2777777779
-561552.007359307
-451201.34873737383
-496014.62105263176
-424388.06666666665
-431714.9768341306
-354415.75169552676
-430647.1924880676
-482680.9674891774
-455631.7726190478
-553074.086968587
-550001.2056277057
-474532.95238095237
-517775.5968253968
-514117.9976126816
-325995.4701007329
-402410.9127705628
-387838.22402597405
-369928.01746031747
-327358.42229225056
-405743.2333333332
-389679.9611111108
-401593.8825757573
-260344.06388888886
-341418.9938644691
-394400.57598039205
-396599.11673881667
-411585.78452380974
-388409.97631257604
-428466.2878066377
-353216.2023809526
-440810.63683897804
-297436.51738816703
-281501.0023809522
-335428.4126984126
-312636.3904068154
-431667.3434065933
-365032.3469696976
-398382.17002164497
-328192.2190476188
-405581.46599511616
-439924.2462121213
-428065.77857142914
-463063.16071428574
-524126.1563492066
-345412.4452380953
-408188.84166666644
-323052.1489962651
-378390.5515151513
-507695.38095238095
-390073.0468253968
-367388.75344932853
-408990.5615079367
-313646.74148351606
-360432.0845238095
-345933.6361111114
-278265.363515406
-338912.4516594516
-315905.85487012984
-396522.69999999995
-378512.6685064934
-424546.5069776712
-504864.73571428575
-309119.4224937344
-459301.44285714295
-395411.56844266836
-426598.0173881675
-383545.16738261736
-400194.5215007212
-428201.3959096457
-390848.45808080793
-367917.94397546886
-373517.03513431
-438688.8428571426
-395742.01849816873
-376157.7372294373
-266340.90941558435
-390137.9964285713
-393615.21731601784
-436590.1086438924
-379389.2369047617
-364269.14166666684
-428002.3582972575
-375602.8205988456
-567779.9645021643
-429864.4083333337
-400645.7095238095
-452927.6567460318
-331845.41176046163
-266367.3261904759
-387054.07976190484
-525028.9043290042
-407458.7444444445
-245162.7666666666
-318071.57161172177
-414899.74285714293
-397251.0801587301
-312500.5448412697
-363757.567857143
-559839.5904761909
-412276.6047619048
-466679.1747835497
-493427.22065826313
-540396.9234848483
-521246.9071428571
-474964.3416666667
-380780.47838827845
-370535.6067793319
-295569.6105894106
-451304.03102453117
-362883.9116883116
-396135.19126984134
-333544.4912698412
-364887.1944444449
-380731.93585858593
-293947.1784798537
-303980.16681096726
-292622.2103896104
-334615.12970362976
-510496.57878787885
-362825.58928571414
-374622.41349206347
-352499.4555555559
-521519.2329365081
-463049.6670995672
-436215.45873015875
-346889.81196741847
-379044.8496392496
-399956.9162698413
-368721.0817460318
-529895.8938311683
-396601.87834776327
-471182.2991041564
-644697.2
-598832.867796093
-527345.0265151514
-565210.3901515156
-730992.5811688313
-610413.9928571429
-611239.8797619053
-573623.1215367967
-610737.3093406594
-608503.6130952381
-556027.8673160174
-690258.2142857142
-336813.23272283265
-365311.8976190478
-251926.48333333334
-405794.3583333327
-355231.55952380924
-314495.26212121214
-311000.0121933623
-375822.5833333333
-410518.29166666657
-341138.85515872994
-554870.4371212124
-449897.37463768106
-523835.6444444446
-542496.9642857141
-444816.98614718614
-518489.3202380953
-590846.2392857145
-490113.6158730156
-517973.44623015873
-369268.35669950955
-302073.1210456211
-352810.339177489
-525389.4214285713
-460872.0738095241
-428794.79642857146
-385944.08809523814
-410663.0357142858
-440346.9333333331
-322920.9052197804
-416411.6226190475
-474758.34379509377
-292289.82341269846
-376462.55238095217
-443887.607142857
-332100.68405483395
-428799.142857143
-377234.009920635
-422145.6666666667
-353504.9497863247
-337657.68888888886
-388418.580952381
-366549.7785714285
-441339.77222222224
-295772.2715909093
-295343.180952381
-252230.31964285736
-337337.13744588714
-252145.9071428572
-396041.5488095234
-324642.392406205
-296492.7677489176
-377843.54325396824
-236370.58722943722
-321238.6583166834
-371672.90357142873
-366941.23690476205
-325649.93015873
-388125.9260461759
-257828.6241924741
-283758.619047619
-307810.4527777778
-321314.85833333334
-573302.3515873018
-569726.482178932
-624643.4145743141
-514794.5916666668
-545339.35
-696649.7770146523
-654058.2095238102
-525306.2666666668
-530303.0315476193
-492168.56016206037
-505688.4261904763
-489865.7206349206
-344793.08690476196
-544190.227484472
-598984.8926406931
-624866.8674603169
-496013.00396825396
-267298.92142857146
-350989.67597402615
-291279.27976190473
-331610.70562770544
-261514.2206349207
-630279.297979798
-531426.5772283277
-277659.6666666667
-377213.48611111107
-423316.8124458875
-435072.06785714306
-332592.6523809523
-309948.1210526314
-610329.0202380954
-571301.4903223966
-586346.1095238093
-562763.4261904763
-575078.9424603174
-516853.3842105268
-675600.6777777774
-610122.5295454538
-607798.5662698414
-604767.606349206
-575563.4666666667
-672196.3
-609058.1238095239
-617466.8272061273
-586607.7107142862
-560057.6579004334
-600540.6969696967
-595609.6825396826
-604916.4984126985
-564188.1642857139
-310546.98342490837
-337796.96540404035
-340517.138888889
-317854.87380952376
-335632.02499999973
-346512.8365079367
-307444.8492063492
-285445.05476190476
-295448.62896825396
-403592.40238095226
-280465.2584776335
-297540.069047619
-287995.14677658956
-279634.4838744589
-244182.60238095236
-279175.2325396825
-278771.84761904756
-330942.2476190475
-288021.8416666667
-253819.28095238085
-260389.98571428572
-303617.7813492063
-311938.87380952394
-263388.4310606059
-286088.7964285714
-239147.94682539694
-321184.53730158723
-310947.89087301615
-231138.20317460317
-376353.23809523816
-327291.020382395
-356764.5082251084
-306359.5000000001
-337164.6976190476
-315112.7939393942
-358277.8443001443
-343836.72803030285
-259709.2485347985
-358984.1603174604
-427607.6757275132
-343100.49285714317
-377968.5558608059
-265783.40634920634
-297076.9555555555
-275361.6515873019
-385110.0928571426
-287998.20952380943
-391453.305952381
-346017.1698412699
-287740.16190476174
-372482.8051378445
-351027.89206349204
-300156.67976190464
-286575.4261904762
-457100.9428571429
-476098.88387445855
-389914.96349206346
-438596.6285714286
-478631.9944444442
-392295.21428571426
-430599.44920634927
-452977.00865800853
-521367.4333333335
-464363.5023809523
-547587.8575396825
-528246.6502525251
-649454.496103896
-484925.43968253944
-485860.0497474747
-543102.80995671
-691195.745454545
-558082.0017316017
-499303.37878787925
-538087.8106060608
-560087.0829004329
-604504.033333333
-477922.1023809526
-475379.47003968246
-569542.6547619049
-452116.0468975468
-317357.88809523825
-209608.2681372549
-306734.54694472183
-328999.0484126987
-302204.7367424247
-290648.82976190443
-241777.9968253968
-350813.1138888888
-340580.1502164498
-354902.9785714286
-408989.1036796541
-289463.4583333335
-312417.62341269845
-311160.7134920636
-360471.954040404
-253148.17500000002
-295046.6107142858
-322948.04523809516
-248277.19404761906
-319715.33225108235
-309403.8463203464
-260845.20336134452
-219217.36388888903
-348929.5047619046
-386738.97460317466
-308121.5093073594
-293310.5730158732
-340914.11388888874
-391922.06172161177
-308909.05730994174
-246935.68282828285
-283114.9071428571
-435800.7944444444
-487141.8987179486
-397369.1714285715
-485151.4777056277
-569919.595238095
-393531.86624649854
-439365.4142857145
-378881.6062354314
-460958.91785714275
-509214.9214285712
-393267.56309523835
-279264.14231601724
-285964.02777777775
-344218.1166666667
-296734.38809523825
-220327.71717171717
-272056.8424603174
-359559.1398962149
-462986.0142857138
-449355.1949633699
-542596.2646825396
-588012.3675213674
-593574.4745837491
-661544.0384920636
-470207.7583333331
-578224.0919683264
-433470.9484126987
-472302.70515873027
-592382.7250915755
-539788.7412337664
-550667.3626984128
-463097.86607142823
-552711.330952381
-435300.1023809524
-567649.8099206348
-549578.0458333334
-480611.8446275949
-504797.7587301588
-522385.11940836965
-463029.61706349195
-493129.5778804529
-507669.775
-555530.0880952383
-409951.0488095236
-469309.1000000002
-481207.9738095235
-464900.7924603176
-410129.07229437237
-478897.3415266107
-412163.25476190494
-392887.7814536342
-399232.26082251064
-454208.37857142836
-483677.12142857106
-394683.87222222233
-483001.9559523811
-648735.3635531135
-527383.8559523814
-527444.9870879123
-505402.6750000001
-513526.14780701767
-480204.6321428569
-555431.6362012987
-492799.01666666666
-564370.4644300144
-581199.3928571424
-516776.8357503608
-525812.3090909092
-429193.911904762
-557860.3378787877
-476001.7579365084
-513710.8357142865
-541981.183766233
-451509.2079365081
-407821.158333333
-538343.5119047621
-511843.7404761906
-454549.4132284385
-493897.0663003659
-512216.00952380954
-521431.4143772894
-503394.3885642135
-393520.0664835165
-449573.01666666666
-437338.19615384605
-488100.5370129873
-500082.56904761883
-395820.5457792208
-348731.09563492064
-538921.1934065932
-532591.0619047619
-401945.45891774894
-526205.0846153847
-467220.80598845595
-452019.3000000001
-483156.79206349177
-565568.4694805193
-426815.7333333334
-475814.1261904761
-564161.4731601728
-440298.50674603175
-459404.07920135424
-466469.3253968254
-502908.1404761901
-485548.13798701274
-537899.1547619052
-510461.8769841269
-503967.933333333
-477977.9214985996
-479367.65873015823
-689001.4690476194
-496964.18690476177
-489233.02272727306
-498861.33115942014
-395125.70658263296
-497848.7916666666
-414074.5194444447
-554178.4277777777
-450974.0621212121
-599418.069047619
-501433.23766233766
-554363.1249999999
-514532.88571428583
-561520.5884615382
-486855.0448412701
-558635.1869047618
-541637.0916666671
-475147.61428571434
-496199.5952380954
-474781.8384615382
-579533.9404761903
-524481.7833333333
-489254.9507575761
-474633.92619047617
-482107.7333333336
-460575.1316080978
-442151.817261905
-483220.5757936508
-451658.73095238116
-430442.7
-453881.3333333332
-491132.0754578753
-434172.64999999927
-440871.9658730157
-424506.24999999994
-597315.6401875902
-546076.0801587299
-485817.90873015864
-486998.1611111107
-529383.7279942278
-553102.7333333333
-394522.7793650792
-440088.47936507926
-475485.75079365075
-213962.5452380953
-277019.5977272726
-255055.03882634395
-270145.96190476196
-265981.2333333333
-225634.4035714287
-284522.2611111111
-268684.1467948717
-215164.0852813854
-234529.4027777776
-230580.83257575758
-237529.1880952381
-262397.1616883117
-249208.89137806642
-228856.19285714295
-191183.82222222208
-267658.01507936517
-265668.58333333326
-201129.57499999995
-230378.32857142852
-270247.09920634923
-255889.0935897437
-275711.60158730147
-206012.9321428571
-251743.24242424266
-269363.61118326127
-230684.52323232315
-227744.79523809522
-251748.22359307366
-224183.13333333321
-249223.11785714285
-216387.35032467524
-237203.02976190473
-218534.42976190473
-281211.18333333347
-292415.8595238096
-220057.3121212122
-233897.50833333336
-243779.3202741702
-235004.94393939397
-237416.85526695527
-220965.69285714286
-260936.992857143
-241948.3214285714
-270699.59743589733
-233550.6833333333
-214345.7595238096
-210415.57380952383
-245228.24761904738
-261646.4333333333
-246503.4416666667
-232491.51712454212
-211306.80404040412
-241987.75317460328
-232144.96587301587
-344824.30281385285
-245944.27579365077
-427994.0297619047
-491735.8750000001
-467610.5681818185
-500889.24285714276
-444589.8666666669
-443973.06428571406
-357626.8563852814
-446382.0702020202
-566014.202958153
-361703.593939394
-225946.81428571415
-230283.8690476193
-244394.44047619036
-227212.0878582205
-205673.80238095231
-217711.67857142858
-245791.54047619036
-269742.1615384616
-285032.1151709402
-198924.41666666666
-257915.71388888883
-217518.73492063486
-308385.1987012987
-262190.55317460315
-254075.81367521378
-448601.588095238
-271084.7904761904
-245367.10000000003
-222136.96038961035
-241951.4015151515
-223939.2000000001
-265283.8333333334
-233001.14642857137
-260543.94976657306
-251246.84285714288
-264719.67954545456
-221283.43333333335
-191517.83150183153
-182530.43636363628
-244010.98939393944
-226826.5071428572
-224262.11587301586
-227006.61666666679
-312979.4166666666
-271534.24603174604
-302450.1666666667
-295331.541941392
-239845.7849816849
-296428.5067099568
-440030.790909091
-436577.5186147185
-464017.9996031747
-502379.645021645
-500656.3880952382
-492158.93888888863
-519304.38333333336
-463716.05476190476
-464183.1714285716
-477672.79761904787
-433514.2361111111
-420138.2436507935
-511190.2638888887
-423392.9000000001
-433992.298016934
-403587.14047619054
-465537.86190476187
-462538.11298701295
-451258.85084082594
-538898.2059523809
-521637.33333333343
-472127.65
-482929.53333333327
-360067.91309523804
-257268.53571428565
-256321.53333333324
-315741.9023809524
-294491.0388888888
-384921.7321428571
-508553.3722222222
-464367.0388888889
-469978.80833333323
-446657.06111111114
-535997.0818181818
-448735.9571428572
-530733.3333333333
-518910.042857143
-472867.6633699633
-420620.47843137267
-554450.2039682542
-434072.3142857146
-477580.5211930228
-450123.4473776225
-490322.3166666666
-452357.7285714286
-485533.45000000007
-455355.66037851037
-441721.6666666667
-407516.12480787165
-402292.0997835498
-581290.5252747249
-476040.12045454537
-452753.43388278404
-424133.6130952381
-450077.223809524
-446648.0999999999
-465410.9651515152
-386439.8071428572
