-154127.38780663782
-198607.2928571429
-190834.4444444444
-148672.944047619
-100875.12222222221
-284112.207142857
-196852.41590909092
-279610.05357142864
-158193.38439849621
-229749.67142857143
-187251.5392857143
-141566.5000000001
-189632.88636173768
-205775.2333333333
-200470.59512987005
-258919.82499999998
-176889.11587301583
-189436.475
-179632.25
-195055.34166666665
-169318.4476190477
-183660.3238095238
-207328.97222222236
-148889.30238095234
-138313.6821428571
-162618.15726495735
-222579.2833333333
-156320.87373737374
-187622.50641025646
-141970.18181818177
-79530.45000000001
-176391.173015873
-151244.75606060596
-161418.68333333332
-212914.35833333334
-152871.49696969695
-265994.54117826617
-160234.00714285712
-102518.4071428571
-120267.68725490196
-216735.12579365086
-226403.49047619058
-182200.9253968253
-285323.056060606
-266096.62549019605
-192104.6420634921
-213413.44722222237
-150818.18796791442
-171207.13333333336
-213910.9924075924
-189929.69523809527
-192895.71666666667
-188873.69227994228
-379823.25303030346
-171255.05411255412
-115445.38397435896
-269464.05952380947
-146290.3166666666
-180386.79358974355
-175354.07460317458
-202352.2468253969
-199429.2294372295
-139813.6238095238
-256326.1230158729
-131845.36428571428
-125829.78888888888
-200831.69880952375
-153428.13333333333
-201452.35873015865
-228160.88781512607
-153047.0166666667
-116866.173015873
-141239.16666666666
-197938.97142857144
-125399.36742424242
-180523.67500000002
-245861.20714285722
-164280.49523809523
-105685.79583333332
-136255.28571428574
-184572.25000000003
-179003.6666666667
-177664.1761904762
-136264.00909090912
-236627.4333333333
-167176.24444444446
-159397.66666666663
-134726.50833333333
-242912.5833333334
-107899.8505474917
-131413.3
-109851.74166666667
-188121.3846153846
-182556.97817460314
-148756.06341991344
-174078.8989010989
-150634.7107503607
-184606.66190476192
-231380.77777777778
-253995.16904761895
-197712.32499999998
-138931.05952380953
-162849.59999999998
-134980.01666666666
-120113.96908369413
-134677.5904761905
-138667.08888888886
-161049.73333333342
-201206.54322344324
-143966.4705118411
-160094.95
-226873.94087301582
-169716.41666666654
-236050.6463077985
-134989.10555555558
-212946.9286630037
-188805.33225108217
-163267.1116883117
-127873.3444805195
-148113.03333333335
-142065.72264957262
-211068.49285714302
-189142.74444444446
-133496.598989899
-197104.37222222218
-232544.35952380954
-195506.4924242424
-200785.0238095238
-177817.62500000003
-196014.64047619049
-115076.5690476191
-160185.66666666674
-174016.57500000004
-109811.52222222224
-230849.02023809514
-254121.48214285698
-149841.9028971029
-195727.66190476186
-242955.10202020206
-207789.6285714286
-280009.152813853
-175824.425
-214277.52487512486
-205057.39362026867
-219500.03809523815
-240353.0547619048
-182784.15308123248
-179321.5420634921
-128770.79999999999
-198375.2333333333
-101573.70035505433
-204564.37182539675
-253056.1230158731
-283962.2027777778
-208300.0476190476
-283243.5833333333
-235891.88333333333
-174800.1000000001
-155855.0148809524
-102120.62777777779
-129556.41428571427
-219291.91679292932
-171375.28333333333
-133780.16984126985
-216572.28607503604
-213521.38333333324
-212030.06071428582
-167854.00972222225
-147347.02499999994
-204413.17099567104
-161390.766025641
-170583.98333333334
-150255.81666666665
-140963.47500000006
-182828.01904761905
-169257.7912698412
-173255.3207070707
-184461.0714285714
-110899.67251082252
-123951.19999999998
-191697.81958874455
-108611.84393939389
-128087.54871794874
-250915.4583333332
-176004.1547619047
-168845.30461760456
-246403.74603174606
-158418.34177489177
-190205.47023809527
-184531.40151515152
-133879.0862745098
-179280.0904761905
-184253.54978354985
-190161.225
-118160.4893772894
-102284.64015151515
-191884.52499999994
-183068.24468864474
-187149.09206349205
-133828.68333333332
-202795.4682900431
-285126.69469696964
-169595.56547619044
-332383.03333333344
-154112.85000000003
-200766.97948717946
-154068.8916666667
-196198.16010101011
-107600.31666666668
-188965.8000000001
-265931.2813852815
-196252.54325396824
-137390.22857142857
-200156.60476190475
-139549.25225607725
-173534.0979187479
-166877.0658730159
-166644.70619658113
-222085.6277777778
-148173.15917366947
-169657.09999999995
-163265.90579975586
-222913.60952380957
-202897.6285714286
-194049.29526315807
-276375.71031746024
-166388.80317460315
-261487.02600732597
-184382.38304473314
-164636.82380952378
-155047.15476190485
-240021.23809523805
-243831.0198412698
-265438.14999999997
-226114.05555555556
-210077.14761904758
-291740.50192307687
-181770.54285714283
-247739.28387635754
-228719.09999999992
-242126.75000000015
-294276.9833333332
-332582.23809523816
-251049.7666666667
-239508.69166666674
-270970.0142857143
-198899.65000000002
-240453.83333333334
-247554.62499999994
-181120.4626984127
-204556.40079365074
-201099.61338383835
-237994.09448051947
-298291.7333333333
-260681.8809523809
-256413.07564102564
-234637.87261904762
-262990.56666666665
-243771.99141414132
-194597.40158730172
-209778.3521825397
-255074.1916666667
-304071.2499999998
-336351.22499999986
-312710.2
-245918.42857142852
-321408.5833333334
-202012.2
-270249.59213776427
-260700.87738095233
-270693.1261904762
-236447.453968254
-277003.6759056731
-299802.31666666624
-237094.65
-150083.61904761902
-257854.28333333333
-219623.10833333328
-222404.82619047616
-229609.59523809527
-202090.15476190473
-224331.48333333337
-255283.30555555553
-240229.88333333327
-232902.3463675213
-239121.43333333323
-285287.84157509153
-173706.45317460314
-198633.5777777778
-156407.30576923076
-216964.05824175823
-256309.46536796537
-230556.17857142858
-318273.2681457435
-312433.83787878795
-303208.488961039
-267504.3750000001
-202131.88571428577
-253150.46190476188
-235566.62261904764
-251687.08690476188
-358314.31428571424
-164974.87545787546
-197357.17857142864
-155024.14166666666
-237502.20833333323
-258961.4166666666
-263120.72380952386
-194408.14999999997
-255251.738888889
-259127.4380952381
-207261.68333333326
-231749.66666666674
-260796.99999999997
-248194.11666666658
-272527.2499999999
-246745.85476190483
-252424.8908730159
-269131.3262626262
-204940.04835164832
-195998.22499999998
-168192.0958916899
-225226.50476190465
-127873.6432789433
-223463.55
-234543.0833333333
-202899.5976190476
-200983.3984126984
-197872.58809523808
-186385.15476190473
-189988.3023809524
-197401.54487179487
-178530.15833333333
-156125.98968253966
-160337.48015873012
-142852.8583333333
-180618.4166666667
-191145.44206349208
-130102.86794871782
-217849.49761904753
-209229.94761904766
-171846.97222222222
-119089.08333333331
-174629.99484126986
-154348.84999999995
-183863.37023809523
-145127.59444444455
-112534.46666666667
-143001.73351648348
-66245.05952380956
-159577.58441558445
-190040.96190476193
-147949.93333333344
-133606.05
-99264.75873015866
-173828.97575757577
-135689.5794372296
-207722.34999999998
-252916.48205128202
-117223.35098039216
-193451.9545454546
-205383.3511904762
-280427.08333333326
-164620.47424242424
-218471.35952380954
-243560.21666666667
-239598.65779220784
-177422.18333333332
-236394.08333333334
-225262.06190476188
-262889.3888888889
-251381.59444444426
-203862.48333333325
-269698.28333333344
-198306.83333333346
-218304.4976190475
-320922.2727272727
-233044.13888888893
-218540.861072261
-164249.91666666666
-238825.27142857143
-239224.3047619048
-234231.80555555553
-347969.7666666666
-256481.0999999999
-214691.11969696957
-282919.6910866911
-169053.41428571436
-230214.49999999997
-173492.4888888889
-247939.00595238092
-210592.86388888906
-179439.78333333344
-257582.74285714276
-228505.25000000003
-232514.492857143
-319666.4341269843
-258837.51309523804
-234136.52132034636
-280116.6666666666
-240533.96666666665
-271743.138095238
-273347.20670995675
-195697.3928571428
-240307.56666666665
-186310.84523809532
-189688.41666666672
-229514.26666666666
-273825.73809523805
-231246.08333333343
-266588.4250000001
-241692.87500000003
-262911.810989011
-343002.8785714285
-337745.85
-205242.44999999992
-208721.0333333334
-252189.75656565663
-220558.1738095238
-218692.66666666666
-209624.15
-255123.1848484848
-227353.96944444446
-174064.03333333335
-262452.80000000005
-191132.6111111111
-288598.27380952385
-196740.0238095238
-225961.2902930403
-240327.08333333337
-230326.42857142858
-181219.1257575758
-187227.8321428571
-207946.46666666665
-183127.26666666666
-244379.1912698412
-210138.45909090905
-236172.74999999997
-236123.19999999995
-212360.53448773452
-300273.8658730158
-280162.0166666668
-343194.7423076923
-317057.1305555555
-216090.53571428574
-193215.76969696966
-262050.00000000003
-291301.9
-215007.12077922077
-268939.88571428566
-279727.2348484848
-250044.7666666667
-180187.30714285714
-281654.6250000001
-246235.68333333335
-278823.95
-222050.59242424244
-272829.55952380964
-199871.08333333337
-242089.24999999997
-238304.50303030308
-346173.91666666645
-184846.83181818176
-201927.24523809526
-262698.0404761905
-175441.98095238098
-224802.55091575088
-204924.3354978355
-220719.01789321788
-237109.55952380956
-248939.35598290572
-246541.46666666667
-211929.24999999997
-226075.50000000006
-160558.68095238094
-240159.79166666677
-273768.4976190476
-214227.55000000002
-202464.10346320353
-234098.34166666665
-248489.56666666665
-268431.15
-235933.4714285714
-227769.27619047623
-182981.64444444442
-192438.3511904762
-279771.4095238095
-224681.7298701299
-231655.3909090909
-286365.3388888889
-187583.63095238103
-206637.18452380953
-199743.80555555565
-275944.6764069265
-217563.55
-291300.34285714285
-213971.63333333333
-220035.24206349204
-275279.9886363637
-240358.04523809534
-262691.2380952381
-170727.93770053476
-220995.38095238112
-196830.18333333335
-217670.476190476
-260766.73333333342
-204554.2500000001
-183061.16666666666
-212756.6238095238
-153196.7119047619
-250184.9166666666
-210651.50714285718
-291246.21666666673
-282421.23181818164
-222425.18452380944
-191110.86904761897
-239562.00000000003
-216289.0833333333
-210358.60833333337
-238457.59737484733
-248354.33888888883
-248182.38095238098
-196096.53928571448
-224361.9428571429
-205324.7111111113
-237938.90555555557
-163459.26666666666
-235168.79047619042
-195074.24999999994
-224228.41666666666
-226778.44166666662
-190473.50245310247
-335085.0031746032
-191232.26190476186
-227824.5800865801
-208205.71666666665
-238388.40833333353
-206501.29545454544
-237156.71666666673
-231626.4999999999
-189748.557142857
-197442.15000000008
-240346.11904761888
-273426.95714285725
-241887.9166666666
-340358.1371794872
-202285.1499999999
-215074.43888888892
-291776.4849206349
-238547.91428571448
-198588.0079365079
-223079.8333333334
-233841.90714285715
-194626.73809523802
-233377.26666666634
-155967.35
-270579.7166666666
-256569.72222222222
-216188.05238095234
-189035.9015151515
-301306.0190476191
-242105.6583333332
-182375.65430242274
-261173.6674603175
-144686.87857142853
-241582.3452380952
-261152.84166666685
-315952.78728070186
-178029.2571428571
-174270.33333333328
-204905.36926406933
-235183.0000000001
-244212.46666666662
-168372.35952380957
-240986.45
-205125.2533613445
-142265.1202380953
-288448.89523809525
-160087.0205128205
-163016.41190476192
-191434.79101731605
-165492.55168067227
-190717.2113095238
-189823.91111111103
-210153.99761904767
-250062.20119047633
-213792.7079365079
-261886.21666666665
-199958.38333333333
-199501.79761904763
-274410.8928571429
-196535.92525252522
-194823.87499999988
-165540.59999999998
-158781.07142857142
-214863.0797619049
-197461.1252525253
-130368.0888888889
-212707.53333333338
-169863.89285714284
-186125.85000000003
-253253.59047619058
-246096.6722222223
-169404.16666666663
-325574.1369047621
-236673.6916666667
-222826.56666666665
-220788.84523809524
-190837.89682539683
-195209.3833333333
-249497.54999999996
-202783.19999999998
-190112.15196078428
-200509.69166666668
-215098.0666666667
-166490.94679089022
-229134.72023809524
-187103.7655844156
-200904.72857142877
-239491.3833333334
-178812.20555555553
-199834.34999999992
-235046.51666666652
-128765.9
-153148.76388888888
-165568.55952380953
-198190.5840909091
-231423.50833333333
-226515.3704545455
-269817.5666666667
-205418.23333333342
-128346.44880952383
-195834.28333333335
-225474.82619047613
-163998.05396825392
-188587.1996031746
-192799.96428571432
-152142.50396825388
-182016.86980519467
-155035.53285486443
-173804.50952380954
-137217.8261904762
-196397.11507936506
-191163.96904761915
-240539.83333333337
-179504.30952380953
-222374.18333333332
-145638.9924242424
-224750.5034632034
-127107.38333333333
-226832.66190476195
-166609.0799242424
-193822.9310966812
-263521.01666666666
-194001.77222222224
-235068.95043290066
-247997.80432900426
-212698.08232323237
-227037.13182957403
-197488.45000000007
-288766.13658008655
-196671.5603896104
-257066.93333333315
-219176.93106060583
-278481.6111111112
-232750.31904761918
-300730.38095238106
-206455.84523809518
-180834.86309523816
-184965.0809523809
-181276.17500000002
-226612.2964285714
-191547.76825396824
-252756.03333333324
-178280.40086580088
-232519.34285714276
-261014.62063492066
-196899.19999999995
-266891.7833333334
-152317.71666666662
-195177.62222222224
-187099.35
-204224.4523809524
-185063.9441558442
-190469.96212121204
-253339.3
-191572.01190476195
-209290.47916666663
-209764.08095238107
-221017.45454545453
-228727.4166666667
-208406.42222222223
-190553.80952380953
-195401.35
-171339.46666666662
-222436.17843137265
-171657.63333333333
-204254.1666666667
-175634.50000000006
-159101.78333333333
-175973.24999999997
-153888.27619047623
-198997.09523809524
-230429.51666666675
-234706.30476190473
-168821.38333333333
-171585.28030303033
-234492.74999999997
-206904.33333333343
-188663.55515873016
-153704.55714285717
-134610.15384615384
-177318.93333333335
-203722.2805555556
-175362.53809523812
-161654.98333333334
-194428.58030303026
-196306.62121212122
-168242.66666666666
-205705.7595238095
-156244.71666666665
-216317.61666666664
-270234.92142857146
-148159.71309523808
-149504.90151515155
-157268.0452380953
-205782.9523809524
-169402.57380952386
-158607.10000000006
-186683.29999999996
-202438.2761904762
-192082.8601731598
-184475.74642857138
-212247.60584415583
-178392.91388888893
-159075.42460317462
-180323.45714285714
-126784.16666666685
-196106.33333333334
-205010.65000000017
-165275.51666666672
-131395.80000000002
-207216.97619047618
-217273.89999999985
-225436.78333333324
-204658.33333333343
-278161.1595238093
-171838.1666666668
-137975.6055555556
-222900.36666666667
-133508.1345238095
-202928.70128205122
-157878.11666666664
-206951.30033300034
-287231.83535353537
-204050.8555555556
-216439.9404761905
-221787.19999999998
-171594.81944444447
-150668.53571428577
-206635.8285714287
-192074.26135531135
-158373.29047619048
-192980.21666666676
-162113.011111111
-220109.20753968265
-221129.861904762
-202252.06666666677
-169973.02777777778
-288650.88333333324
-189988.56096256684
-208513.1166666667
-226915.044047619
-241311.023015873
-191808.08333333328
-191860.9583333333
-179383.89999999994
-175176.2648809525
-186072.6238095238
-156441.1547619048
-180196.87896825408
-211946.5817460317
-195891.70000000004
-232378.10000000006
-189296.45238095243
-198958.16666666666
-217315.30000000002
-261755.31111111105
-164976.54761904766
-194639.04166666666
-136263.9166666667
-152010.52777777775
-174752.70075757586
-162064.6333333333
-135954.8283272283
-209430.8444444444
-236960.0380952381
-166023.15000000002
-181859.95952380955
-164267.66666666666
-199434.11666666667
-214829.5642857144
-146955.56666666668
-178191.71666666665
-168955.65000000005
-162418.56666666665
-142246.28245614035
-171388.1499999999
-178812.89999999985
-192117.4166666666
-172512.5782828283
-143324.38174603178
-137830.0902834008
-200215.4785714286
-157612.05476190482
-128161.98888888884
-134202.8253968254
-206044.02380952382
-144806.11868131865
-228489.0952380953
-112808.23636363636
-209826.65317460318
-168635.7833333333
-149574.69146825394
-211545.00000000003
-194090.19166666665
-216174.69722222234
-164102.2
-169152.9523809524
-175923.28246753247
-180430.19343434347
-165758.6523809524
-139426.6984126984
-145843.423015873
-184351.75606060616
-168605.68809523803
-151847.03333333333
-210939.16190476192
-137735.5119047619
-167173.93571428576
-177679.4944444444
-210815.7828282828
-156474.5628787879
-147766.98095238095
-185219.14999999988
-241144.05000000002
-138355.65952380953
-176629.65833333335
-167495.32777777783
-139486.92619047617
-139202.27380952385
-163795.66666666666
-195990.65178571432
-194521.9880952381
-162798.2619047619
-162003.36666666667
-165028.80952380953
-209880.47222222225
-134542.34794372294
-130143.23636363636
-160479.57029914515
-163265.23809523805
-144971.35952380954
-153178.62554112557
-168044.39047619046
-202974.20555555559
-164810.31904761904
-185120.9274891775
-180932.57380952383
-155080.35606060602
-240105.53809523807
-189448.01666666672
-149197.43333333335
-155751.45
-149586.61666666667
-193193.54999999996
-219222.73650793656
-186784.5
-206249.3507936509
-195529.83888888903
-216306.1666666667
-190295.66547619054
-173592.04999999996
-200135.47857142854
-170090.1666666667
-193219.21984127013
-174981.2666666667
-186623.21428571432
-149933.74285714288
-176675.52619047617
-157845.41666666672
-219082.3984848485
-332641.8035714287
-164656.45396825392
-221906.27499999997
-233635.88571428572
-135760.69285714286
-211111.10000000003
-213062.04696969694
-225734.85476190477
-181099.8095238095
-218842.76666666663
-186807.6504329004
-199494.89880952385
-223500.97083333327
-170675.88095238092
-159723.0238095238
-211217.33333333337
-232578.16666666666
-247540.1333333333
-206574.96263736265
-186672.0454545455
-203440.2833333333
-271604.0452380952
-205367.91428571424
-165908.6904761905
-165959.6944444445
-215289.80952380958
-192167.40000000002
-196296.02380952382
-229121.13571428577
-161300.40000000008
-223519.08333333334
-194815.40416666665
-214782.64339826838
-236857.67294372292
-141848.81969696973
-201031.57619047622
-211650.40454545457
-154174.1
-139591.86666666664
-201233.63333333327
-166608.93333333335
-219531.68001443005
-197603.62012987008
-181823.29761904766
-154103.01428571425
-169200.50000000012
-179546.20707070714
-144197.06825396826
-149473.66666666672
-166327.31190476188
-239620.7261904762
-197932.20833333337
-182704.2857142857
-130042.06666666674
-177726.10793650796
-154492.27380952376
-177627.98095238107
-159193.81666666665
-183287.22142857139
-157087.06666666668
-205625.37121212127
-141477.86031746032
-140671.64166666666
-181269.80769230775
-189769.5833333334
-179126.5025641027
-194019.15
-164600.06666666668
-204547.29166666692
-236343.32857142854
-161726.16666666666
-190968.74285714282
-162018.6448717949
-206949.85476190472
-128950.29523809523
-150169.37121212124
-187280.39880952382
-175908.87857142865
-228359.7
-173403.42500000002
-191099.8717948718
-155321.58333333328
-175009.93333333326
-155406.53831168832
-174759.4333333333
-156837.76904761905
-148870.9833333333
-193154.83333333328
-216489.19999999995
-236589.31666666665
-206997.4166666668
-190520.5409090909
-145963.1047619048
-157588.19999999998
-163608.96666666673
-168759.9436507937
-143692.98333333334
-177634.82417582415
-119352.95
-138935.0
-166265.84523809535
-155543.49166666667
-190407.8761904762
-143084.67222222226
-168542.67878787883
-246329.76666666663
-157064.26666666666
-248083.21666666667
