3107.420181274414
2340.3121795654297
2673.6143341064453
2323.960952758789
2293.437530517578
2375.0848388671875
2447.123794555664
2299.9833374023438
2599.493179321289
2263.030044555664
2594.9659271240234
2373.7279510498047
2595.619583129883
2307.0735626220703
2357.0894317626953
2655.590789794922
2188.7658615112305
2730.38818359375
2425.6830291748047
2323.8702087402344
2461.869384765625
2290.908187866211
2552.8018646240234
2114.824203491211
2580.4712829589844
2132.954360961914
2267.791259765625
2309.842529296875
2242.018768310547
2130.6517791748047
2252.4916381835938
2233.4110412597656
2112.639358520508
2128.989273071289
2012.1587829589844
2154.6956176757812
2394.636444091797
2713.8802490234375
2267.530563354492
2559.9141998291016
2605.648223876953
2343.1746673583984
2517.0337524414062
2317.0780181884766
2325.5915756225586
2447.326370239258
2327.616470336914
2249.7393493652344
2359.723663330078
2380.4746704101562
2466.4058990478516
2413.1332092285156
3032.9585723876953
2280.817054748535
2268.324935913086
2490.353713989258
2388.2415924072266
2411.200424194336
2327.4459686279297
2542.4512634277344
2519.9728393554688
2160.3722381591797
2395.903778076172
2663.1909942626953
2409.407241821289
2379.1455841064453
2326.059097290039
1965.6472854614258
2487.398468017578
2162.608642578125
2536.096237182617
2232.032440185547
2462.377487182617
2385.810501098633
2200.8895111083984
2258.5812072753906
2421.269577026367
2099.692672729492
1981.6792297363281
2349.1436309814453
2330.4773864746094
2278.2809143066406
2089.1844787597656
2601.8595581054688
2088.8388671875
2016.5060729980469
2198.518081665039
2167.840057373047
2174.9117889404297
2229.654800415039
2254.905563354492
2015.9872817993164
2594.593231201172
2154.5035247802734
2001.6494445800781
2309.7186126708984
1970.0666046142578
2332.2747344970703
2208.9938354492188
1935.3258972167969
2227.4996948242188
2155.6585083007812
2139.661247253418
1951.4606018066406
1919.5748748779297
2286.121047973633
2139.1285095214844
2326.5868225097656
2317.481674194336
1978.8609619140625
2287.293426513672
2189.591018676758
2391.1747131347656
2561.987045288086
2373.7208404541016
2608.8385467529297
1957.9923706054688
2513.5884399414062
2099.216079711914
2031.4192504882812
2101.9871368408203
2262.3191680908203
2594.485824584961
2484.141082763672
2411.726760864258
2538.909912109375
2426.682830810547
2160.8267517089844
2092.920585632324
1983.8720245361328
2409.7879638671875
1950.5716400146484
1978.9530487060547
2335.2506561279297
2221.354049682617
2295.508987426758
2210.036018371582
2223.7813873291016
2263.3501586914062
2076.0623092651367
2351.1887969970703
2237.726608276367
2281.099807739258
2140.603012084961
2083.162567138672
2212.8435821533203
2219.116241455078
1892.5659790039062
2188.5267791748047
2217.6261444091797
2217.8885803222656
2381.104721069336
1930.917236328125
2426.164031982422
1925.854103088379
2187.5242309570312
2215.9002532958984
2315.6347045898438
2181.0791931152344
2125.4107818603516
2317.4860076904297
2200.370132446289
2646.964111328125
2628.5889892578125
1872.2753143310547
2194.021774291992
2437.282760620117
2293.3582916259766
2310.081344604492
2288.419448852539
2174.84423828125
2633.2726135253906
2539.798797607422
2585.3899841308594
2900.7989349365234
2878.0929107666016
2494.0035247802734
2539.058792114258
2362.967758178711
2595.1736907958984
2387.3981170654297
2986.802703857422
2641.112991333008
2559.0018157958984
2513.794662475586
2460.319778442383
2595.716522216797
2615.9806518554688
2413.1871948242188
2769.6617126464844
2682.0599670410156
2570.0751190185547
2581.6739196777344
2327.0022888183594
2641.781280517578
2377.6751556396484
2781.6587677001953
2395.9922637939453
2578.052688598633
2530.450408935547
2428.6204681396484
2511.5357666015625
2525.103546142578
2638.441192626953
2245.0206298828125
2753.234893798828
2690.452850341797
2242.5732421875
2479.723861694336
2580.0453033447266
2418.3467559814453
2108.1887817382812
2230.544662475586
2069.1354217529297
2296.090286254883
2121.5782318115234
2237.953903198242
2145.4256439208984
2109.317413330078
2013.002212524414
2291.222640991211
2235.5325927734375
2029.2060546875
2087.974594116211
2134.354782104492
2116.8615112304688
2083.0113677978516
2351.410125732422
2259.578170776367
2222.816131591797
2611.655792236328
2203.289016723633
2138.598190307617
2110.475631713867
2186.2198944091797
1950.7221069335938
2028.6053466796875
2365.490036010742
2036.9360961914062
2043.4921875
1922.8988800048828
1930.0047988891602
2484.586471557617
2455.6822204589844
2022.1363220214844
2233.155548095703
2187.4574279785156
2116.6244201660156
2138.022506713867
2007.5002212524414
2105.263931274414
1965.611183166504
1773.958236694336
2034.2080001831055
2238.6412506103516
2289.4925231933594
2213.8485412597656
1885.1516723632812
2403.7942962646484
1740.8722305297852
2229.2994079589844
2374.2391662597656
2361.001251220703
2334.4932861328125
2374.601287841797
1900.862419128418
2170.732879638672
2098.507110595703
2251.998748779297
1869.2190399169922
1922.5492858886719
1971.234146118164
2220.9796600341797
2451.5015411376953
2717.291763305664
2326.899658203125
2106.307891845703
1946.8405303955078
2075.8546142578125
1783.0328521728516
2398.826217651367
2534.6324005126953
2025.8139953613281
2255.2026596069336
2334.691177368164
2030.7405090332031
2290.2054290771484
2271.681838989258
2148.361602783203
2202.787742614746
1990.6280364990234
2074.3155975341797
1934.3480377197266
2111.6895294189453
1848.582649230957
1860.3402404785156
1922.580421447754
2090.018112182617
2195.0779571533203
2322.4805603027344
2219.3859252929688
2315.336227416992
2142.446388244629
2447.9544067382812
2130.731399536133
1943.6429443359375
2653.0480346679688
2516.9874267578125
2379.4297103881836
2242.043701171875
2518.689498901367
2417.109375
2143.6863861083984
2417.972625732422
2768.1151275634766
2494.598358154297
2658.455780029297
2251.8164672851562
2192.791275024414
1983.168716430664
2746.5677642822266
2558.8499145507812
2274.529457092285
1974.1652069091797
2195.4483947753906
2353.1973724365234
2629.186264038086
2060.475875854492
2286.434585571289
2891.9107360839844
2222.671615600586
2281.717300415039
2631.7010040283203
1810.9136352539062
2238.8145446777344
1868.3966064453125
1863.8540344238281
1939.0667572021484
1876.1353607177734
2256.624237060547
1808.1471328735352
1980.2783737182617
2113.5973358154297
1986.6084747314453
2054.1748962402344
1897.466896057129
1849.4094009399414
1711.6549987792969
1926.6670761108398
1684.352523803711
2016.3891143798828
1698.4889907836914
1715.231185913086
1874.8366012573242
1805.6015930175781
1855.8541946411133
1882.568115234375
1897.5121688842773
2142.7818908691406
1713.9941635131836
1566.1273345947266
1719.439567565918
1653.5344848632812
1606.8195571899414
1637.2487182617188
1623.3274383544922
1734.1279602050781
1479.9862594604492
1493.3358764648438
1615.8398208618164
1801.6835632324219
1753.3224487304688
1680.6411895751953
1511.5316162109375
1551.1471099853516
1629.5729904174805
1708.4882049560547
1600.646011352539
1732.6840744018555
1932.5933227539062
1545.8659133911133
1533.2770767211914
1507.636962890625
1594.264892578125
1721.7935180664062
1609.3477325439453
1762.5092468261719
1501.0731887817383
1668.5579147338867
1677.8376998901367
1698.551856994629
1606.337158203125
1511.8452835083008
2035.043472290039
1503.0541076660156
1881.5396728515625
1543.89404296875
1335.715072631836
1770.134391784668
1801.3347778320312
1577.8794708251953
1493.5985717773438
1956.7542724609375
1683.4963607788086
1846.7146453857422
1821.376953125
1994.9513854980469
1758.6759185791016
1641.314437866211
1744.5773696899414
1464.349105834961
1578.7529678344727
1473.9112091064453
1583.5031509399414
1939.3243103027344
1705.0439910888672
1564.260124206543
1576.9348831176758
1614.7320175170898
1659.1619033813477
1550.9086227416992
1758.5615005493164
1785.6746368408203
1631.1637268066406
1953.271240234375
1713.0474243164062
1553.512680053711
1658.0234146118164
1530.3893432617188
1774.570167541504
2010.8074645996094
2041.8821411132812
1437.704963684082
1551.5893325805664
1820.5572357177734
1487.7650680541992
1949.0609893798828
1671.6017761230469
2049.4003143310547
1472.668441772461
1700.7475204467773
1637.015007019043
1760.996566772461
1831.5680694580078
1631.8227157592773
2482.2098236083984
1627.6360702514648
2003.5930480957031
2153.0619506835938
2073.1833572387695
1652.7368392944336
2055.763671875
1974.7622451782227
1784.578971862793
2431.7335205078125
1947.1108932495117
2142.2230072021484
2041.763687133789
1806.6907348632812
2532.468589782715
2237.0979766845703
2386.786422729492
2284.921127319336
2274.7599182128906
2052.0638580322266
2413.7846069335938
1976.2814483642578
2513.695755004883
1839.1551895141602
2185.8123779296875
2280.6817169189453
1945.1771392822266
2311.518829345703
3013.5720977783203
1885.2225646972656
2343.3532943725586
2843.040069580078
1940.716537475586
2160.5116958618164
2197.6754455566406
2783.237350463867
2216.0466690063477
1867.6669311523438
2068.638153076172
2406.4502563476562
2203.652297973633
2325.101593017578
1748.8846130371094
1704.1910552978516
1714.784278869629
2072.987823486328
2235.1087646484375
1978.8623962402344
2294.311752319336
1624.5794830322266
1951.4498748779297
1663.1666717529297
1726.4708709716797
2116.3292846679688
1778.3808898925781
1896.2289581298828
1770.9501495361328
1802.0116271972656
2320.7593154907227
1687.4325637817383
1465.7947692871094
1553.6268692016602
1477.2121353149414
1273.0905838012695
1449.4383163452148
1622.4545516967773
1491.1678924560547
1633.1489639282227
1461.3529891967773
1567.3937225341797
1485.1976928710938
1464.6004180908203
1405.4324111938477
1366.923225402832
1378.7750854492188
1469.4445877075195
1587.9130249023438
1477.381202697754
1443.3109664916992
2167.6436920166016
1486.4420471191406
1675.889907836914
1954.4746704101562
1869.336196899414
1542.3052368164062
1893.5274276733398
1998.9726333618164
1805.1537017822266
1831.3413391113281
1417.6394348144531
1809.4892883300781
2253.128219604492
1692.5207214355469
1976.5963134765625
1902.7203903198242
1821.3298110961914
2124.852813720703
1861.9293823242188
2142.8474731445312
1567.2116088867188
2094.553092956543
2272.929344177246
2435.829345703125
2326.5498275756836
2025.1101379394531
2232.9527587890625
1945.8822402954102
2297.06103515625
2110.366165161133
2103.9464416503906
2309.858917236328
2014.0029907226562
1804.8014068603516
2346.388458251953
2149.767593383789
2543.8402404785156
2303.6698303222656
2691.4671783447266
2269.122848510742
2957.7184295654297
2274.9156341552734
2365.8046875
2326.350227355957
2366.095001220703
2609.742401123047
2466.1194229125977
2281.38028717041
2040.4980926513672
2699.0304412841797
2226.1494522094727
1943.1857299804688
2654.968894958496
2450.8462982177734
2578.310501098633
1868.4065780639648
1858.9445495605469
2479.3112030029297
1677.1481475830078
2335.9188690185547
2239.4361724853516
2302.245086669922
1603.5447006225586
1777.292739868164
2288.061050415039
2776.0086364746094
2193.2581176757812
2019.0835494995117
1891.6462860107422
1383.5095291137695
2087.5899200439453
1805.3048934936523
1541.5467987060547
1333.8763885498047
1379.956153869629
1552.9180526733398
1466.3264999389648
1144.1201477050781
1147.0619354248047
997.7781677246094
1303.0587615966797
1229.861312866211
1093.2645645141602
1212.320598602295
1221.252311706543
1218.5349388122559
1225.7405548095703
1357.4205474853516
975.4000091552734
1124.0198516845703
1141.0970916748047
1280.772315979004
1220.6478729248047
1265.2668991088867
1014.463321685791
1445.005630493164
1413.4970703125
1176.8073425292969
1324.109390258789
1491.745018005371
1239.7460403442383
1480.1224365234375
1220.149169921875
1310.1772842407227
1468.0228805541992
1575.9860610961914
1624.9285888671875
1554.2095642089844
1504.8803405761719
1266.375862121582
1585.1886749267578
1892.9461364746094
1775.2370223999023
1987.581153869629
1543.8134002685547
1863.6396102905273
1563.9914169311523
2005.523078918457
2327.7952423095703
1836.5890350341797
1540.8251647949219
2015.2575378417969
1794.5855407714844
1742.2119674682617
1513.45947265625
2079.726272583008
1708.244010925293
1830.066551208496
1736.7211532592773
1962.9320678710938
2813.020309448242
1546.8030319213867
1824.0328216552734
1914.5067520141602
2042.0546188354492
1711.6121292114258
2469.3305282592773
1588.3848571777344
2686.4249267578125
1948.6630172729492
1947.7154083251953
1786.0861587524414
2000.7336502075195
2033.2913818359375
1971.8004531860352
1666.395637512207
1323.655662536621
1345.3006896972656
1593.9833984375
1297.4230575561523
1588.4241638183594
1429.2122268676758
1072.147289276123
1371.7102813720703
1360.9696197509766
1157.914794921875
1535.7196502685547
1197.0248413085938
1206.5322647094727
1283.4220962524414
1395.2590789794922
1476.6297607421875
1486.054817199707
1554.617172241211
1297.480972290039
1324.2247695922852
1259.3425750732422
1595.6952896118164
1543.3580169677734
1713.4544830322266
1233.622402191162
1487.398422241211
1326.297866821289
1275.7717971801758
1508.2920379638672
1477.295280456543
1280.5094985961914
1442.7328186035156
1527.2587585449219
1635.5382919311523
1934.955909729004
2015.9728088378906
2300.82470703125
1912.310317993164
2112.8244247436523
2092.666793823242
2140.776222229004
1774.3441619873047
2433.9703521728516
1866.9042053222656
2103.149368286133
1747.9889526367188
2322.0408325195312
1762.4253158569336
2147.6620330810547
2607.105026245117
2255.6058502197266
2553.4678802490234
2295.5888290405273
2244.8943786621094
2683.931427001953
1817.0399322509766
2013.9967803955078
1819.40625
2187.1139221191406
2207.186767578125
1702.678855895996
2237.85147857666
2319.610549926758
2301.2479248046875
1982.7018508911133
2532.092010498047
2500.7980575561523
2455.0965118408203
2601.9296264648438
2765.611846923828
1709.461441040039
2180.7966537475586
2520.1110458374023
2081.9271850585938
1911.738899230957
2558.622604370117
2734.7477111816406
1820.7479095458984
1782.7314910888672
2000.591682434082
2468.261688232422
2164.3955841064453
1676.6698913574219
2150.334518432617
2229.0354614257812
2572.690299987793
2243.363052368164
2078.4824142456055
2098.358222961426
2074.4273529052734
2311.117630004883
2385.1416091918945
2600.1168823242188
2791.247787475586
2297.138641357422
2386.741989135742
2752.641891479492
2018.0197296142578
1602.298713684082
2489.4235763549805
2939.022979736328
2739.137008666992
2296.4312896728516
2412.950729370117
2462.743438720703
2714.540069580078
3113.5670852661133
2133.016181945801
2302.245735168457
2206.852249145508
2060.4022064208984
2358.87589263916
1745.6371612548828
2202.546096801758
2287.914321899414
1737.7714080810547
1986.8053741455078
2072.930450439453
2108.2228088378906
3133.033187866211
2708.275436401367
2248.586570739746
1761.8078536987305
2260.2475204467773
2129.5594024658203
1790.7424240112305
2494.132957458496
2131.8204956054688
2037.8324127197266
2215.03116607666
2694.0066680908203
2061.7834243774414
2613.234962463379
1991.705909729004
2663.0828399658203
2133.4442291259766
3493.1738891601562
2229.2027282714844
2433.036376953125
2625.59326171875
2404.2877349853516
2176.9918365478516
2684.1729278564453
2489.331817626953
1995.7778244018555
2089.1140365600586
3060.962142944336
2161.9161376953125
2962.0925903320312
2609.717330932617
2160.249580383301
2581.9801177978516
2556.2669219970703
2359.330238342285
1935.893913269043
2319.7190704345703
2434.7973251342773
2500.0725173950195
2431.943344116211
2044.6689910888672
1912.6660842895508
2825.0799255371094
2239.175796508789
2060.8362731933594
2542.8738403320312
2205.443618774414
2010.7929763793945
2659.644027709961
1913.1052551269531
2375.970428466797
1925.0408935546875
1798.5439682006836
1880.040168762207
1914.6349182128906
2547.6265411376953
1658.060157775879
1685.5049667358398
2128.619487762451
1443.2882843017578
1612.9653778076172
1397.008415222168
1816.8159942626953
2072.408889770508
1361.2936782836914
1593.2234420776367
1235.094856262207
1690.0970840454102
1134.4614791870117
1235.315357208252
1279.7499351501465
1203.7375946044922
980.7638778686523
1148.1837539672852
1100.2027587890625
845.6291122436523
740.1812286376953
784.552360534668
861.6115417480469
1029.8872833251953
798.0675888061523
759.9740295410156
821.539192199707
798.605339050293
793.0460357666016
830.9287796020508
793.7969245910645
925.4302673339844
800.7047958374023
770.6631164550781
893.3173408508301
754.2132720947266
786.0141334533691
719.2561264038086
741.6587257385254
877.9205169677734
829.2544708251953
801.2814979553223
752.8991813659668
843.722469329834
681.838264465332
855.8634948730469
839.6687698364258
733.9015007019043
910.3222351074219
821.8471336364746
1216.2283325195312
938.8576202392578
985.5013275146484
1127.3217811584473
948.4051513671875
1353.1861114501953
1106.9867324829102
1348.5908317565918
1206.3723831176758
1039.7271881103516
1063.4521675109863
1097.7108840942383
1284.4474182128906
1006.4430465698242
866.0542488098145
1020.0396385192871
1478.5459365844727
1340.6357650756836
1037.952205657959
1141.8345413208008
1132.7141189575195
966.9893341064453
1138.5786399841309
1163.1143264770508
975.445426940918
1124.1041984558105
1249.646110534668
1317.0612716674805
1073.3157539367676
1297.1333694458008
1167.6743545532227
1321.7262878417969
1109.3646087646484
1150.440933227539
1005.7469635009766
1082.9179153442383
1012.1626129150391
782.1448364257812
903.6108207702637
966.849739074707
721.4060440063477
859.3080177307129
674.7468032836914
776.4037017822266
919.8814163208008
862.4259910583496
953.7867546081543
980.7939071655273
936.7041931152344
990.7141418457031
822.6401405334473
1332.9209671020508
1514.8345108032227
1145.4449005126953
1466.3488540649414
1093.47163772583
1437.9149780273438
1126.4863777160645
1562.8227005004883
1603.590576171875
1390.2204513549805
1339.5458984375
1395.0679473876953
1973.7863235473633
1628.2840881347656
2158.390350341797
1607.4049530029297
1544.4044494628906
1724.4168090820312
2058.2943267822266
1813.4207611083984
1513.4192352294922
1535.676872253418
1812.0788116455078
1484.6652450561523
1754.4015579223633
1457.5665588378906
2074.9136352539062
1893.0040473937988
1903.8706970214844
1606.1402969360352
2120.703624725342
1657.6124877929688
2038.3990478515625
2220.864776611328
2496.575958251953
2201.8694763183594
1888.321922302246
2405.789093017578
1996.6367797851562
1847.8139572143555
1640.4895095825195
2181.0609588623047
2086.6458015441895
1551.704574584961
1967.761978149414
2193.6998748779297
1367.3898544311523
2114.384864807129
2026.76810836792
1975.4630508422852
1931.722640991211
2102.0408096313477
1462.1096954345703
