22321
25841
24110
21141
18749
33790
25886
29693
23916
28568
24470
24159
24366
25275
25773
29065
22850
23996
23629
23930
22413
24572
25535
24259
21418
23975
27290
22431
23392
23418
21432
26057
22257
26493
30259
24242
30636
25227
20724
21555
25193
29847
27906
29087
30478
29642
27763
22856
23817
28031
25958
26815
25623
37072
26452
23752
29248
21596
22648
24367
24349
26135
22906
29941
20316
20890
25720
21839
28313
26022
22634
20605
21299
24349
22098
23650
29914
21961
20369
21124
26730
25652
24220
22219
28052
22910
22491
20901
26949
18980
23139
19454
26183
26656
24655
23431
22539
24021
28129
26979
24561
24126
22238
22761
21620
20093
21794
22903
24751
20966
24601
28889
24098
26680
22034
25751
26431
23238
21382
21893
21515
25316
24823
20929
24331
27269
24175
27472
24611
26042
20068
22387
23283
19231
27583
30376
21978
25674
28639
27011
30865
23230
27936
27024
26417
28681
24837
24242
21350
25728
20199
26746
27849
31208
25181
30129
27401
24695
22729
20252
20164
26818
25611
21667
26750
27338
25964
22731
24211
24991
23469
24420
22760
21965
25220
24381
25765
24981
19412
21228
24888
19551
22409
28523
24041
24521
28779
23873
25740
25799
24363
21974
25282
27020
22081
21708
27319
24287
28298
24945
25931
30763
24805
33735
22831
25342
24709
27227
20848
25467
30985
27026
22748
25075
21456
25306
23728
23047
25911
23927
24712
25516
26833
24598
24894
29028
22981
29415
24001
23588
22954
29720
28397
31850
28444
26280
31482
24714
31082
28511
28969
31848
32984
30826
30097
30123
26246
29368
28027
24104
25390
25676
27420
32197
29173
30965
27695
30175
28004
26451
26481
29771
31874
33935
33492
29601
32843
25417
28714
29249
30545
30017
31037
31907
27933
22949
29684
27025
26214
28905
23872
30886
29357
30206
28507
28325
31941
23440
24596
22731
27047
29937
27789
34907
32040
30593
30905
26622
31399
29517
28236
35731
24866
25784
23418
27918
29685
31269
26898
30584
29562
25824
30703
28861
29268
30344
29030
31183
29288
26634
25367
27057
28439
22113
28000
27208
25980
25424
25225
25621
28129
25262
26445
25571
25236
24264
24152
23943
22325
25787
25057
26271
20195
23219
21598
23830
23392
19410
25083
16921
22696
25101
21118
21573
23792
27281
27418
28548
28989
26007
26459
26460
30428
23596
26695
27875
32383
24368
27791
27577
29850
29190
26648
31969
25654
27177
32550
29067
27566
23382
28191
28439
26902
33293
29157
25871
33521
23701
27366
24579
29011
30430
25970
30026
27393
28258
34819
28860
29066
30538
29158
28924
30651
26589
27202
24950
27533
27340
30239
27034
30294
29290
29271
34627
33974
24772
30703
28886
25898
27846
26797
30707
26517
24072
28496
24213
31442
26253
27653
28631
27193
24322
24595
25770
23830
29934
26148
30507
30484
26620
31322
29296
33274
32160
26637
29483
29334
30137
26423
29720
30999
28918
24354
30437
27303
30123
27015
30468
24411
26539
29111
34459
24122
24872
28941
25335
27872
28567
27039
28143
31384
28273
26228
27103
23806
30518
31352
27076
27488
27191
28768
31777
29038
28364
25495
26182
31645
27685
27575
31033
25154
26002
24663
31452
27561
31665
28428
26298
29505
29712
30236
26003
27485
27607
28247
31270
26391
25615
26104
22546
28722
26805
30682
32969
27367
25241
30751
27056
26618
30351
29253
30406
26740
28203
25798
28646
25418
30261
25765
29489
28057
27366
37363
25964
28078
26248
28784
26453
30491
27570
25456
26886
27230
30326
27466
34394
25383
26942
31490
26811
27024
29074
27908
26180
29145
23341
29168
29894
25450
27797
32011
31021
25562
32277
21954
27708
30522
33271
24154
26382
28086
27895
30154
24947
28701
26858
23387
33791
23550
25352
29682
22817
25774
25426
27992
30198
26509
27937
25528
27351
30313
25647
27845
24152
26349
26725
31317
23116
26616
25547
27162
28641
29484
23882
32314
28021
26915
29998
25219
25429
28540
27085
27219
25032
25746
24602
29149
25851
26054
29684
26062
26122
29522
22329
26495
23751
27739
30964
28198
31203
27032
21733
27019
28463
24080
26419
26412
24464
25310
25910
24652
23025
29278
25657
28584
26184
27259
24354
29131
24168
27223
26043
27873
29489
27936
27533
29729
27695
28830
27818
32372
25434
29294
28717
31359
28445
32389
26795
25266
28051
25765
27324
26865
27742
23372
30099
29526
26550
30978
23474
26366
25558
27655
26570
26792
29716
25034
26777
29309
28407
28226
27253
26572
26190
24680
28092
23826
27388
26616
24933
24224
24696
26354
29694
29016
24279
25785
30035
26855
27276
27061
23491
27332
27481
25228
24533
26769
27456
24680
27502
24331
28658
30920
24777
24005
24223
26437
26485
24596
25852
29910
26617
25723
29152
25607
25607
26135
22011
25482
27460
24732
21714
27068
27130
28868
27800
30827
24694
23783
28638
23894
25986
23562
27673
33960
28809
27586
28561
25956
26803
28195
27804
24257
26662
23457
27472
27529
26846
26390
31053
24871
25147
27540
30323
24605
25240
23858
26205
26882
23475
25682
27500
26916
28001
26378
27208
26925
30235
26408
28202
24643
25469
24970
24634
22486
28374
31652
25661
25859
24305
26445
27542
24709
26864
26943
24767
24017
25788
26024
25674
27894
26020
25842
27927
25005
22919
24703
29338
24142
30079
23579
29039
26173
25742
27057
26689
27345
24794
27023
27647
26389
26085
26418
23847
27068
26708
25334
29163
23444
25854
26292
28106
25808
25795
28920
28180
23479
27704
28825
25319
25399
26091
27974
28618
25690
25844
26353
26839
22025
23719
26244
24911
23662
23861
23657
27085
24953
25615
26769
23767
29001
26416
24480
25863
23820
26749
30564
25332
28745
26761
27780
26858
26025
27215
25602
28214
25823
26452
24517
26878
23814
27183
35624
24066
29037
28738
23180
27979
28697
29075
26719
27825
26212
26786
27409
25037
24927
26375
28376
28779
27699
25493
26373
31345
27319
24154
25279
27552
27212
27093
28571
23857
27943
26647
27204
28474
23246
27701
26420
24010
23666
26617
25997
28785
27832
26973
24621
24171
27322
25177
25808
25779
29468
27028
28822
23181
26595
24861
28097
26129
28193
26418
26253
25237
25634
26069
26638
26304
26874
25324
27412
29033
25031
27250
26125
28734
22501
24225
25230
24710
28770
25500
26935
24831
27116
25163
26325
22919
23523
26017
27179
28504
26935
27621
24374
23846
25007
27002
23550
27333
22402
25474
26434
24302
28109
24706
26008
30079
25335
32305
