25295
23127
25881
29348
26972
24839
27849
26735
23712
24765
24316
22135
23162
29073
23083
24042
29738
22347
25141
22940
22527
26495
25135
20925
28571
23633
29084
27643
23496
27757
20599
23223
24343
25056
20838
25689
24682
22971
25284
21963
27075
20499
28790
28898
20013
24514
23325
20761
26283
23088
22541
26596
27085
19147
29576
21492
26376
26111
26833
24619
27367
23530
23579
26296
22233
27360
25371
20669
30698
23743
22061
20361
20546
24960
26002
31872
25396
25245
30552
27000
25366
26142
29519
22529
27011
22570
32013
25427
24472
30389
22823
22802
22997
24265
25185
24623
26218
22914
25271
23723
27977
30423
26392
29165
27286
30868
25473
31373
29049
23092
23255
21785
20996
24636
26365
27147
30062
25324
22605
22126
23457
24825
23517
23434
25116
22880
28261
24483
25933
23877
25157
25668
26277
23221
20732
33568
22746
24335
29140
26038
29603
26697
19993
24386
23931
26569
28645
21777
27385
23318
23805
30164
20271
29786
23236
28655
20668
28278
26368
32264
32051
28783
35260
29846
29261
21828
27567
21194
23472
26518
21027
19475
22525
23431
26626
27381
25586
22312
29216
28506
29787
34808
24602
26370
28153
29745
30022
30347
26186
28032
32508
36315
25717
31707
27881
27158
26187
29090
27457
24467
28919
22736
27684
19308
23860
27199
29734
25822
26066
29489
27057
30036
27334
28740
30762
29253
29747
31978
27249
26193
28613
25737
33219
25044
25183
25218
27619
24860
27597
24450
28731
29234
26238
19857
29087
30033
28318
25525
23898
25783
26010
26279
30231
29992
27716
23678
25818
25023
25961
27973
25447
25207
24637
30545
26284
31308
31092
28671
30435
25855
33140
28198
24891
34501
23636
27009
25781
31661
27288
25978
31792
27231
28093
23980
27717
26217
28781
24845
27973
26253
26704
30943
25534
26640
24590
23303
27959
23543
26296
26910
25955
26835
28141
25566
25589
29832
25731
26959
23507
27101
25947
27315
24339
26758
28086
25411
28648
28537
24602
27052
27564
26064
22810
22458
29011
25089
25263
25613
29853
25833
28178
25590
27861
24229
26897
25266
25239
24479
27484
22288
22730
30259
25610
25288
23915
24950
25940
26202
20397
27170
29104
26566
26874
28212
23143
25080
25355
27044
25413
28811
29915
27519
27058
26915
30137
32273
28492
23576
31488
30582
31834
27735
30867
27014
24435
28523
28930
27131
26699
26126
29926
32331
30072
25661
24293
35949
24307
29978
31804
29990
27948
29684
29246
26300
32024
25000
31626
27576
27191
32805
27182
24691
25696
32262
28994
31636
28348
27903
27744
30808
25469
26192
28601
22871
29237
26512
27715
27582
28552
27334
26678
28634
29259
32329
31195
28611
28919
26649
30986
29160
29420
31803
28223
28266
26007
30776
29524
30365
23843
24928
25116
27731
27018
28514
27211
29851
26274
27198
29646
30095
29412
26229
28270
28552
24259
31349
33294
24925
28152
27453
30481
26605
27222
29582
29176
29694
29193
32546
27290
27467
25898
25993
30706
21265
26314
29322
23290
32801
29761
28327
27484
29313
25536
30867
27985
30146
31330
25764
27605
29949
24754
28301
26634
25565
26027
28294
27548
28353
29029
27832
27219
33528
26760
25423
23588
26632
30921
25214
28297
26632
28041
27158
29238
24585
34587
29157
35340
28542
30164
25186
24910
26365
30373
24053
27779
28723
28059
26794
30841
26319
28011
27227
24493
27628
28438
31973
31456
27780
25326
30798
27854
24790
29591
25907
30040
29240
27587
26745
31021
32336
28452
31823
27907
32232
30230
29553
28397
28172
24045
26321
26375
27138
26330
25056
26706
30678
26844
26180
22769
23212
27010
27260
25674
23647
28647
28572
29760
27351
26193
26955
29997
32650
26367
28654
29727
28805
30212
27940
26759
26297
27664
24942
23145
27558
25181
32920
27216
23169
24316
26783
26944
27171
27949
24894
26763
27458
23447
24357
27231
26064
29863
24664
29576
24511
33593
26045
26990
27722
29065
31488
28421
28459
24042
25263
29597
24396
25044
28056
26918
26251
28016
27595
25518
26796
24576
27492
27455
27531
27711
26383
28787
28979
27120
35381
25233
28735
27080
23593
26805
27224
26684
28215
28753
29929
28893
31117
25176
25882
25505
24894
25213
28136
30588
27487
25438
33471
24686
25742
27121
28972
31693
28543
26517
29453
27097
27390
26362
28714
25253
29938
25501
25898
25270
27517
30253
25176
26532
25301
27139
26251
27989
26932
25364
26224
28140
25303
27000
28384
28467
30062
26461
22458
26412
26522
23658
25547
27593
30187
24921
33650
26047
23196
28160
23310
29680
25756
26186
25626
23077
26579
25887
27262
26704
24635
26826
26475
26133
26978
32629
24843
28016
22253
27304
27148
26742
29344
25349
31666
24518
25276
29348
30207
26424
26667
27746
27244
26809
25733
26028
25841
28853
27846
28571
29507
25253
24246
24850
25492
23208
29270
26090
27547
27008
26766
26900
28209
25669
26339
29956
26884
25983
27289
22650
24946
26494
26931
21464
26255
27449
24493
28813
27255
24687
26652
25313
29327
27907
29700
27712
27531
24429
26488
26931
24764
25058
22605
26352
29666
25605
26677
24795
25397
29642
25970
23820
25848
27457
29364
28342
28667
27201
25532
30813
25920
28680
28273
24551
25108
24131
25639
25104
23780
27817
23962
32102
27665
26171
24790
23446
25919
25006
25999
25417
27557
27684
26423
24047
24245
26875
26321
28344
21662
27873
31394
27821
27149
25055
26490
26654
28927
25243
23451
29907
26702
26589
26439
23877
24933
25516
25127
24312
24702
25028
28716
29205
22758
25621
26584
31212
24733
23166
26952
26674
23286
25156
26964
27365
26219
29066
27282
28531
23344
28827
26270
24621
25180
27745
25723
23660
27230
24933
28151
23445
26761
25242
25193
25451
24509
24522
26170
25568
23212
27214
25056
24700
25062
26125
28715
26640
25279
28541
23325
25635
27050
27500
24990
27828
29889
24335
26579
28095
28326
25968
27279
24464
27369
22651
24796
27987
22407
27510
23846
25822
31614
29791
23710
25250
25044
28653
25476
28589
27629
29153
24988
26260
24226
26298
25866
26689
32672
25316
30300
25065
27056
27232
24310
27939
25152
27559
25331
26599
28282
28986
27534
23077
22751
24189
24540
29022
28423
23264
28779
24022
26308
23361
26251
26355
24309
27614
25823
27281
28250
28644
25876
25702
28038
24927
24432
25163
25957
26321
25991
26614
23623
24837
25905
29618
25634
23993
26729
28768
25055
23694
23219
25011
25823
27387
22793
25414
25362
