64746
61133
70360
64966
54089
69262
58837
56115
56782
67272
57264
60102
56521
55655
66161
71497
60817
58594
67861
59523
68551
70550
65419
65463
68197
57762
65186
62113
64943
60532
58979
60199
61245
57875
60686
54804
60349
60122
70502
68801
58924
61594
60155
60958
63947
64995
65082
63469
70319
65259
63384
67620
68005
74008
57100
67842
58944
64757
63717
61459
61489
67465
61862
57663
61216
61316
59514
70370
65893
61267
56248
63892
58191
68084
58021
62655
59172
62954
71368
53566
64079
59039
59254
60787
66085
63925
62911
61965
63147
63332
66290
63352
61453
68868
65363
60778
62369
67411
63504
65750
64031
65265
61726
66087
65419
56719
64168
58152
58465
52887
64164
65616
66171
57640
67286
63452
51595
62443
59471
60973
54879
63123
71732
67543
62375
60363
61133
63679
69439
59167
57675
62379
58317
61930
58414
57517
62312
57583
58872
55409
68482
59352
64862
62297
62914
60372
67254
62272
59708
58367
56856
59572
61630
66711
64863
61619
63663
68859
63882
74384
61100
59055
59576
64002
53606
57495
60964
64223
53865
56172
67383
57221
60104
76509
67678
58785
60735
58276
61257
67758
67934
58635
55320
58891
68076
60110
59289
65902
59158
61517
63948
59392
55939
66223
70036
61594
55260
59021
60454
57881
58035
63236
59471
65014
63487
59004
59287
62457
68977
65918
62385
60111
60282
56917
58617
59816
70042
59498
69752
53939
58416
65370
63176
57762
61211
66616
64418
61297
66206
64844
68514
62512
63868
59052
67096
66025
67148
64115
63035
70324
56907
64643
63968
58907
58111
66796
66464
63903
63843
62780
57665
62162
63306
64109
64616
64553
53354
71459
63524
63725
58764
68564
62511
62333
56358
57378
58773
65163
68239
67583
60475
68425
64632
71716
69487
57779
53880
61571
53997
64431
59317
69499
68530
59671
56352
55312
67001
58048
63835
61614
65154
62520
63113
66357
56938
63094
65227
61248
59050
61320
60642
70707
64456
56228
64759
66128
61490
57439
58709
62439
58005
67998
62358
62855
62009
66138
59898
61173
60789
66255
66642
62733
56721
59907
62768
59148
65824
67911
58594
58474
55441
63587
70516
57268
63598
56681
58251
63153
56820
59533
77964
59418
65325
58382
65362
55618
55185
65687
61420
61316
58944
62158
63188
56514
55240
55699
63953
62582
62086
67203
67675
64970
56730
59371
68578
56869
62364
53585
58968
63363
60361
64981
61711
56669
67880
65176
72935
74258
65969
71240
64184
70491
63759
69109
61465
62632
62994
58662
65464
63940
67400
60715
63389
59695
59110
69399
65643
60275
51854
63833
55939
68956
61913
72102
56175
61215
55594
51086
62878
59955
64364
59392
61943
66669
66559
65005
65993
56295
62623
56854
54622
58567
60355
59469
60035
58264
71065
58904
60815
66852
61272
64295
58150
61557
58861
60010
63548
54363
57607
69989
61964
68633
68265
63194
57161
68096
62673
60133
57815
60567
52698
66010
64490
60492
63733
54707
54716
56457
68195
57950
59875
61047
67596
65019
53332
58209
61069
58355
74551
54431
59672
63452
63995
60500
61955
64992
62251
55545
59922
62975
57475
66612
60685
68648
63604
66110
66591
62271
59732
58968
66653
63016
56312
62574
67182
68567
58303
55994
62124
73418
59908
60874
59028
64269
70280
64457
70864
55208
63370
59774
65052
62017
63048
62358
72339
71956
58798
63786
61798
61285
58609
69858
62038
73546
66428
72879
72564
80898
68853
67479
69073
74425
62750
69078
60708
66626
57264
59344
69004
61260
57873
64581
70755
63675
59019
58301
57893
74380
60316
67333
62952
75125
66825
71012
67931
54659
60311
67830
54879
65797
61158
60925
62442
58658
57026
65173
53506
61539
63744
63293
63900
60673
62644
59742
66831
59302
66288
62046
60408
62630
59844
52580
60870
60040
62922
65646
63048
62470
67569
61869
67667
63805
58302
62662
62336
66969
58194
54487
65483
60284
63682
61968
58996
68080
67132
57644
50778
63386
61523
58381
62994
60983
64188
66788
65278
64266
64720
61631
67979
63384
66635
60336
64635
62429
60929
64613
62468
63539
65032
64705
67457
69030
55546
59790
61452
64103
65298
60608
57531
66117
64737
55861
60188
58645
59003
62121
59517
58202
67287
64685
64875
64439
54618
59776
70390
60351
66099
63446
67641
70677
66947
63836
69559
74340
62393
56670
63051
74848
60073
59717
57545
63421
50237
61664
58818
69204
54170
58586
59051
58504
70994
57380
63563
58673
64179
62990
53554
59527
56632
60801
55824
57290
56427
56920
57242
60795
57611
59185
62431
61593
63092
63233
64617
64411
67790
59444
61161
55473
52758
57178
60067
60010
58985
55273
60734
61568
64811
67512
59934
61513
57035
59870
60890
59800
54967
63817
64652
63785
56190
62085
62469
51731
66637
65175
50876
57920
64167
61472
65372
60573
65494
60655
64226
63837
64674
57895
59010
54562
58180
63350
53775
60544
56217
55500
59431
63163
59465
65249
64635
62019
61471
66007
68135
64361
61556
69718
55661
67577
58414
57484
57590
64886
71573
56676
61353
59337
62154
67124
60579
61644
60697
50316
62535
58123
63143
58787
69057
60835
64486
65447
65262
61991
74118
68919
66325
67510
63614
68356
60903
64151
57283
57023
67716
61953
60042
53504
60924
61145
57506
65096
60281
58677
67364
60366
55713
57330
56812
63530
60591
58144
60820
55888
60109
58634
54647
60524
58400
58487
59536
64169
68906
50550
62319
66929
56498
57265
64646
58251
54176
63841
56388
58888
65261
66373
64254
62118
54734
58036
55208
61854
52673
59137
57543
54286
54438
65230
52467
57199
61753
60600
59113
61309
58740
55798
56918
61279
58236
56700
58538
55203
61213
70923
68641
58877
59589
73143
65094
71372
68003
56284
58981
70695
60850
57802
61858
67999
61681
64237
62627
62730
63862
65747
58504
61350
56696
62699
54409
62453
56393
59393
55967
57916
54985
52662
62297
56472
68812
55108
52378
51697
58239
56350
64622
60394
64097
55959
61693
54296
72231
58536
67447
67134
57829
58715
57393
63340
69791
66692
54416
63341
54921
61187
55366
54576
57274
62956
60827
58754
60030
68072
65016
69536
66070
60598
68020
67926
58073
65686
67218
70492
63479
68123
77993
66127
62277
59264
56812
62194
62858
60443
71203
61614
55746
68791
64934
58737
69596
62964
60557
62165
56262
64098
59412
58946
64061
57918
64626
73124
59363
61434
58845
69114
68484
64264
61175
61601
62446
60037
62568
53022
60461
59614
62235
56803
59829
59266
56590
59272
60773
67814
62994
58366
54387
57675
56950
64191
60980
56390
55439
62876
63872
62913
59055
67912
60151
58063
58736
63139
67485
63874
58305
66165
55595
77877
69459
57162
57533
67797
57853
56200
59957
59749
51333
67474
56596
61808
53054
61561
58732
64130
52923
50327
53513
60892
62505
62867
60082
59807
67695
58678
60441
62694
65547
67614
66012
56536
56093
59750
53100
57441
62065
59805
62688
66728
57093
65448
61251
50997
61040
59831
53483
50361
59789
67306
65032
59459
62319
60707
66534
57966
60066
64451
60842
52396
58654
69824
62039
55800
69868
63055
57878
68902
59370
55679
61622
58670
59275
60434
64907
59406
58688
65434
59734
56467
56027
65119
54076
64313
57086
53667
51299
64353
57172
62174
55600
59520
57889
59976
62953
54114
57691
61305
56420
57878
59200
58216
56014
57710
55113
54203
64707
54924
50297
65333
68263
63246
57654
65501
57067
60600
62928
60932
57563
61375
68452
62250
65340
70870
68734
69106
64142
64627
68222
65389
68506
60721
64516
63198
65313
64508
62361
59348
61000
55752
56978
63751
61594
65770
64857
53805
59374
60157
55692
60029
54901
61174
55304
67087
62589
60283
61751
55183
67287
61058
63299
56847
60544
58983
65158
57006
55628
52283
58935
65610
54398
68199
59159
58406
55461
59538
63928
58653
54299
57507
60980
56720
62681
59823
60906
63655
60766
60086
58448
59823
64159
56799
61958
56214
55049
62062
60701
55139
56881
60890
51691
63746
58472
53455
52417
65850
58184
61450
55504
59484
58966
57524
58840
63090
59553
61763
65747
52544
54724
54205
67707
56985
63139
56950
61155
55617
64973
63894
54490
62610
61052
55814
58455
62353
66936
55952
58825
61504
57221
68931
54697
60998
56503
57459
58722
54278
68211
57659
56273
65233
60573
60135
58282
58559
55084
62444
56780
53061
58516
62137
59205
56915
59702
58483
59577
61108
56379
53407
55033
56454
60169
60958
59018
55156
55762
56881
58412
58267
57356
62519
56276
52733
60005
67667
62479
63035
64033
57279
57524
60905
52928
56150
60381
60124
59298
58033
54093
54790
54196
62116
61052
57816
58484
56076
62927
55325
60426
49874
54248
63015
57403
67414
66820
55499
51427
59175
50319
57687
65317
61732
53023
55604
54563
52532
56261
51585
54261
61119
66408
52946
61546
55490
59716
54866
63211
66696
53149
57691
57551
63095
65290
67633
55560
57972
56520
56054
62372
61001
55975
49418
61804
56810
61117
55114
59387
55386
53973
62181
53828
66527
62676
54862
58496
52664
57642
49702
58537
65030
62104
54411
55630
58858
58977
54465
59895
62799
59286
66968
64084
58048
60345
59716
54148
60239
57724
55922
58923
64155
60237
55065
61394
65284
61060
62196
64787
59456
55383
55142
58895
57777
53856
70402
60548
63147
58023
50135
54937
62410
56096
62390
57300
71318
59212
58038
60749
57077
60199
67477
56554
55697
53931
63671
55146
64454
64242
61879
59925
53415
52839
60550
54577
66220
62730
56672
57951
52915
61522
55220
58048
56839
57909
61048
56460
59207
62629
62268
60464
69778
50451
57336
52214
53343
56834
48510
68018
60612
53507
50483
55555
53402
56793
53680
54720
58650
60739
60676
65666
56791
61594
53047
65095
56999
64549
53504
58897
58894
54264
56528
57826
55674
58344
58378
59124
60083
67273
60828
61397
52673
80243
67914
58184
65710
57318
60110
53478
52987
58676
64151
52028
50306
57573
60783
53518
56928
55565
54716
51175
61576
58280
62415
58040
60086
59717
54797
55347
58943
59774
53244
58146
57949
57945
57454
54956
58415
59215
57511
58075
64770
54164
63912
59453
56927
53334
55709
55447
65383
54740
56818
57898
62597
58733
62023
58913
53209
64609
57782
56507
52165
52421
54461
59706
59872
54840
63462
60038
67353
65664
54247
56517
56029
55947
55383
58129
58459
54289
54883
58494
56185
66727
54109
55690
62598
59140
58241
66360
59579
60529
61654
56560
63771
56388
60089
57773
55385
58094
59976
58980
60044
53819
59059
58339
64286
72026
80378
70011
71050
64817
62707
67462
59851
63242
53140
51561
57261
54674
59602
52239
54499
64119
63409
59243
69590
55464
53846
57108
52609
56687
60536
53270
61510
59502
53170
57257
59224
52350
60135
66679
61709
55489
56865
50934
59300
54338
62125
59052
59106
61752
54910
56803
61882
59780
58126
59111
51002
58750
59501
54617
58586
50158
55626
54185
59085
59789
54969
55554
58156
58301
63588
55607
58403
55353
64747
61132
60692
57006
61431
58709
58931
58023
51551
62247
56097
65060
51664
61444
57229
61394
61245
51647
62932
56553
56799
64400
64593
56165
61698
58866
63629
54262
55767
60990
68255
58785
64737
66122
52393
59524
62697
65247
60986
58865
55647
66443
55190
54836
56259
54324
58649
55026
49204
58393
60072
57828
65780
61724
57766
62056
53121
61192
61532
57961
56994
57207
63670
52371
50617
53812
65361
61807
57352
50860
53603
55721
65101
54875
66009
56416
60436
69394
60654
63870
58612
61601
66362
60543
56155
58282
54466
57713
62899
61216
58811
58486
56958
50183
57520
60888
65539
63742
67724
60586
68449
58262
57162
53406
55533
57166
53811
52361
64159
57576
64861
60302
46852
60150
59092
54770
57770
52396
58541
58529
52391
64827
62356
53057
61388
55120
57590
58025
52411
51487
46907
52239
61667
57211
59004
53420
64805
57745
48702
63508
54970
53056
58488
58510
61968
68617
65091
59541
64142
52537
57658
62208
57705
54763
60471
54820
55009
59026
53173
56276
55878
60881
51968
54948
50616
61002
55682
54750
57012
57567
57642
59480
57275
56997
53424
60405
59069
65659
54701
56610
57621
61778
56440
53890
62425
55383
58877
58532
54941
59662
56880
54781
62944
51282
62830
55971
59212
57922
62667
61079
55541
52317
53062
53049
63403
58845
60656
57958
54374
57407
56401
53954
56374
63709
54985
54273
56732
52364
57278
57611
59525
64200
63129
61056
49402
53405
60013
55917
61965
58722
62849
52443
56109
55598
57184
61722
53643
59981
56761
61987
53651
57190
62973
52337
51286
60839
62685
62394
55482
54994
56206
59243
64973
50443
46199
56815
56916
59933
54627
67680
60881
64549
59432
61156
61916
70819
60209
52236
68424
56271
55004
64470
62695
55914
63596
57886
54600
61370
52083
59022
54798
60423
64309
59220
59164
56599
73925
63950
64064
63327
63354
69994
67087
70848
64757
58429
60971
62356
72266
64517
64301
59305
61161
59751
61625
55700
67820
52751
66023
55998
54009
59881
64956
51859
56909
60909
61794
58486
57122
54935
61284
62108
56901
54020
56554
60181
50863
55860
50188
53161
57460
62194
66697
60660
64472
64799
64628
66787
70835
77338
62624
65475
80846
62100
65879
66746
65157
54834
59948
67343
55562
52183
57784
63078
58022
60669
53261
54074
61298
49878
51964
51094
55610
56699
57089
57422
57226
57913
57410
54264
63819
61542
66708
59973
61826
59386
55162
54677
51099
62030
65903
65772
62963
63835
60573
58609
58454
58474
56225
54882
62932
57499
58343
62330
52038
66593
58091
52820
53999
61265
61283
58684
60380
59784
56852
60192
53893
51635
69701
63991
53735
55546
61864
58493
61412
57686
60807
59277
50467
57386
54351
53226
60359
64729
63539
57733
59681
60243
56692
55078
61122
66716
66491
68521
71025
67277
64623
60049
69426
64126
65695
68609
67510
62529
68020
60592
57708
61185
58197
53646
49317
56313
61964
60704
64003
56161
52198
56326
58899
55027
58660
53353
58767
50440
58021
54750
55665
55545
49312
49164
62495
49954
53359
57064
58620
50461
60016
52969
50053
68758
57752
59623
60223
61199
56112
56446
57858
60623
63073
69194
63304
64581
57398
71248
63165
67443
63447
62138
64582
60133
64485
59366
56486
57752
49521
58548
49458
51528
52602
63088
66224
55835
55470
56906
67533
68457
63492
60792
59776
73519
70702
60193
70801
68595
72441
64742
60834
62346
65111
63677
65936
58613
61909
54591
59034
56781
66910
54942
62906
61210
57917
58652
57927
58085
62449
60215
64077
51988
54979
59799
50819
58044
55187
51650
64025
59817
56726
63446
52506
56904
53642
57327
56246
55956
55256
59836
56407
56347
59417
61406
57892
60568
55493
55704
50767
51499
60962
59205
57395
59496
57373
53127
51183
52681
57094
61215
64590
69605
59225
69070
56426
57205
57247
54847
57703
53444
58242
57267
54698
51994
48286
59020
54716
57186
56182
55843
58773
54838
53910
55668
60921
48996
57880
54236
53213
62907
60490
54970
57132
59836
48975
57399
55694
56218
55910
55824
60691
70281
49981
59306
58650
54298
56582
58055
60575
59072
54562
57484
57932
60982
56597
54182
60391
57456
55361
58941
48904
50442
55915
52250
52944
53860
64705
57357
58526
53715
53458
50375
57520
54695
50790
53245
55329
58065
66030
60019
64624
61329
56816
52758
58299
55159
60250
62859
64968
60678
66873
54542
56951
64190
65326
55046
60379
53026
56937
60953
56776
63607
51762
58122
64345
58668
60481
63510
61436
62264
61179
62519
62438
60559
61579
61547
68575
67168
64267
64992
73126
64318
73039
77700
72654
64694
67240
71479
61244
61859
68952
67962
66673
71357
68751
61251
59107
52061
56861
60490
53068
59205
46573
52413
54442
53835
55681
54490
56689
59822
54766
63939
54837
63476
56869
65907
55045
60182
64544
65487
62388
62776
58125
65588
59853
63892
57901
59350
56657
64855
65030
59824
66517
63632
70093
73336
70436
63348
63170
64529
71480
63948
66293
60469
66892
63609
60524
71261
72896
66163
58934
61091
72980
68868
70603
67443
66775
64994
74779
64868
65743
66289
64333
59494
60269
58668
56862
55881
60806
54225
49530
58332
62234
58685
58473
51564
50334
65079
49214
55813
54775
60523
57166
46323
56599
53101
52773
62251
55814
51040
54261
56731
57838
55503
54468
52568
52477
53949
59481
59420
57297
59957
62375
59718
64303
63117
63363
67813
61553
63031
56699
63884
61674
65826
67348
57811
55407
58088
55417
52361
52872
57358
53619
57612
64653
62118
60758
58287
58878
53522
50797
57237
55649
56610
55679
60671
53444
56293
53379
51619
58640
53180
59570
55547
53359
56305
57880
62098
54191
56194
53301
61688
47738
55085
50495
56258
48480
56276
54105
51585
56587
53624
51743
52394
56491
49457
53593
52528
60223
56635
57716
53413
55022
53475
55260
54063
51531
61084
61733
55305
57024
62023
54376
51326
47651
51514
54670
57656
59661
56952
51120
56559
58278
54342
45757
61347
62085
66221
63765
66088
64351
57431
61290
56222
59613
62020
61611
66882
57241
54177
65270
52329
64680
57383
63230
58909
58476
51364
54881
60303
49664
57839
54299
57304
51272
55578
65731
61678
60119
53674
58381
60996
51821
53362
57127
56404
52679
62300
58195
61216
52446
58238
59477
54345
56473
49397
56210
62621
56208
57700
60686
50434
61391
62128
53812
57541
63415
52932
66494
58948
62851
54236
57610
58029
57668
68319
60671
64325
66129
68509
54219
61010
51140
58940
55181
62237
56567
59145
60884
66648
57084
58168
57670
56430
53321
57396
52258
58279
57454
61942
51615
60720
59418
50162
58021
57613
55530
57586
61771
55028
51194
49880
57795
56190
62121
61565
57587
56202
49174
47690
52384
47556
57687
62703
54017
53477
47925
63427
56166
60122
54303
56267
57883
49864
54215
56920
48092
52778
53745
59713
62257
55095
58585
48789
56700
54616
50010
57421
53174
53076
54122
58252
48675
53426
50928
54539
49043
52856
55007
53683
54179
52659
62745
57893
55702
56864
52296
52729
55717
55453
54167
52376
55468
55675
54578
52903
52212
53338
63361
53586
63461
56819
60685
65538
60995
54420
59438
60605
51989
58953
51156
60166
58201
60732
62701
53952
57249
54344
54835
56239
56660
61664
46129
56990
49269
50921
51293
50337
53830
53733
54186
57763
50886
50043
56643
57430
64904
57051
53795
52973
68859
54785
57882
45772
56638
50929
56287
62029
44092
56976
51617
55328
55073
53933
69811
55688
49629
52328
50776
51789
51929
55635
56857
50617
57589
51613
62173
56989
55000
53156
65433
61406
61802
59040
60529
57359
51458
50964
51331
58933
56989
51606
54115
57730
60542
58058
46714
56888
53808
55373
57681
44524
58624
62719
65078
63826
68690
71098
64375
62091
65408
70406
61965
67250
57177
56376
54701
64059
55733
54674
64240
66883
68150
62642
63276
69918
72175
63378
54180
49151
61915
57196
66524
61869
65139
59772
52852
61334
61482
77686
58680
70193
60540
63466
66342
60606
62852
58457
53436
59738
60270
61472
63194
53363
53022
53128
48835
51686
53689
53897
57091
55542
55222
54850
55716
56649
57962
60060
51549
54159
58995
52733
59478
47646
59032
56205
54206
58019
50715
62405
55364
53665
58188
59366
56711
56557
56356
48978
56078
66214
59991
56007
64062
63978
52950
55577
65408
50978
55828
56964
49201
54862
58736
50770
61229
65686
54329
59651
64604
59854
60332
54570
55427
57624
52931
59034
64230
63356
61727
48022
52871
57030
60017
55080
59731
54368
53047
63106
59190
61898
55276
53452
52623
48377
54518
51539
64459
55605
59881
50798
52832
55359
52358
56616
51972
61407
55600
52550
59006
58471
50782
47422
54842
55009
63339
57398
57835
57795
52282
52777
64467
61966
54939
54388
54016
52602
55025
59306
57229
58999
55546
57655
48129
58840
51511
56297
47565
54984
57406
51950
61556
53609
58963
60900
48120
49553
52919
50496
56082
56398
52677
47676
52542
52390
55383
48733
51660
54402
50566
52914
57914
57652
54599
54313
51790
45243
51199
55374
53684
55884
52992
46250
57314
55498
66890
62671
64109
71610
69372
72994
73071
66912
66535
71322
59811
54683
55779
59411
52120
55560
58515
50891
54572
47619
58140
49193
51893
56509
52729
58283
53958
54909
55267
52918
56595
46897
52686
57278
51386
54957
58970
56612
54874
58076
58378
45272
57657
55258
65148
48903
63038
58931
53359
53603
54554
52063
54359
48551
53229
58579
51220
58793
56615
61559
61104
62924
61646
62517
64757
56149
51096
65103
65295
58849
60488
58503
58755
56545
67080
66405
62942
52670
53088
63242
71621
65512
64390
59571
51716
63219
54612
57680
55752
49583
55738
57184
52010
52388
56059
51014
49086
50928
53749
57908
56053
57525
54110
56461
51849
61594
51975
55349
51342
53628
60567
60780
52744
47151
54202
59012
47639
50613
58086
54176
52871
57797
52355
60371
57014
55776
52193
57012
51547
76814
71486
60935
57750
53092
55422
62413
56972
61611
59101
61007
68858
58299
73967
67992
63634
65445
70061
66683
64109
73394
62953
54902
55517
54201
49264
51929
62834
72744
67596
64468
72187
75446
66307
67569
69344
65660
68100
66033
62261
64556
49073
53141
55646
56605
53728
53848
51840
51410
50304
57134
53850
48954
63594
54541
63507
54453
49232
50675
56492
53363
54228
55151
52113
56412
52435
50917
51077
50034
54037
66170
55541
52478
60963
54393
49346
52547
57317
52911
53295
54927
53981
57408
54198
48337
51115
56707
62731
52782
57512
50796
54947
58728
52901
65349
52047
55048
54846
56592
62614
49698
58139
54696
49227
56749
53558
49870
54876
58582
61834
78175
62043
72653
66844
62457
62912
66768
65714
69414
61560
53697
58119
62438
61501
69331
61113
63880
65958
67518
68784
56979
71140
58737
59898
72092
64129
66993
73109
70392
63222
61080
68593
66982
66886
62769
62862
58087
61108
55249
53735
51612
52715
48167
53106
56010
59529
56440
60306
57903
52874
59851
58493
71953
59313
68351
63162
72887
70715
69760
59057
54784
57017
52773
50498
53440
47076
56744
49288
55751
52421
56342
52130
55627
57352
50299
55571
54384
59356
55611
47553
55037
53091
57478
62819
58326
54298
54341
59744
58108
66241
63955
65137
60379
65103
62166
58622
61774
51314
67929
60203
62059
69975
72408
69739
64306
58932
64049
68839
58983
57953
63270
51330
56677
59016
56332
61344
58402
53923
59604
65536
69846
61883
67135
67096
67349
68149
70035
70330
65037
56406
59329
61517
61534
58315
54627
56450
49916
56997
50643
58515
59618
58172
60809
55124
50777
63110
61634
72161
66423
73693
67945
65360
69238
73626
69080
68554
58841
60890
63822
62531
63921
69354
73929
68915
78284
63722
67598
71609
65730
50120
56569
49727
52989
56597
60897
58283
49550
58412
46172
52413
51264
59177
66010
64438
65691
58550
54766
59151
67850
59583
68406
64550
63416
66385
60109
67417
65975
66707
63015
59617
66183
61997
72340
65895
63124
61082
64478
50542
55522
59280
56660
55204
60698
55438
59676
57565
56125
53183
54020
66020
64480
73190
70185
62352
64280
63028
60596
63530
63729
52026
53120
59165
59956
54790
61595
52031
59052
61394
55603
57498
64459
54794
56189
63051
58767
52383
55399
50666
48864
51681
55003
57901
66554
66153
68159
61032
68389
62994
70397
62647
67518
68991
60448
53207
53307
52196
59749
62282
61244
61139
61149
60459
60378
64611
70913
67847
62487
61426
59307
51936
53064
57469
50876
57409
68530
60284
56532
54434
53987
57599
60580
52231
57636
61600
59952
63797
58848
65905
64179
62067
70175
62178
67614
70402
75619
70057
66056
62713
62030
54712
54974
52478
55721
58461
70122
64897
58048
62878
60814
58292
56692
53371
48517
55206
57258
50313
56739
51729
51863
62217
66727
65964
61722
63522
62060
55188
64769
65264
71395
61890
62277
51108
54536
49916
47835
51718
51355
50339
55019
48361
51056
53638
52596
51886
53437
50309
50544
56824
53286
55793
58661
56046
59587
52774
54973
60402
63521
55165
70302
66200
67486
66140
62107
68296
68033
61726
60130
71394
63459
68815
68634
64466
68205
63383
68394
68895
80608
71717
67177
74541
67307
68871
80079
68736
73396
76642
74529
74360
80108
81049
67930
61400
62150
54595
61594
64770
59136
67106
66391
62858
68827
66819
63489
64457
63293
59611
51099
59836
57690
52258
53413
50197
58801
59086
53719
51030
56221
48623
48181
60703
60164
53651
51107
46167
55440
51409
54769
57209
49706
54138
57946
52996
52432
56900
54062
55257
58880
57930
62753
56737
54076
66224
59960
53941
55801
54477
65391
62360
65944
66629
70785
65808
67952
65712
68091
67026
64030
66128
66987
64550
63915
52814
52133
56387
54886
54076
53599
47457
50421
54732
57320
56969
62536
65476
67155
70800
74132
64905
70821
65118
62544
68109
66116
68603
71189
64309
72454
66576
73682
75834
67822
66241
67043
75061
69893
62115
68453
61113
70048
73455
75608
58151
60980
67702
68736
58614
66640
56014
58982
56785
53520
52587
46969
60633
52552
47433
49151
48282
51934
57470
55543
48252
54093
46108
51645
47299
53526
59630
54620
44479
62025
62825
63007
70122
74308
65459
62189
64990
64361
68734
64207
63765
71635
65731
65501
62306
64031
68161
70783
65994
67262
68825
72824
66718
58953
63671
64944
67331
63106
60969
62235
63435
62806
54872
52785
62254
64426
59448
61006
66416
67765
67230
72854
73287
69634
70771
72549
67575
69321
78722
66864
70244
70542
69074
66471
61365
61048
52852
60298
56569
57445
57782
57608
55791
53377
58091
53115
53671
59084
57616
59198
61238
63238
55922
59310
49872
55598
51357
55423
55701
53882
52724
58988
57251
61918
65572
67376
63647
69071
69424
60619
63582
64606
53353
54946
62148
63387
60227
68762
67684
73807
72892
73222
70620
58043
69750
63394
68844
72538
63869
71902
69972
61841
64947
65670
79630
63064
59668
64463
64063
69142
63467
55575
57681
55128
57076
55843
60717
50785
53026
51223
56226
52055
50773
58872
56772
47107
50076
57438
48781
55317
61630
58851
58408
57926
66015
71113
61428
60687
66650
58664
61534
57420
61368
60503
58798
61835
63594
64953
54119
60778
54473
52394
50491
63428
64437
65539
63129
61914
56115
61863
62821
61428
68321
66450
63982
65260
66678
65555
57348
53977
52067
55320
49122
57778
58125
52778
59770
51627
61177
54192
57649
49757
57068
52402
49510
53292
48413
52867
53165
51297
52862
55666
50741
54719
47820
50580
45160
52569
49742
47943
46638
61816
57658
67972
60457
64844
62173
58537
58768
64868
65378
70211
64104
78293
65710
60373
62144
73743
68132
71085
73222
71144
72512
70237
71614
72475
81691
70121
63327
68646
76703
67297
66868
59442
64550
64954
68876
65077
63321
65433
59484
64260
61968
60160
65304
65038
70881
65064
59186
59954
67571
63836
68247
70604
62689
64819
68185
62291
67571
63405
64502
53752
59619
59244
62309
60665
61951
64859
65812
64425
61388
53883
57518
56111
52757
49047
52002
52184
49542
53698
48350
51698
59475
57943
57439
49188
55166
50469
54747
51879
50169
57364
63370
61598
64197
62277
72591
73624
66704
58256
67682
60290
52024
60033
49872
51168
53131
54205
55283
53001
48225
49728
48142
49764
52503
46517
55405
53665
54606
48759
60439
54800
48319
52745
49529
43902
53778
55010
53015
48795
48499
57329
61218
64134
65287
61274
56356
60983
64473
65282
60565
52300
60121
52643
50434
53192
57513
50186
57634
46831
59566
48571
65000
62878
67423
63829
67896
60315
63511
63692
59721
60804
65465
70773
67476
65650
64912
68758
65494
62373
61754
60505
56020
52405
58208
59132
59665
56889
61661
56272
53375
50950
57546
53480
61466
57503
58676
57065
57199
62782
63938
65046
60237
61006
62821
57462
63180
63175
65444
57297
60945
62997
61248
67336
60648
66479
59995
64989
68673
69583
61617
70721
63750
68249
63942
64745
66921
48878
56363
55040
54893
47364
51504
53651
51051
54945
55936
49117
52809
49752
50035
53777
53827
57590
52491
55190
62810
63247
60356
62098
62484
63805
71610
69228
65772
63645
71971
66387
65276
57932
49570
67904
69490
69779
67669
65505
64882
65254
63004
68248
71126
71684
68514
68938
66871
65163
76165
66590
64393
63174
58917
61564
50840
48113
48466
51412
55528
50088
48783
46755
54134
53335
46902
52624
52829
53575
48359
55783
50092
47620
46652
53523
48180
53498
49565
50721
48660
48113
56213
55458
53567
51768
54807
52597
48659
49355
51548
51268
51483
48554
57682
51042
62280
57824
54232
56127
52947
57011
51245
50676
57778
53910
58259
58141
56699
52678
55717
53386
54409
55653
52485
50125
46695
50983
49608
47303
56315
50733
55521
50902
57203
49863
53315
54787
44883
53023
53443
51670
48291
56085
60931
57716
63761
58265
59635
60174
65626
69829
64915
67021
61109
65678
59401
59049
56631
50796
51570
45851
57724
53281
64439
64450
64939
62419
62290
63018
57726
67464
62478
60922
64520
69469
55963
62904
61308
64260
59864
52141
49651
56465
59682
63614
57028
64467
54481
50249
57123
62059
57396
48030
66482
56011
65776
60689
72269
66020
69078
66043
60421
61792
67197
59552
63387
71084
60670
67729
58402
51506
59246
52023
47151
51971
52574
50604
53545
48097
49936
55192
50570
57001
51637
54341
51922
56663
49129
47416
46219
52339
54646
49801
52612
52324
53885
54310
57269
53985
70610
68730
63160
63892
64604
59880
57377
64394
60977
58352
61377
56892
55898
56202
58797
65010
65700
66850
62095
53649
58410
51700
62391
61928
56999
60613
67238
62147
58470
60372
60404
71115
63871
59291
49103
56275
49673
48727
58245
60672
59792
57860
58666
66101
62478
58916
58841
58590
65047
63767
70731
63823
63527
60130
67201
64433
61744
56426
53464
47822
47402
44443
52109
53609
58788
55268
53124
51859
52057
54027
60409
57907
62293
45903
54136
50988
54948
52541
52451
62029
56752
48284
51971
58731
58806
62356
63649
59229
49736
65607
62660
64008
59627
67271
51948
50438
51453
57561
55076
56921
53405
49075
46509
47341
49007
48096
47122
55773
48682
50591
47942
52532
50290
52093
51410
53987
44817
48960
50223
49770
46437
51770
53685
49815
47373
54544
48149
49152
55225
47794
47347
54410
52977
55136
56274
55215
46693
49739
48158
52373
44259
50231
48934
52572
56429
46313
51177
47513
51924
48592
45616
55528
47736
46675
48603
49226
59629
63681
66933
64122
65703
68997
63418
53191
51774
52448
48963
50106
59078
57938
57231
53599
58614
61808
64576
62646
58158
67175
63871
58921
62532
65728
64967
65263
62612
64932
60641
63268
57686
50015
48677
57700
55594
43932
54025
51314
50036
48795
54569
58818
52008
46860
51888
53259
55879
55678
50887
56291
53110
49157
48623
54558
49145
51230
51860
53569
60501
63202
63124
62163
56480
61572
58933
65180
62943
65567
45898
46777
46448
45440
51977
54329
57380
47211
51492
53604
52022
50004
50685
56428
55710
57451
55792
50949
51973
48526
55032
55679
47616
57867
65310
62638
65537
59532
60729
68293
62599
55389
65711
65121
63696
63636
64657
63175
64168
69967
58728
59799
62371
66309
70808
62455
66779
65350
65493
61347
65868
64385
70222
63033
64334
63596
60247
60407
56968
47199
48555
50323
58168
53246
51368
52926
51834
52579
54129
52368
50191
60560
51602
52495
50955
52684
52840
51305
56486
55997
48785
56806
53767
53830
57898
61008
63261
65709
66580
70925
60132
59686
53580
55552
53435
55673
52413
51699
54937
50026
51997
52504
56252
47846
48424
50202
50374
47475
55612
60213
49122
48360
47663
53962
48743
58310
52888
47397
52260
53673
50307
47832
51295
54149
53623
49362
53330
52867
54699
51936
62450
45953
50363
52501
53475
61697
59653
64690
61265
59099
61730
63642
59153
61918
56724
65397
60908
54504
47507
52136
45275
51498
52718
60781
56380
57258
57513
51823
61491
61865
62921
47692
46212
54162
48987
49829
62791
66117
61586
53521
55752
58444
66030
65418
59019
64162
64163
68133
59580
65281
64674
59712
59861
61276
67754
67568
68504
65266
65442
60598
60292
70707
66101
66736
63725
67996
63146
63391
59871
58892
60966
61608
51720
45608
55549
52930
54355
49869
49140
47469
52805
56879
50317
62508
51728
55619
51764
55759
52304
52302
50907
52687
55345
50225
43754
53763
50895
49356
62173
61829
67380
60955
61878
61664
58765
58626
49427
62521
56973
51935
57299
52816
52874
54316
53577
50467
63121
64234
67940
65636
67974
64298
62129
58649
49871
62090
57083
62490
44881
55561
56845
62372
61918
61527
63316
61830
60886
59279
53453
49806
46468
52328
46182
45743
52114
49194
49047
48442
49287
49172
49312
47116
49124
44468
53930
46688
47353
52433
57945
52523
52679
52068
50435
54426
49759
51045
52984
48001
47489
52135
54945
49709
56377
60310
62709
60077
58511
61498
66094
57924
65794
46121
52902
53918
59135
49946
56267
61793
49416
47949
46365
52644
51310
50834
46873
52316
50166
50711
46304
45296
45983
52322
52651
48252
48805
58292
52830
48057
54250
49785
47756
56100
48529
53824
46743
47186
44850
49077
51774
45468
47418
47046
57402
64837
60010
66563
64822
62526
59963
61042
64846
58147
67134
64030
65894
61469
65288
48095
49072
48711
46215
51643
53238
51763
46410
48804
49608
51584
47824
47098
50552
58209
62537
56948
63428
56617
60067
66530
63915
63715
63392
47416
48011
50139
49094
49488
52843
47522
52047
48572
58176
51760
51506
53299
52208
48060
60656
67817
59889
58194
63943
58432
56475
66387
63253
63758
65337
60618
70187
64366
59684
63454
55374
54098
52027
50947
51810
52034
52634
54261
45482
52517
50615
49975
46357
47727
49008
52006
46068
51092
49661
50169
50505
45712
49776
49003
50712
49995
48240
46724
52293
46705
47968
49576
44908
53077
49978
49242
50088
49764
56346
49351
49414
53207
49808
53249
47245
48994
43180
53645
54037
44598
45740
46017
45369
55532
47219
48149
49643
46680
47684
50966
48028
49127
47594
57634
49806
52183
51026
48938
52267
54378
49621
49430
53148
47805
51987
45624
52126
54016
48260
57241
51866
53283
59250
52136
51998
53143
55802
53082
50281
46194
49523
50224
49100
52704
53534
54947
56236
57309
53559
55400
53320
45448
49653
47033
42912
53684
48739
48514
55594
46489
49513
51217
52198
53164
48271
49648
44793
66132
62872
60546
59002
52624
58307
56680
64646
59609
61276
58232
63268
72181
66281
57470
57989
61549
62748
57932
60010
50384
50623
49874
54317
55313
54341
55621
50692
58459
58217
63287
55531
51130
55266
55928
53800
54934
44806
48030
49851
46419
51712
53836
54741
49390
51905
49749
51703
49210
44692
47611
57445
48435
50808
51845
54219
49485
52874
50952
52757
53013
48696
50569
52683
52644
54350
52089
52540
50438
56366
51884
51037
50263
51827
45831
60041
56002
47852
52655
53389
50679
56176
61622
54078
57707
59523
55902
56837
55167
54115
60403
50685
50584
48432
60316
70292
62201
58586
59635
63955
68679
60195
67274
66597
64574
61615
63060
59238
64053
55172
51451
49857
49201
50524
47891
50340
52572
47466
46536
48007
49044
53462
52357
46177
48852
56247
58365
63657
60811
61537
65567
64448
62662
56979
58540
60690
67949
59051
60059
66339
61251
70767
62468
62814
61632
59159
62914
63110
63158
49071
53470
53487
53332
52152
50720
48737
46291
59922
61093
54175
59970
60768
59643
56254
61042
58872
63667
48229
59476
49699
46422
49885
47033
53139
60299
46294
60446
58160
49369
56569
51924
48135
54624
51380
47723
62715
60592
60706
60458
64304
63322
55843
59716
63222
68498
68417
64140
59400
62720
65435
62153
65265
67263
65836
72102
58722
61678
60726
60868
62777
60079
61005
62121
63138
56254
64313
58689
58750
60144
63598
58574
65463
53602
51186
52385
48263
50854
51248
47970
45580
49489
49834
49292
49182
49558
52537
49123
52115
52253
50537
51599
47246
48449
49821
49385
51022
51253
54224
51651
50106
48055
65415
66037
61660
59800
69179
62213
65369
62537
64446
58566
62114
65293
65138
60290
57909
63502
62646
57950
57679
51293
52851
60329
54553
54770
50827
52170
45230
57215
58812
51690
49202
52592
50377
50820
51107
49790
50900
51997
51203
49293
49848
51960
54291
52037
53291
54847
55270
55424
47891
55316
50112
54728
50345
56396
53204
48478
48583
49595
54289
59466
60414
61478
58073
72340
65643
56446
57775
63819
60686
62181
61201
63760
60998
60970
62488
60031
65619
55136
61108
57502
60509
57851
58688
62641
60889
60716
61113
61275
61093
65185
65016
59917
67411
71265
58665
58593
61325
63504
62329
60578
60438
64661
55745
63890
63246
62333
69067
59162
61105
67010
63793
60186
66239
58165
70107
62768
58734
63714
58352
66249
62530
61811
62237
58960
57722
62143
66045
68108
69010
64826
60874
57241
60637
66949
62533
67175
65410
60331
64732
64650
64748
62810
71046
61544
73985
66559
59789
61042
59126
64521
51242
49196
55670
55102
55905
51946
52780
71826
61094
61896
62641
65946
63356
64624
52109
43608
54964
54882
58097
52461
48405
46021
46372
50238
53338
47111
47957
51427
48070
53175
50844
59199
58954
59917
57826
61394
63240
58276
59532
55608
52757
52755
49113
52132
51743
49918
47838
49940
67500
66179
63518
62510
67352
62615
58826
57948
58349
63158
56805
63683
63426
66138
71416
59400
52439
52131
47743
52424
56163
54032
52799
54098
53302
49153
51780
50716
54892
49451
52182
51230
48313
54352
50697
53298
50773
53260
55294
51483
54319
52489
51607
49264
52342
51168
48477
50583
49536
49026
47959
50818
48942
50522
55466
52457
56408
50282
48763
49835
55721
54405
50824
51125
54099
47541
52744
62711
58060
60065
51943
56109
56133
61423
65605
61667
64390
62936
62650
62868
66270
60485
59724
65861
60794
65250
66904
60787
68208
60820
64741
64261
65965
64103
57298
64005
69940
62847
64372
61165
61428
61812
61357
49617
58286
64575
64426
60850
61126
65934
59387
62222
66402
60065
59433
65597
59526
61529
57865
62719
62366
67364
66415
67015
67140
64563
66637
60410
65588
64056
64056
60117
69180
62535
64306
70946
66372
59945
69122
67886
63930
63530
60716
65830
62236
68912
63718
59924
59295
61799
49878
46430
52836
45298
51227
52844
48605
51239
48828
51187
47313
46807
51534
48862
49886
47673
49169
47686
52292
52364
50407
52977
49167
52505
53044
48871
55341
51574
52689
48795
52552
48558
50073
60023
55459
56079
51768
53664
44462
49647
55136
48852
47067
49999
50624
52980
49733
49771
51911
46739
52107
52561
48634
52826
51899
46063
54480
60793
63403
66871
63886
66351
64384
61631
61012
65299
64421
64145
57940
59660
64739
62973
62286
65714
61521
64779
66673
69425
64475
61275
58761
62911
59007
71402
75181
62890
64009
67161
61303
62392
55245
55304
48394
51807
47822
50397
46992
50928
51776
52324
50561
48248
50222
50078
50243
51625
51077
53630
52750
51552
48493
51769
50806
52079
59789
49581
48731
52979
52329
61558
55122
58236
58814
67204
60514
59524
60780
61406
58776
68950
56312
72788
64770
58158
66471
64238
66070
63392
65994
61662
65109
64750
65912
67517
63126
63765
60322
65603
61197
59711
64355
48588
48533
49846
49556
51831
54152
49809
50100
49344
48852
52049
46639
45863
47649
47097
53290
47227
54111
55658
46605
51073
49142
47117
46338
50307
45352
50610
50197
48902
49154
51052
48333
49727
51264
50573
55824
51451
47705
47936
46092
49291
50495
50846
45333
48595
50490
57073
48558
46823
50081
61836
62945
64172
61361
62992
56637
62749
63359
64514
65636
54972
59060
65248
70193
65180
63900
65861
64725
64603
68553
69165
64392
61867
62337
58880
61503
62606
65912
58854
56104
50299
51157
59054
61696
69974
58854
66158
67176
51323
49921
45073
50531
50114
47394
49595
53075
52548
46657
46790
48315
47814
49631
51490
53671
48576
48765
48523
44721
48485
44738
50993
49723
47489
48972
48185
48404
54934
49737
47687
50299
52951
45397
46909
49846
47909
47315
44852
45444
51266
50471
57970
58733
58339
54825
48460
46205
61451
52166
45871
49467
51024
52485
46832
50590
48837
54231
49765
49412
54004
48894
48262
51741
49319
47931
54009
46251
52184
53910
50983
54842
50371
46227
49139
54295
49621
53243
50483
51342
49312
51737
48544
49338
46766
51703
48266
51680
47541
45785
57995
53765
48489
49247
50577
45363
53605
56296
49908
52623
52759
55343
49411
46126
48518
48103
47830
52210
48527
46197
56553
51136
62111
48514
58564
56394
53261
59170
55915
59512
64177
60197
64646
62200
57871
61237
64731
61089
62305
60132
66482
59900
64555
69188
67451
63950
60609
60859
62784
61441
65894
66333
63882
63642
66675
61702
62835
60274
62927
62888
63075
69499
60003
59047
57747
59951
60028
58073
60751
59220
62067
58553
56725
66113
65000
64324
61232
57089
62202
61315
65031
56621
62161
61875
60519
61030
58812
62458
70101
67276
64246
58281
64224
58077
51942
62011
60215
57395
49880
54367
64005
51023
58430
59388
57693
60397
55518
60257
57203
62004
57213
60401
59668
61332
63200
61918
59997
65412
58888
60277
61497
61852
57958
64269
62833
64320
62705
55616
49439
52610
56669
47094
49607
54364
52595
47599
48454
55967
52505
52640
49378
50551
50582
49183
47026
53038
51198
46462
48163
50478
50289
48089
54256
52496
50700
60252
59454
60785
62610
58284
60708
63981
67045
59191
61334
63375
62374
67345
61512
69284
62267
62296
60749
65712
61535
66185
56981
60024
58907
68158
70370
64422
66762
54904
64874
71535
59149
52599
52499
53648
52089
49078
48315
48445
51197
52796
51137
63080
70861
60011
66355
61192
59225
61973
66849
66005
60131
64153
50661
61091
51171
52681
52163
58002
61280
64834
64184
60110
59735
62518
68538
62916
68811
64461
61207
66556
64542
63251
65539
64578
68186
62229
64283
66245
61387
65080
62096
65070
70375
63544
65052
59021
63650
60033
64290
61173
67662
65115
68284
49995
55009
57445
51309
47975
56419
53254
51651
47938
58831
50369
50609
52400
53622
51279
45906
51503
50620
47167
47588
48280
53007
52895
44051
50791
50834
49264
46659
54521
47054
48461
43954
50417
47895
51637
53303
54480
48235
48760
44858
47656
49820
47835
49096
47778
44251
45384
44742
45859
45395
47637
50793
49927
48132
45481
48087
45636
51156
45462
47306
55610
51265
50299
50140
52063
46627
48492
49322
47707
52005
53861
49268
50659
47745
50505
51584
47977
48535
48988
54822
46915
59223
54351
48673
57594
52623
52688
56613
52026
51154
53571
48959
52375
50341
48859
58902
64080
60693
47648
57658
49700
55728
49506
58351
56983
57836
64261
64294
63841
66060
64436
54663
48695
58169
57011
51408
62498
58974
61151
58106
57173
57958
58666
64542
57531
64279
56188
62180
60278
59969
58580
58249
61967
55250
63833
61080
57194
62097
63679
64169
58121
58839
58761
56302
57759
58876
58612
59592
58670
58174
60085
58887
61018
67604
62062
61043
58606
60148
60195
60790
62251
61400
57715
55551
58098
64776
60098
59649
56320
58584
61750
56372
66305
62311
60567
61965
61199
65408
65901
63884
61398
62295
59574
60637
63364
65532
59991
64343
57982
62316
64629
65054
62539
58538
63875
62400
63587
60369
64939
62255
61503
68700
59861
62272
63613
63213
61009
63494
62271
67292
62707
60702
67378
67834
68003
60783
63939
61130
69677
63237
60080
61601
67392
69879
60175
62334
60814
64706
62529
65432
61563
64727
62433
65834
59419
66522
62363
63968
57643
65759
61614
63907
60476
63333
65913
63920
70112
67827
60859
60782
65513
66463
63842
70587
57887
57603
64593
64936
65761
62963
66771
62197
66705
64956
63531
64846
62219
60813
60962
58957
58678
62943
64083
63605
59730
60374
58855
51324
56063
58776
45718
48534
48453
48004
64391
55521
65194
59887
48439
54860
53098
47117
49467
51833
62003
62176
68106
60832
61962
59385
66545
59259
61713
66984
62369
64848
61473
61720
60286
60351
61603
64123
63189
57697
57332
62132
61171
60615
56831
63049
60676
61674
61865
64366
58868
61226
63260
63377
65891
60175
64887
63226
57403
65953
62219
61792
64588
68474
59212
61969
60961
59016
59564
65499
58389
64864
68741
69959
63988
67775
62275
61629
60582
66237
68194
66806
65309
59397
61155
65329
60845
59790
65586
60227
59841
66158
63367
67758
70287
70772
67641
59764
61734
62499
62005
64582
61635
63117
57820
56159
65178
60158
62956
63801
59840
59531
58915
60474
63326
60739
60411
58935
59227
55551
56382
57364
61682
57474
62346
67937
60119
58947
59476
55795
65692
58798
63531
61333
57016
67541
65547
62429
61698
61810
64831
67299
63304
61635
66823
58942
61245
64233
62638
59695
66674
66070
64415
67020
62572
60345
65714
70612
66713
62670
65564
65441
65030
70332
61788
60787
67999
62192
58290
60213
62153
60867
63224
58454
59414
68821
62927
63581
64774
68077
61544
59918
63175
61244
65643
69481
63954
65582
61162
66854
65840
66379
56382
66192
64590
66870
60721
63714
54017
51659
52843
49559
48297
50353
48499
50851
49327
48913
50935
52964
50479
58168
49254
52354
49442
52031
51503
53344
47425
51005
48581
46222
53941
48981
50485
49775
50352
51694
49267
46456
54273
50672
47062
50186
48795
49382
49985
46176
47422
52098
57527
51984
52606
50978
50980
50513
50161
50634
54922
54855
48361
53054
49444
46948
49902
51855
51687
50296
51013
48386
55445
56866
61265
53311
51677
51917
49272
46496
45337
49960
50364
48945
51188
57641
46351
48326
47411
50438
46128
56354
48777
49684
53749
54847
52904
46070
52017
57601
61635
61258
63231
64610
59568
64189
59576
59487
65768
63202
61652
65247
63440
63690
64520
62056
60980
58700
67133
62867
66106
69809
60131
63130
68262
59219
65472
63578
60508
68125
69426
69011
71341
64714
60601
62448
63922
64239
68775
67165
62661
67049
69516
66838
64493
66636
67602
66524
67087
60668
65292
64080
65958
67381
63290
67420
61602
60903
66392
62701
68714
65140
66468
63255
64277
70507
62670
71458
70864
64283
63106
62781
72408
62574
67828
65077
64018
59853
63727
63602
63749
73551
74132
64647
65326
63685
63476
70103
62747
72572
62579
67795
66070
61471
68146
67726
66790
62792
57525
66884
60682
65028
63248
62151
64118
65346
59123
61493
62686
62061
63805
63838
64202
58169
60586
66620
58892
62374
60274
61617
60094
64751
63329
63560
62065
61665
65101
65956
61891
63835
62904
63140
62201
63936
63873
65391
64586
67850
61587
63921
63190
64177
62239
64450
68404
66598
62875
69681
66027
65626
65645
68280
66353
63388
63034
68180
65190
66234
62894
62145
58863
67590
60926
65725
64152
64760
61156
68803
60899
69132
71989
65730
61286
67426
67819
72060
57471
64822
68492
69011
67156
69480
67589
72967
62639
64201
65695
72667
65533
66505
60937
68935
63860
60699
62979
65566
64981
68618
69394
64066
63363
63266
70050
68397
63305
61515
65101
68807
62920
56553
64379
63805
66321
61728
66379
64941
64041
64358
61974
66383
61424
64835
61690
68438
65383
67288
63747
63286
66647
71483
67805
66189
73528
64185
64615
60417
59614
62933
68476
72701
63763
65219
60638
64045
67493
66824
61405
63164
66833
60754
64194
65414
67111
63453
62567
59544
64678
53874
49880
48229
49739
46478
49249
51522
49750
48623
49198
49526
50557
49742
50578
48359
49285
50510
48913
48118
49735
51165
51612
53799
52535
50961
50922
50380
46814
52523
51806
50135
50621
49570
50553
49853
50752
51717
49007
47728
51096
52905
49671
51643
54859
48802
47624
53311
50407
51824
52253
49157
51665
50163
49443
47309
48482
52164
55180
48613
51039
50696
51151
55502
47851
49367
48330
48425
56249
51006
50030
52311
49326
48806
48589
52938
55796
48258
50967
48350
46746
47726
47729
50379
49568
50539
51004
49578
54177
48197
50366
51339
48166
47122
51748
50058
47512
48299
62664
63698
50123
55877
52433
57372
67380
59534
57385
66193
70563
66548
62259
63795
61954
60807
67458
64691
59699
59980
65279
60950
66185
64968
63907
63911
68002
66192
62499
65804
65408
69318
60971
62662
68723
68161
54080
60721
57658
54613
52163
52726
51476
51850
52037
49366
65987
62146
49941
46508
50891
56787
53698
56007
65586
68210
66019
64444
67200
65793
65275
66732
61629
61273
69493
65773
70753
65575
65177
69008
65683
63141
59308
63367
65295
52086
54816
57213
53113
48007
51609
51638
54455
49398
48516
53362
47435
49213
52502
47934
48504
49211
58174
49857
49217
47126
48873
52261
49714
48593
51177
49260
53845
47878
52536
61161
59502
53060
66391
53841
60804
62996
59429
65389
64504
63382
57758
62362
63567
65120
63764
70350
68081
59708
68034
65908
63939
64766
64557
59661
62586
53333
60797
60521
59117
60376
63158
60695
65510
61990
64585
60409
62070
65036
58657
64203
66649
63397
63501
64965
65233
66665
70530
62238
62566
63749
64908
64475
60358
66178
68749
60745
65957
66821
63291
63607
63676
67693
65462
66966
60301
65755
65360
64595
62416
62434
59847
66679
68505
70177
66741
62279
64055
64576
67588
59803
63081
65534
66232
71784
63001
62337
53262
57217
57494
59364
63561
62007
70295
65937
65293
66179
62881
59992
63360
66809
62819
65657
64429
54655
59357
49573
53056
51687
51520
45356
47123
52204
62003
56672
49621
61904
69217
51768
61841
65969
71168
60543
63098
65114
66010
67184
61074
65135
63451
61386
63015
58464
66959
68241
62200
67302
67549
63631
61684
66461
62142
63106
61225
59400
62245
66450
66310
67184
70044
65523
70578
67280
63281
63497
50917
48609
50615
52959
49857
49794
50015
48379
51510
49667
52463
47945
47098
50195
47974
49980
51606
49503
52691
50379
47781
48681
52888
47294
55956
50908
49022
49353
49958
52803
49622
47825
48675
48250
47963
53293
51440
57774
54176
62291
66693
61269
62300
66873
67529
69677
64857
64886
63408
62355
65650
60178
58917
57642
52223
52504
51428
52873
51061
49878
50785
49906
51574
53062
51846
50452
52319
63184
65872
62393
67129
62666
63570
63794
59449
63509
60883
57322
47737
59880
63161
69288
62131
65896
68344
67166
57936
53687
58983
61008
66286
65843
66451
62051
66562
65534
59596
63548
64923
67255
59100
62238
66077
63375
64320
61742
66795
65287
66628
69476
59307
63314
62976
53504
56330
57884
49646
47366
48713
51190
49516
48772
49643
50674
47395
49197
50838
50378
52289
49172
49332
52206
50399
50566
52095
51693
51140
51610
52400
49380
48279
53801
48659
50151
55605
60463
72804
63936
66324
68023
70155
63485
61367
64317
68210
66479
63684
63599
62798
63186
73193
64945
69045
65114
62618
66018
65920
65697
66848
64277
68167
62051
64566
64183
67310
64803
68146
62299
65299
62792
62990
62633
67721
59685
63079
67464
61306
67669
60580
64954
63878
64530
65312
68721
63855
68044
66829
67762
61865
67511
65454
64752
64854
65711
62792
67828
65729
51798
50104
54295
51891
51482
51939
50687
53361
50747
47779
49698
51757
48323
49512
49700
50784
55025
50946
50880
48860
50389
54294
48527
50815
54030
67055
66905
59359
54749
47740
50054
52809
51408
54898
49023
48483
51130
50708
58748
51776
48885
64853
62980
52548
47972
65344
66744
67304
51109
51080
52111
52403
49675
56494
54208
57569
49961
50145
50892
56192
65901
60210
61498
63914
61951
64923
62368
61509
59256
60957
66004
65929
65035
65926
66779
68376
63295
66307
64901
64753
65316
62119
69309
65627
63446
61975
60092
65028
66110
61907
59979
72261
63251
68634
59801
66889
64020
69629
61577
64684
62327
68517
61196
65450
60552
63379
53088
57930
51566
52466
49209
54010
53388
52596
51276
48521
55059
49995
51472
51014
49569
49053
52852
50206
52187
51119
50189
49425
52240
53247
50417
53545
52020
51014
50275
50422
47659
51240
50860
51543
51741
52777
49578
51161
52160
49457
50963
48962
49688
50671
52330
49593
49475
51726
51509
52948
48561
48238
48598
47161
56052
48843
50663
55270
52386
54039
53747
53351
47815
48825
49065
50511
49942
48953
55004
51818
51648
54481
51717
50970
51806
57587
50938
53173
61121
51075
52975
50535
47691
61711
52528
52648
52824
50212
50825
50807
50613
53259
54003
52067
53442
56902
51203
55344
49273
52903
56219
50714
52085
52851
49020
50765
50390
51684
54270
59751
48072
51191
54450
49288
52879
47167
47418
50930
50563
51106
51351
57569
54583
58544
49898
52890
47535
57781
52542
55564
57484
51153
52079
50500
49904
52944
53606
53318
56994
49492
53257
52425
49415
51971
53885
55759
57790
54548
51530
58790
49624
56082
49897
54654
55770
57385
50448
48411
49991
50405
59220
53304
56994
51742
48487
51906
54489
56613
56349
48827
47951
59629
51882
50881
61101
54400
59428
52060
54225
67335
51853
52623
53158
51469
52576
57400
52058
53229
57208
58728
56443
50202
54246
50794
55447
53853
54491
58270
51466
58322
51986
58917
58829
51537
51091
61726
59338
52443
52542
49642
53078
55648
59698
52675
62845
52162
55081
54970
52612
51691
51001
59074
52625
49815
54355
59213
51923
55679
51009
58709
56766
54270
50516
52656
55366
51996
55269
54278
55035
49428
59334
51201
65904
62961
66489
64331
68121
66275
64329
64824
68527
61965
64653
64290
70514
66030
66123
64703
68122
67741
61340
68730
68063
68535
65099
61990
64240
68900
62845
71598
68088
65613
61983
66702
69949
68358
64937
68387
67452
65617
60909
59831
61808
51173
53335
54989
56049
57121
57734
60884
49258
56553
57242
52941
59123
61567
53822
50503
56978
53935
52168
61017
58747
54112
52301
59268
51632
52022
56956
57025
53252
56946
56703
60892
51604
59404
54788
53555
57447
59103
61575
50843
53742
55126
59810
59553
56551
62204
59927
63845
63747
51397
53723
55989
50881
64910
55248
54683
57602
62658
53462
54104
53673
60928
63095
74147
58962
58859
55355
58334
59592
56996
62923
61991
60651
55473
57352
60902
56514
63780
58775
58567
62822
55186
63889
64350
54105
59579
59688
55946
63180
55937
66540
65029
67779
62894
64591
67884
66329
71662
66520
63200
66228
65369
62553
66205
68551
65382
62950
65430
60288
65818
63889
71628
60437
67104
70871
61121
61594
64562
69119
62025
65850
64174
65597
61507
65336
66237
63599
59830
69138
70863
64516
66101
61241
69656
65087
65742
68599
62340
60619
66005
67847
68176
63709
66450
64375
66951
65484
63531
65095
69858
65438
69759
66146
64712
62074
69796
63592
64774
64269
68571
66081
65009
68638
63123
66882
63194
64513
69343
65288
59845
64337
66141
56258
61708
62815
64473
69531
65174
63622
66575
60109
68076
66629
68741
69283
64626
62827
66938
72313
64632
69419
63311
67351
66951
71017
70910
64312
58948
62673
68447
63475
63535
63546
72549
64265
64533
61900
62482
63322
64815
65338
62268
62405
65188
71120
63380
65983
65185
65931
69503
65263
62114
67204
65422
70037
67861
67247
72094
63657
65227
62534
68232
68411
67164
64661
63749
69388
67525
65352
67103
65690
68131
66266
59621
66542
63159
60981
66366
66587
66448
62393
70662
67230
60880
68345
62221
60107
65601
67506
67584
64445
62055
66913
65399
69082
70845
65185
67775
70662
65104
61393
64729
68368
60983
66045
68414
65634
70783
66153
63608
66758
62731
67618
64857
66763
63679
65272
64357
63598
67011
61493
63958
65940
63108
65266
60019
63281
63602
68432
67150
67440
61817
66142
64182
67314
65637
65332
71065
68385
63263
66105
69082
68141
63096
69267
63492
67924
64147
60546
60362
62169
64985
67020
62167
66695
66199
68809
66859
67007
64078
67297
69027
66171
71061
70804
62349
64055
67510
68526
66222
63670
64607
63369
73157
66859
63156
67425
63118
68019
67022
73379
70545
69292
68875
70405
67000
65926
69986
67891
66555
68440
66322
65457
67096
65382
65363
62816
66306
65656
58794
67985
69655
67515
62555
66294
72430
67410
67954
61319
61789
66756
61681
64302
64210
71322
64656
66473
67256
66844
68478
61413
62789
67316
66255
66125
72952
70698
69433
66960
65807
67222
65187
70878
66930
65508
66267
69970
65823
64893
71685
66929
69026
74700
72921
67401
68304
67358
68124
72617
66566
65685
63227
64249
67072
64426
66988
65621
70444
67594
70631
64881
72477
63651
67785
66475
70435
66905
67324
64413
67604
68479
68368
64724
70804
64390
62886
65495
64330
65905
68300
69427
69952
70343
64852
65109
66491
64170
65740
64891
69077
66417
68050
70933
66257
69345
60794
65672
66699
69910
67428
67023
66739
68531
62847
71448
65275
64154
67186
75177
70323
69201
66732
72495
67700
69798
69990
67749
68946
70862
66175
68011
66348
67859
71907
67703
65919
63205
69287
66247
70936
69896
63643
67955
63310
64633
69392
66173
63106
66357
63202
64449
69532
67178
65432
66614
69896
67788
67454
66324
68942
64736
68142
68519
69739
61551
64607
68254
66078
70091
70366
68681
63359
68451
68866
63251
71954
65984
66961
67037
63890
65776
64331
74887
67162
65843
66480
71641
65711
63998
63296
66964
66982
66737
65452
65069
62303
63127
63315
69444
65358
60226
67350
64814
74352
66379
65416
64558
64346
68920
67765
67475
61286
68586
69653
70032
66931
67923
67562
68012
65515
73454
66232
69135
63792
65587
64360
68578
66156
63181
68398
68634
61436
65984
65289
64098
73143
65857
62908
69873
67443
67334
70488
62547
67983
65396
64984
62612
69392
62309
62508
68658
67304
67134
64619
65049
68262
65963
67157
63869
66330
64968
61951
66110
62723
63856
62750
63196
62373
64586
66874
63576
67969
64426
71142
68073
64954
69783
62767
65092
62813
73829
65651
63804
66055
57773
69287
66775
66505
70605
67535
67158
69866
67409
65134
64617
59471
64590
63706
64107
66087
59876
69182
65297
63747
67942
67111
62979
61216
65300
63754
69023
66652
72375
64409
68177
63101
67826
71097
64135
65890
69064
72929
62549
61872
70000
62262
66064
63038
66680
72902
68208
70386
64155
69003
65051
69504
71433
65049
65810
63803
70632
71831
60687
67467
66843
69698
68874
69336
67094
61033
66223
67914
67999
66232
64359
68496
69946
65801
64570
65600
71941
67881
66148
66014
63925
66623
72167
62942
67160
66853
66987
60497
67718
65074
68393
65303
62655
66189
67118
66105
68424
68515
62148
69400
64835
73033
66366
71139
68426
66172
65250
69957
64534
65252
65534
63705
63562
68560
66713
68112
63708
67051
69133
63472
63398
68704
68164
66568
70817
67220
63785
65315
66653
69794
69818
64741
66201
65537
64620
68912
66978
65287
63324
67314
64561
66638
66841
67907
68042
63775
66824
68036
67477
69499
66980
69964
65739
64738
63144
67653
66148
65567
69410
73048
65957
63123
62404
69940
68828
63744
65216
66010
67872
61777
72232
64020
62234
66270
64386
65228
67053
67365
66604
62879
65374
72608
70332
71796
67898
69932
66904
68622
69125
67470
64792
64557
68923
66172
67091
69663
64443
71189
65752
68477
70648
71572
69711
63798
68926
67560
73760
63626
65406
67452
63409
69878
65031
67320
66270
67973
63691
68673
69742
70263
66984
66172
69331
67110
65764
63987
68061
66178
69168
70129
65526
66280
66851
68645
65008
67208
69214
66005
68547
67767
62510
69182
64582
65662
69417
70146
68679
68579
68886
64361
70778
69301
66469
61498
69625
67571
67414
67813
63053
65919
62734
69997
71968
64541
68295
71146
69480
69172
67974
74420
68136
68985
66067
69018
72002
72504
67989
66687
70083
68484
68093
67106
65057
69658
70705
68362
65446
67629
64915
65899
64265
70003
68492
68829
67845
65391
64206
61130
66760
70139
65681
65881
68478
65086
68225
67685
68737
66938
67758
66532
66914
67201
66898
67378
64757
63487
69158
65975
66115
66924
64807
65806
67147
70739
64723
65799
67300
67917
65394
67491
69815
72712
65710
68043
68488
63029
65329
67081
68428
65009
68556
69345
67365
63653
67553
63603
66780
65937
67937
61100
66737
68077
65334
65936
62534
66605
68297
63228
64748
64863
67498
68137
62762
69205
68060
64272
64026
70990
63989
66754
62420
67589
65436
64614
72141
69518
64186
70748
62623
70123
66328
64551
72605
69189
72612
66936
60163
66677
72948
63949
65387
62979
70334
69835
60416
66996
65054
69436
67296
61105
65197
71321
64721
67823
66835
70101
72100
66464
71450
68905
65717
67386
69101
67510
65994
71114
71398
65645
67852
69115
72540
65677
64874
74112
64574
67940
69092
66463
71042
64781
64667
68402
67302
65941
66574
66708
67845
69339
66985
70096
66559
68185
65267
64964
68883
67297
66424
67665
71304
70017
70579
63292
67813
67604
68849
65078
63572
66109
68619
66094
67411
67047
65568
73331
66652
70205
74638
68113
70928
70268
65089
64215
65221
65007
66310
66490
67473
68828
71156
65126
68120
69556
66973
69423
68684
67442
68380
70851
66228
72814
68920
69247
69322
62518
65168
69620
68336
63967
71920
71270
67740
66610
67766
67745
65245
69026
64960
72280
62372
66853
66874
70583
68579
67797
67584
62848
66937
66494
67129
69254
72631
67596
66082
66776
69588
67658
65026
72055
67466
65356
66882
68326
65569
70776
70870
68600
65900
69850
65681
67600
66282
70610
65785
63731
65680
65247
68729
68346
65897
68802
70961
71910
65104
65286
66427
67326
63855
65740
68356
71193
73289
65308
66045
67838
67065
63061
67315
65768
69300
66117
64789
64822
73435
67701
68630
70831
66737
69156
66309
65886
62314
70152
67844
69054
71158
67920
65597
66627
67293
67987
63948
67133
63772
61702
60327
68709
64469
69347
69769
67523
67652
70216
66608
64035
65224
66375
71904
63224
66180
65764
68548
69897
66265
70414
71361
68013
70526
68029
65646
64998
65533
67393
65706
67798
63908
66561
67942
63758
66410
63595
69390
67513
71285
69200
67108
64813
65203
69515
66751
67237
65509
64609
67352
68272
68825
65213
70837
67361
67316
67282
67331
67963
64543
71104
63935
72340
71671
68846
65767
67298
70097
65926
65544
69446
66943
72092
69366
68173
72925
65950
63221
66378
67834
69184
63535
67880
65028
65060
69312
70889
65975
68638
67910
62679
71795
64119
68485
65701
66694
66620
68136
68924
64750
65285
66417
66421
65562
70586
68282
67596
70018
66816
75698
61687
71992
66926
66895
68239
69371
70137
71923
69659
66416
67139
70937
71077
66145
63971
67290
68615
72976
63714
68086
71330
70814
65400
65021
65674
63968
68304
64020
67547
68257
65623
65879
65371
65344
63113
68086
69761
66313
66705
70640
67390
67753
69751
63978
67019
67464
66843
67721
63582
66118
62077
64643
66067
66746
68750
66051
67015
66485
69352
69191
65036
69666
63335
70989
68084
65574
65261
66608
72289
68125
70226
66400
69270
67624
70866
68371
67616
67769
61751
66550
67738
67901
66253
68276
70646
69020
63319
66465
66411
63360
67310
68296
73145
63972
68010
65161
65265
68604
67921
64985
65314
66911
66331
68843
66633
65040
67521
68121
60176
69737
71397
73481
72319
67033
71022
64490
70748
65945
69330
64020
64277
65627
71913
67923
66968
66680
69059
68787
67301
70868
74303
65226
66651
68982
64332
66687
67226
62506
68035
73836
70558
65832
71816
64245
67553
70776
64515
66149
65710
68625
72629
63955
66815
66969
67209
65140
67089
68553
61004
70354
74260
68641
65183
65130
68075
68015
65324
70488
68563
66848
68791
61605
63968
67823
69684
67461
67832
65992
65031
66497
64102
67196
66909
68018
71033
68855
67313
72071
70682
70105
70707
70512
70705
73385
69066
67470
72505
68002
65523
71050
68845
66206
64627
71862
65468
69551
71209
65653
68675
68967
66480
66484
68234
66109
68530
66580
67628
64269
68108
63797
68049
68134
69478
68823
67227
68239
63392
75146
66895
69491
63631
70987
72042
67187
67108
67636
68521
71609
71764
69725
68867
66413
69417
66744
67367
69610
67098
65192
70138
64289
71350
68544
69619
65997
72009
67184
68949
66971
67726
70275
66543
70518
72306
63417
65867
66736
66255
65088
64122
69116
65104
72893
65661
70356
69013
72580
64647
72987
63714
65542
68083
67737
68559
65798
62669
66772
66962
65535
67302
68438
62381
66815
70130
65389
67238
68389
69019
65327
66435
69597
65162
67297
66539
71736
65584
67161
64601
68275
68460
70936
69628
63264
72941
67127
65474
66837
71679
67517
67694
69589
72590
69372
73865
65498
68912
67336
66226
65982
64113
68231
66041
64618
70626
68188
67525
69463
64613
68351
65779
64629
69147
66471
64945
67419
68042
70947
67531
68541
62529
69186
64620
68283
69783
68650
74000
65955
67205
67908
68262
68294
71494
67181
69767
68383
70640
65089
68042
65770
68273
67004
64704
64755
62801
66911
76179
68742
65421
68784
65677
68029
69769
66937
67048
68438
66077
70766
64735
64914
68019
66125
68423
69368
66870
62916
72041
66698
67891
68529
68953
67380
69143
73939
68148
64392
71417
69999
65960
67558
68354
70280
74250
68782
67594
63635
69786
70605
67361
71723
69381
