2334.721954345703
1887.2648315429688
2155.049346923828
1926.1786499023438
2374.2164459228516
2190.2947998046875
2491.663589477539
2323.674087524414
2123.8558197021484
2203.722854614258
2366.9154205322266
2021.8418731689453
2381.7664489746094
2013.4458389282227
2325.6102905273438
2087.423599243164
2232.460006713867
1967.2210235595703
2116.455032348633
2198.5145721435547
2383.2527465820312
2198.6410217285156
2081.3658447265625
2175.614372253418
2028.06787109375
1931.5515441894531
2243.403289794922
2125.0230026245117
2148.1234130859375
2280.7960510253906
1900.375
2119.5088653564453
1958.6916198730469
2060.600616455078
2211.5582580566406
2032.3392181396484
2028.8165130615234
1940.3022155761719
1774.7205505371094
2101.487518310547
1897.7122497558594
1877.2028121948242
1848.6196746826172
1949.3145751953125
1965.1839447021484
1896.212905883789
1701.2324600219727
2517.826416015625
2021.4864883422852
1927.238540649414
2153.933303833008
2273.2770080566406
1979.6706848144531
2407.934280395508
2218.96826171875
2232.1170654296875
2329.210647583008
2071.9796447753906
1916.0116577148438
2084.6883239746094
1725.9489288330078
2140.279769897461
2285.3622970581055
2523.497787475586
1900.1547088623047
2286.0037231445312
2164.5736389160156
2183.469169616699
2035.4256591796875
2264.6450805664062
2084.1644287109375
2207.1995239257812
2285.077926635742
1936.1792449951172
1972.9958724975586
1832.8013381958008
2098.330535888672
1906.5964660644531
1748.1746215820312
1938.8370819091797
2002.9649353027344
2038.396255493164
2017.0333404541016
2037.0635528564453
2154.929977416992
2119.4063262939453
2126.606475830078
2007.1526794433594
2064.961166381836
1983.910400390625
2017.661392211914
1944.0348052978516
1997.1155700683594
2093.6617889404297
2249.4844818115234
1904.3677673339844
1973.1858673095703
2079.2822265625
2001.8895568847656
2042.4408416748047
1927.7994384765625
2064.4151153564453
1605.1647872924805
2225.164352416992
1933.0271911621094
1875.8040771484375
1853.6096725463867
2125.8746032714844
1800.7133483886719
2170.8389739990234
1940.2329177856445
2265.976776123047
1865.9278106689453
1875.6604309082031
2033.0347366333008
2151.2894134521484
2312.616989135742
1848.2266235351562
2090.954818725586
2034.6412353515625
2238.66162109375
2262.7091217041016
2506.06982421875
2201.216438293457
1872.2075805664062
2299.51025390625
1768.9425888061523
2309.177749633789
2109.6932220458984
2093.833221435547
2264.752410888672
2066.053421020508
1740.283706665039
1914.7138061523438
1963.7217559814453
2064.752700805664
1976.8860473632812
1980.7652893066406
1816.9236907958984
2034.102035522461
1832.9884414672852
2044.5747985839844
2250.4658203125
1751.4172973632812
1982.4600677490234
1937.8814544677734
2179.0599365234375
1885.8733367919922
1977.1104736328125
2141.522506713867
2057.49520111084
1948.6600494384766
2183.944091796875
2021.4304504394531
1889.0342712402344
2021.0737609863281
1836.443618774414
1939.7093200683594
2002.0164642333984
2181.0155181884766
2018.033447265625
2110.4914779663086
1966.0360946655273
1992.9038391113281
2309.2074584960938
2293.826301574707
1998.8865051269531
2163.670639038086
1920.503402709961
1872.1050186157227
2006.5354461669922
1848.8687744140625
2122.9903259277344
1871.6971740722656
1909.126091003418
1908.7414093017578
1845.520034790039
2048.4523010253906
1915.5150451660156
2057.7490005493164
2088.359649658203
2071.2617950439453
2091.267044067383
1931.6659774780273
2051.7987060546875
2413.5445556640625
1904.140365600586
2104.4174041748047
1780.601203918457
2158.065719604492
1907.1363525390625
1747.551124572754
1805.6426391601562
2016.7881927490234
2330.398223876953
2141.3668518066406
1723.9363098144531
2161.0577850341797
1946.4858856201172
2086.094711303711
2197.7796325683594
2072.6814575195312
2140.110336303711
2300.3968353271484
1919.8652954101562
1946.6847076416016
2144.803497314453
2082.655014038086
2306.3492126464844
2084.6580352783203
1909.9730072021484
2271.463180541992
1814.5582275390625
2095.887351989746
2351.120674133301
2107.982376098633
2376.5535583496094
2055.4070739746094
1910.3473205566406
2327.7891235351562
2191.205368041992
2344.7084045410156
2173.3585662841797
1848.6641693115234
2088.9703979492188
2485.7071228027344
2109.338821411133
1989.9922180175781
2090.4729614257812
2205.6765747070312
2173.703338623047
2191.1575317382812
2089.9193420410156
2039.5090026855469
2254.5428314208984
2099.3666229248047
2259.889404296875
2041.9396514892578
2233.642593383789
2155.3946685791016
2133.325225830078
2217.0214233398438
1893.5368041992188
2009.7071228027344
2146.3262329101562
2329.973747253418
2078.3599548339844
2242.0309143066406
2189.501251220703
2064.543716430664
2206.2635498046875
2486.082489013672
2492.7973022460938
2298.147018432617
2459.5691833496094
2558.798828125
2552.972671508789
2188.1007080078125
2504.531478881836
2429.972236633301
2413.6820068359375
2477.091293334961
2795.045455932617
2527.789566040039
2337.518569946289
2703.491653442383
2696.7482299804688
2519.5558319091797
2690.8245849609375
2241.079849243164
2644.282943725586
2795.7906646728516
3046.6483154296875
2921.1190643310547
2763.2828521728516
2624.810043334961
2537.027847290039
2899.1183471679688
2695.1605377197266
3344.926040649414
2389.5884704589844
2994.0828704833984
2706.6145553588867
3053.363784790039
2553.602081298828
3188.4750213623047
2913.4832763671875
3018.858901977539
2742.862747192383
2627.3139038085938
2694.648178100586
3033.4715576171875
3015.8665924072266
2765.457550048828
3399.5167236328125
2503.2799224853516
2551.3373260498047
3081.2223510742188
2548.462173461914
3065.2080993652344
3120.73876953125
2939.8582305908203
3170.805145263672
2849.620834350586
3075.1007537841797
3035.076858520508
3112.2887268066406
2791.4266204833984
2769.168670654297
2996.9751892089844
2513.497055053711
3038.9910583496094
2890.6695861816406
3244.807098388672
3065.9662170410156
3047.5093536376953
3067.2938232421875
3014.0757598876953
3277.4015502929688
3612.219970703125
2696.7682495117188
2615.8281478881836
3029.474166870117
2949.0980072021484
2562.314697265625
2695.3260192871094
2837.0592193603516
3014.9797973632812
2802.6016387939453
3032.402587890625
3082.8534088134766
2838.026168823242
3059.1971435546875
2783.5972900390625
2909.7867889404297
3081.6568145751953
2782.635025024414
2909.992202758789
2752.071319580078
2507.6636505126953
2782.063018798828
2467.371124267578
2480.5001525878906
3220.010986328125
2747.8336639404297
2694.706069946289
2360.2105560302734
2403.8243103027344
2560.647186279297
2707.5530395507812
2582.3145904541016
2799.906448364258
2823.978660583496
2419.5472259521484
2344.6975021362305
2213.0870819091797
2211.534866333008
2654.169876098633
1716.6820068359375
2300.2455139160156
2721.766128540039
3214.9002227783203
2234.0023651123047
2159.5556716918945
2539.5327911376953
2488.6253814697266
3015.8190307617188
2531.248565673828
2119.927505493164
2300.9452056884766
2049.5914916992188
2519.2593994140625
2140.4703216552734
2777.7827758789062
2271.6700134277344
2408.4639739990234
2633.1154022216797
2486.6648559570312
2454.305618286133
2527.269973754883
2983.8209533691406
2535.942840576172
2531.8294830322266
1881.008644104004
2110.767868041992
2715.5132446289062
2711.557060241699
2591.0214080810547
2305.8280639648438
2309.932014465332
2587.623062133789
2242.9613494873047
2385.6460571289062
2254.732452392578
3067.257095336914
2498.2899627685547
3172.4828491210938
1791.8330383300781
2085.0492095947266
2282.334732055664
2448.061424255371
2551.5564575195312
2580.0259399414062
2749.8180389404297
2260.1293182373047
2615.6063537597656
2731.7960662841797
2515.502243041992
2617.3192443847656
2599.6378631591797
2599.176742553711
2522.6389770507812
2744.1231842041016
2482.1766052246094
2189.6558837890625
2356.6617431640625
3057.6827392578125
2755.229949951172
2604.567352294922
2407.9042358398438
2381.005844116211
2490.3201065063477
2809.386672973633
2500.0286560058594
2680.3226318359375
2555.951789855957
2184.726791381836
2905.9983978271484
2584.1517639160156
2231.108383178711
2903.837677001953
2662.699234008789
2961.4287719726562
2870.7831268310547
3053.491226196289
2702.1097259521484
2996.966049194336
2812.367446899414
2878.137710571289
2706.628532409668
3239.1644744873047
2779.9801330566406
2842.8829345703125
3076.147506713867
3032.6333618164062
3219.2022857666016
3531.728500366211
2999.026809692383
2714.5919647216797
3419.31103515625
2401.2496490478516
3202.3751373291016
2575.6087188720703
2887.720443725586
2703.8128051757812
2794.603530883789
3070.3468322753906
3220.413284301758
3179.2083892822266
2436.161308288574
3132.802932739258
3074.0738067626953
2325.2623443603516
3285.4064178466797
3063.7117614746094
2715.6053161621094
3133.572982788086
3222.9303588867188
2647.2828521728516
2512.879592895508
3301.331527709961
3284.1399841308594
2068.380546569824
2868.320327758789
2528.4720153808594
2809.8553771972656
3349.7884979248047
3082.8966064453125
2793.047378540039
2973.8432006835938
2998.196762084961
3385.480972290039
2209.9933471679688
2761.1502075195312
3373.6632080078125
3025.152069091797
3005.4654846191406
3104.5809783935547
2926.7272567749023
3052.2789916992188
2907.339141845703
3104.7290802001953
2719.8237915039062
3049.180618286133
2730.519073486328
3005.3702239990234
2695.808792114258
2688.519317626953
2775.2613983154297
2685.6967163085938
2779.7731170654297
3057.603256225586
2972.586471557617
2692.7108306884766
3013.216827392578
2172.1696243286133
2748.409637451172
2822.8386993408203
2582.152328491211
3056.4757232666016
2578.295120239258
3404.2627868652344
2338.688461303711
2710.9811096191406
3066.435287475586
2694.0335083007812
3105.1213989257812
2559.1398162841797
3407.9600677490234
2813.8737182617188
3033.0769805908203
2700.123733520508
2306.286590576172
2855.959732055664
3060.841506958008
2622.9271087646484
2761.5626831054688
3219.3597717285156
2694.7373809814453
2755.7786865234375
3303.5899963378906
3254.463363647461
2295.4707946777344
2640.386260986328
3438.458740234375
2828.3351135253906
3225.0626220703125
2391.916244506836
3042.9777221679688
2717.540786743164
2868.712387084961
3037.9000244140625
2366.1445846557617
3219.666229248047
2799.6527099609375
2941.4305267333984
2413.120391845703
3073.318428039551
2965.265411376953
3230.225784301758
2226.1575241088867
2850.45068359375
2526.1104278564453
2366.651138305664
2035.6281204223633
2698.4108276367188
2577.0616912841797
3135.687301635742
2447.617233276367
3196.2748107910156
2934.115997314453
2516.8364181518555
2762.8911743164062
2771.3841094970703
2281.437225341797
2739.3097534179688
2898.4733276367188
2865.589340209961
3065.416061401367
2715.1971588134766
3335.8544311523438
2677.7255935668945
2719.2044219970703
3453.449676513672
2667.8302154541016
2818.541061401367
2502.2213287353516
2853.9398193359375
2650.43505859375
2851.5361938476562
2907.4640350341797
2929.295181274414
2883.523941040039
2859.406669616699
2591.529670715332
2722.4136352539062
2705.9278106689453
2579.548828125
2429.7706451416016
2702.674026489258
2802.5726165771484
2711.842842102051
2757.1006469726562
2416.254913330078
2412.305709838867
2544.1295471191406
2463.786895751953
3112.352066040039
2546.646011352539
2528.007858276367
2377.611526489258
2603.7953033447266
2759.056686401367
2437.707778930664
2613.5278930664062
2678.3663787841797
2746.0721893310547
2583.7408599853516
2830.3805389404297
2269.833755493164
2575.4288177490234
3020.2625885009766
2357.088088989258
2697.482452392578
2923.5399475097656
2702.384536743164
2926.9798583984375
2241.048713684082
2920.4318084716797
3025.0614624023438
2797.734329223633
2865.2198944091797
2693.247528076172
2779.9573669433594
2595.255172729492
2910.115653991699
2762.6150665283203
2480.4757232666016
2900.4115295410156
3137.18106842041
2524.1746978759766
3237.6531677246094
2354.9263916015625
2749.5555419921875
3232.6106872558594
2601.0242309570312
2646.796340942383
2688.9837341308594
2231.698776245117
3030.3246536254883
2391.8682556152344
2128.8626098632812
2579.0548553466797
2153.1935424804688
2775.3492736816406
2735.8020629882812
2174.1172485351562
3137.492935180664
2379.9015502929688
2596.611038208008
1992.0414352416992
2434.715835571289
2780.8367919921875
2769.3700103759766
2842.7950744628906
2089.340560913086
2815.5128021240234
2446.875160217285
2830.113006591797
2598.149139404297
2336.222930908203
3118.3757934570312
2464.0508575439453
2338.767303466797
2605.637741088867
2594.9957427978516
2091.4369049072266
2390.2743911743164
2419.3389739990234
3074.265167236328
2338.4381103515625
2451.233741760254
2760.3912048339844
2555.882583618164
2144.739532470703
2383.435775756836
2102.3945693969727
2570.684638977051
2111.4466094970703
2859.0454711914062
2603.288772583008
2440.8828659057617
2332.8388442993164
2412.6374282836914
2284.259475708008
2533.6797790527344
2661.186668395996
2040.0890426635742
2472.831085205078
2415.7601776123047
2263.8753814697266
2026.805305480957
2499.609176635742
1899.6003646850586
2138.071304321289
2104.9627227783203
2627.5986557006836
2199.935546875
2148.697067260742
2187.479721069336
2414.828025817871
2712.6446380615234
2506.2324981689453
2143.31339263916
2213.4409942626953
2407.115768432617
2523.158416748047
2900.8644104003906
2301.4359130859375
1840.2379608154297
2390.362373352051
2408.272285461426
3493.671661376953
2056.812355041504
2272.9702758789062
2325.5585327148438
2174.8370513916016
2697.1177978515625
1814.1321716308594
2801.0701904296875
2943.0569076538086
2811.1635665893555
2390.263740539551
1932.2961349487305
2081.963394165039
2510.407699584961
2405.6290435791016
2388.301612854004
2529.635787963867
2211.386993408203
2876.973159790039
2341.4635467529297
2706.818862915039
2010.6531066894531
2466.6937255859375
2323.941825866699
2631.933090209961
1703.130241394043
2353.072052001953
2572.8856353759766
1944.5699996948242
2304.119827270508
2540.544952392578
2625.5970153808594
2644.8975982666016
2442.159782409668
2704.2353515625
1971.7041473388672
2832.2613372802734
1912.650375366211
2583.4886474609375
2607.3060760498047
2434.3978881835938
2471.609161376953
2620.7041778564453
2864.922882080078
2509.6416778564453
2029.0909957885742
2386.3067474365234
2467.827995300293
2436.266876220703
2044.720962524414
2576.2557220458984
2156.0096282958984
2132.8173065185547
1988.118537902832
2267.2240142822266
2284.8837356567383
2625.95174407959
2310.842315673828
2084.6690979003906
2080.657516479492
2106.484405517578
1988.6996459960938
2471.386848449707
2718.4676361083984
1381.0356903076172
2346.397674560547
2142.983840942383
2245.8250579833984
2074.7149810791016
2499.688720703125
1724.0791931152344
2798.2034759521484
1977.171802520752
2106.2298583984375
2507.2370681762695
2506.1679458618164
2179.4188232421875
2293.10791015625
2080.052619934082
2501.081298828125
2150.249786376953
1931.6272506713867
3070.902297973633
1743.6740798950195
2271.425308227539
2410.214813232422
2194.5736083984375
1885.471939086914
1861.344009399414
2294.9002532958984
2421.8026428222656
2205.5686645507812
2386.5647888183594
2709.746124267578
2795.636947631836
2592.2777404785156
2407.1495819091797
2881.327407836914
2587.651626586914
2752.235382080078
2240.7741088867188
2325.404556274414
2099.157112121582
2679.6475830078125
2186.9151611328125
2015.4534912109375
2674.786590576172
1756.744400024414
2182.1873931884766
2395.179512023926
2094.7431259155273
1900.0602111816406
2191.9932250976562
1838.6294631958008
2265.0847244262695
2569.9415283203125
2364.3941192626953
2361.208396911621
2415.725555419922
2196.9457778930664
2266.8363037109375
2294.4220428466797
2145.3375091552734
1928.5960693359375
1700.4844818115234
2770.0499267578125
2551.119827270508
2191.604278564453
2080.5698471069336
2221.916831970215
1936.3983612060547
2202.5509185791016
2433.3540420532227
1953.731430053711
2573.7387084960938
2317.0179901123047
2095.507598876953
2529.3431091308594
2235.9660034179688
2427.3086853027344
1638.3094177246094
1931.7802734375
1670.122703552246
2424.7144088745117
2066.3165130615234
1931.9115753173828
1984.5194854736328
2177.3956985473633
1943.0772094726562
1743.1898193359375
1887.0855407714844
2001.9704360961914
1762.6010208129883
1765.513801574707
2157.6969146728516
1818.883445739746
1857.5070610046387
2109.3805236816406
2130.864528656006
2246.811798095703
2226.9701919555664
1935.9413757324219
1715.4807395935059
1768.3288040161133
2240.20906829834
1738.9388732910156
2042.9062805175781
2042.3766555786133
1850.044822692871
2041.3935928344727
1910.763069152832
1573.979591369629
1821.4294662475586
2213.0389709472656
2459.506477355957
1483.7753944396973
2118.589813232422
1916.9485931396484
1591.9911880493164
1566.9857025146484
2224.821449279785
2295.5795288085938
2042.720115661621
1852.031639099121
1735.2356491088867
2216.75537109375
2285.326187133789
2250.3073196411133
2021.413345336914
2046.3380279541016
2415.509490966797
1877.4228591918945
1693.7058410644531
1790.01318359375
1956.1465454101562
1927.2608032226562
1732.9191970825195
2113.7225036621094
2282.980712890625
2832.6254959106445
1703.8704376220703
2091.899742126465
2359.067367553711
2089.1671600341797
2266.8148651123047
1926.0055923461914
1657.2076721191406
1687.1344528198242
2033.860939025879
1806.9728698730469
1548.585247039795
2354.217872619629
1772.6770935058594
2275.0199584960938
1938.4966430664062
2241.74910736084
2093.3364868164062
2069.994270324707
1739.6971817016602
1992.3319244384766
1769.1982421875
2322.384719848633
1593.3068084716797
2435.7330627441406
2574.3705444335938
1912.4670181274414
2244.1736450195312
2274.1407165527344
2267.641014099121
2007.5622253417969
1702.541732788086
1544.0804748535156
1991.8370666503906
2017.8259963989258
2180.257583618164
2347.52099609375
1699.4757080078125
2141.1605224609375
2224.7591400146484
2130.649383544922
1951.005111694336
2015.5860290527344
1934.8588104248047
1814.2634353637695
2401.3496627807617
2119.8187103271484
1835.268913269043
1888.202392578125
2157.6461181640625
2324.252197265625
1730.4426193237305
1684.3496780395508
1688.4562911987305
1984.3438262939453
2398.9777755737305
1666.3305053710938
2093.2291107177734
2054.5462799072266
1824.3295059204102
1890.4889068603516
1628.505355834961
1781.7370300292969
1720.9893035888672
1140.222354888916
1866.2759475708008
1757.2166213989258
1884.4787139892578
1618.9922790527344
1968.877140045166
1862.567398071289
2049.2170486450195
1900.4462089538574
1894.8802490234375
2174.6808013916016
2179.293960571289
1923.5360412597656
1657.5960655212402
1870.1345977783203
1817.059196472168
2322.7667083740234
1870.9772644042969
1550.791030883789
1786.0939559936523
1415.7737731933594
1852.8513565063477
