62650
60578
59211
69047
57427
59682
65680
62938
63177
69350
59842
70503
56834
60427
62811
68361
59858
64294
60134
65185
63520
62740
64750
60219
57507
60486
55716
61699
61449
64813
65733
59618
63187
56494
55930
70122
70238
67524
55509
63679
60790
64178
66089
69006
68024
61685
71147
64699
61321
67994
56398
63749
59461
62847
59904
66088
63112
63919
60374
54962
62566
63975
56497
70401
60826
63332
56498
71857
57003
64478
59017
63896
53713
62145
65191
54410
59356
55925
55249
58842
59725
56629
65176
70623
58802
67278
67295
60800
58148
54319
55709
55837
59362
65004
63039
66231
58793
61224
58525
62661
61485
60561
60176
57979
62095
61034
59977
57843
54929
75102
65588
60479
64328
71206
66847
55468
59936
61203
67736
64910
54448
62465
56472
61454
65287
56599
61543
62048
54562
57324
59727
58719
55855
57090
54841
63671
60474
63662
54493
64806
63646
59711
53875
73309
62258
57314
68061
63111
56912
61557
63715
59448
63849
66767
55973
61817
68807
69396
70727
72734
64904
71035
62420
68481
59011
57233
62328
56096
58871
57617
65823
71606
71199
74650
72991
75750
71969
66513
67768
73328
67843
65368
66029
59817
66353
68954
62207
56720
60650
60394
63957
58592
51797
56283
55822
57505
55793
62928
68540
59003
61367
70001
73405
66559
69836
70137
65652
58921
59471
53625
56385
62521
57053
54759
56233
66456
73248
58942
63435
57048
57128
59791
54061
55989
49342
57024
57830
51813
54487
60580
72304
62062
59119
59455
58955
72564
51623
63836
59171
58989
55477
60933
56695
65666
61100
57011
64151
61011
54974
58570
57125
64153
61453
63406
60717
62511
66488
63101
71204
68062
56663
60054
64586
63465
62718
60153
58574
54470
55698
56313
55703
55663
56413
54324
52688
70998
52800
55435
51074
58547
63458
56104
62498
64363
62716
67030
65481
64938
65199
63209
61975
59481
53755
49771
68080
66493
59397
68654
66154
65303
68623
65698
69095
62479
65277
63012
59214
60786
66758
60489
68430
68781
61890
62690
66443
59710
61294
55947
55741
51734
56186
61147
64424
64291
64474
61367
64988
62515
51465
54131
54977
52462
50409
54772
54240
56746
45669
51220
58013
55627
58727
59025
57365
51949
59528
49343
46194
49772
50138
57373
52553
53582
50831
55590
57347
57382
62589
67004
50959
55393
49190
54404
60412
55280
53891
55871
48905
51985
53080
48631
51907
49019
53069
53494
55435
60949
48521
58106
55157
62787
51875
55953
58468
54834
52279
54187
57521
56095
54811
46937
53534
52916
60488
54659
52511
58365
54566
64017
56416
53949
57716
50093
49458
55020
63169
57072
46191
49299
62228
55397
49474
62042
66597
57223
61787
61101
64672
61870
59809
53708
54033
50493
58260
51409
54110
53549
53889
54711
48411
52683
49432
51510
63586
53087
53377
51923
61179
60340
57017
55835
54821
54666
55221
62288
57049
64054
69628
67006
63462
66675
75237
68052
70523
68488
68519
67264
66461
72683
50004
53561
45880
55549
51919
49353
54166
59776
63040
55121
64791
59117
66266
62951
58595
64143
67346
61787
64514
57217
51841
53833
62518
60163
65527
54867
56842
57583
52176
55856
61688
49783
53993
57881
50808
55786
53960
58029
53836
50486
53940
54096
58869
51515
50557
46866
49909
45852
54518
51520
48505
54707
46146
50171
55731
52122
49648
54075
46333
49398
55100
60008
66478
67006
68502
62034
64236
73961
70947
63168
62708
63456
62704
60557
54966
66809
67773
70946
62018
48605
54291
50268
54692
47015
70257
66300
50882
53438
58062
59717
52275
49723
69395
68264
67867
64596
65264
63899
70339
67164
68990
68069
65461
73248
67728
68191
67056
66784
67815
68554
68186
66672
51039
53644
50403
51467
50953
51214
49190
50442
49411
54635
50607
49270
50831
48376
45879
49352
49584
51447
50334
48975
48035
51593
51854
48787
48540
47494
50513
49098
45629
56292
50236
55985
51229
53628
52289
55547
53295
48633
54728
58409
53078
57353
48218
49699
47498
55035
50135
55939
51773
49252
54109
55730
51541
49302
60777
64048
56430
59668
62521
60842
62537
62258
67296
61647
65443
65089
70960
62565
63413
65692
73311
66828
65161
67410
68563
68540
61516
61811
67135
60937
63494
47630
51877
57294
54200
48988
47652
52930
54020
54372
57530
50914
51877
55108
56897
46471
51781
51549
46613
55463
58895
47293
56360
60527
54289
51221
51782
58671
67300
59228
60620
49631
65906
63622
59690
60909
68942
69415
69444
66806
61743
62269
60412
64954
52150
53558
52548
45895
50659
67176
61517
61324
67063
69128
71315
75165
65608
71916
61842
64825
68549
65955
67650
64852
65752
61712
70161
67157
65890
65141
65147
64373
63507
67391
69074
59288
62769
63923
61761
61213
65831
60401
61349
57559
65922
63666
57880
63282
73400
67776
69485
65515
65007
65274
67819
63599
69619
66360
68018
66112
61662
68705
64655
64615
67009
64722
59510
68008
66188
60909
63932
64108
66708
64300
59927
61917
62289
64440
63082
62372
64967
67179
67638
59137
67600
64372
60772
65892
68152
65391
64225
68164
62515
64041
60005
63108
66410
66345
64967
66352
65742
63499
75558
64118
65258
65446
59888
65018
61790
69361
60672
71368
63538
68412
65728
70726
64569
68796
66614
62608
66367
63421
69013
65882
63799
65461
63375
63443
61553
64342
62619
64718
61561
67852
61937
61461
59758
75093
68548
63206
65568
66644
70371
58953
60960
65793
46530
49059
48873
48377
49508
47831
51026
50084
50751
48669
48088
50893
51243
49133
46896
46120
51103
51556
46574
48337
50206
50630
51211
47711
48909
51768
48837
47366
48359
46496
47519
46343
47708
56183
50579
50461
46802
48498
49366
47831
48451
48511
50040
49452
52038
48804
47186
47944
50813
51629
51065
48276
46750
49935
48687
61520
50190
67750
72937
63952
66888
63077
62925
62111
64850
73895
63983
58117
52104
48336
50970
46908
48324
50835
54327
55409
52638
51839
47796
60952
50729
50545
69990
51260
51535
48579
52794
49716
52298
47380
50837
51977
50735
49472
47850
52555
52885
49317
55597
62034
57500
54198
66014
64529
50164
64115
62452
62529
66759
67780
68780
67690
68685
64008
66016
64199
62550
63390
70181
68329
66436
66509
66404
67710
66310
69778
66916
64688
67726
65820
59270
62739
67985
62169
61629
67111
67876
65764
63585
71029
65312
68439
66463
63918
64127
69830
64797
64587
65440
67995
63809
65034
65542
66405
63570
64637
72117
65978
64768
63388
65790
64546
66125
60368
