27722
23391
26176
26322
24547
21711
20214
23076
28750
23114
19042
18320
25654
19026
20774
19109
18573
20794
24784
22000
21375
20373
21194
20907
24024
19189
24582
20952
24238
20874
22535
26820
25278
22777
21488
22005
26619
20761
18334
23771
19293
19984
20703
18841
19377
28403
22482
20592
19204
17448
22177
22620
18454
19416
23000
21047
24308
21821
23931
19114
21027
23652
24328
20087
24141
23189
27163
23843
21884
23010
28842
20551
27108
19595
23904
20967
21089
20995
20853
19036
21469
21367
18233
24478
20069
20974
18842
19974
26489
17882
24118
24521
20049
25649
19787
23256
22675
22163
18373
15072
22287
25381
25536
23280
20758
22428
22576
18691
26292
20188
22517
24755
18572
22123
23166
29200
22506
23226
20907
21763
28618
25329
19302
23478
22712
20443
23159
19599
18991
23800
22583
16449
20601
25215
20182
20052
24318
19593
20106
18288
23862
27262
16666
23135
21601
19359
21039
20543
27103
21226
23707
22883
22887
20552
19562
18002
20173
23178
20271
18482
21185
14761
19793
19934
24523
23038
20694
21523
23420
21414
27603
17025
21365
21965
20591
20993
19825
24823
22192
18194
21024
21295
27575
24782
20684
21518
15828
19777
23748
19989
25794
19196
21482
21902
22723
19962
19648
23805
20768
16200
23190
25470
20784
24296
29354
19546
19272
22843
22206
17876
23169
25969
17981
18442
25192
20379
22259
21119
19488
20551
19855
28442
27788
22835
20185
17537
21598
21888
20979
18197
17252
20815
19006
17807
22302
21137
25999
22899
22272
24862
22325
24818
22641
23563
21389
18768
18965
19520
25200
22113
20447
16953
22791
24634
20306
20322
24884
19975
21535
22360
21213
19138
21653
20478
21001
20875
22640
16602
20313
21731
21416
18970
21149
21180
22886
26347
22129
18658
23602
19197
23795
19330
18539
20831
18083
19192
19113
19983
20414
18757
20902
20200
17919
20639
19775
20892
20245
17209
21911
23366
23503
22948
21382
26676
22021
21374
20664
25270
17437
23252
17644
26888
30785
19060
23554
22912
17267
18252
24072
21480
22560
21018
21754
18174
20466
21854
21288
19883
21495
22616
21418
28629
16954
23751
21484
20201
21583
21221
19779
22328
21751
19135
23939
20347
23301
17985
24230
18690
16685
20522
21033
19518
23709
19572
17917
25691
19471
18569
20001
19649
18339
23279
20633
18820
22656
25805
22670
25839
26598
18300
22941
24513
21811
23108
20640
21339
20096
26395
21449
22118
21412
25360
21448
24937
20345
22312
20820
23662
21333
21989
21913
18361
23600
20870
20226
23502
19380
17918
20457
18229
22447
16259
16458
18278
21973
19815
22941
23338
20605
24024
27104
18874
23835
19844
23074
22735
18593
20614
25155
17189
19949
19007
17735
19949
19885
19743
22028
22734
20289
17388
25015
22800
21741
18893
17914
24146
22302
20043
19154
19885
22528
23420
22886
22705
22743
27833
23921
19908
26029
18273
18285
18343
21257
21262
19895
20408
20645
23525
27131
23080
18138
17854
22383
24044
18901
21828
19296
21996
19867
24489
22465
21696
22557
21717
25719
20346
24479
19697
21476
21627
22753
26702
20306
19641
27425
19793
23824
25690
22906
20004
23513
21679
14079
22331
21293
18854
24649
23018
24229
25412
23274
23867
22723
19589
22158
31897
25219
23557
27143
23512
24175
17897
29761
19546
25428
28874
28961
20153
21894
21910
23496
22680
28506
21181
21643
25925
18150
26882
22371
23972
21811
21636
22789
21981
20947
27624
22313
29223
24505
24221
27171
18183
21768
21626
20791
20678
20403
20143
21502
25271
30236
23640
29307
22743
20521
24072
27802
24377
24289
19559
27161
25407
24011
30480
25802
25376
24828
28599
28720
25858
21508
27879
22399
21774
23590
21271
23749
21429
15966
23910
21075
17247
25469
16764
25342
17171
21474
19599
24981
20877
21584
21633
20061
19288
19363
24906
21138
23322
24929
23598
24349
29289
24962
24808
28187
17291
22688
19639
22906
17646
21927
19092
26199
23875
24251
20194
20023
20029
23322
23799
16322
26216
23062
22355
16540
24107
20915
19405
22976
24422
17282
23410
17440
24402
20393
25532
26032
20439
20078
17711
17481
20466
21006
19175
22538
18762
20756
23455
23577
20501
18919
24219
23433
20389
20061
18224
20573
21043
19485
24142
25079
25648
17205
24723
18891
22094
21924
23216
19224
21579
24222
19887
18922
24429
23163
17464
24418
22833
22056
26416
28196
22393
27714
22159
22184
20656
19834
18475
25979
25033
19428
17669
22845
23510
25120
21766
23864
20590
21888
18577
21426
24161
20589
26033
19044
19271
19001
14629
27932
24133
17919
20335
23697
21359
23739
23515
20623
21264
20488
22386
18858
16987
20333
23828
21606
25343
20562
22181
18558
18046
25487
17085
20628
18227
22277
23304
19257
18727
21830
23540
22869
20615
23003
22225
20664
21592
27129
18920
19669
17809
19846
21041
18992
23063
20755
20579
23661
20431
20270
21038
22670
18938
21258
21124
23373
21594
20816
23371
21576
21470
15803
20961
20856
22672
16249
19351
19178
23675
20926
22562
17663
20706
20924
20789
19597
20191
20236
20538
21043
19869
19983
18413
17776
17341
21078
20342
19475
20997
21579
21617
24941
22722
24162
20157
23682
25142
23527
24217
23002
24190
21511
24171
29381
21533
26395
27148
26190
21815
22723
25336
24038
24213
27322
23703
20476
29292
25170
21634
24296
28148
24094
19795
27345
20382
22630
21633
20747
20173
19861
23927
20473
21668
20461
27025
19693
23610
23512
28989
21533
27825
26118
28371
21104
25568
20556
23766
20769
25634
18420
20064
26078
26371
20111
23457
18330
24647
17855
16333
22252
21335
16958
17213
17732
20083
22605
18128
19325
19110
21269
17581
19709
19715
18812
20604
24848
19576
22228
24315
15684
20345
21885
22719
23780
18799
16112
27012
21057
21263
24326
23838
22141
18615
17923
21502
16992
25405
20523
19107
17592
21057
16950
19027
19217
18559
21592
19224
19840
20424
19496
24160
23086
21459
18851
22670
21757
19227
19793
20904
22559
18620
23059
23221
22674
24301
23718
25937
19879
24167
19292
18501
21087
17912
26669
17397
19658
22551
26305
18842
18818
23455
25497
18206
22366
23949
19375
17063
22340
18124
22426
22714
18354
20284
16847
23756
20098
21934
18114
21355
22892
16935
23132
25043
20224
23244
24614
20462
17116
20938
22735
20691
19692
24701
22630
17947
27285
17172
23811
20607
21918
23470
20967
22121
20400
23978
22896
21983
19492
23295
21037
20037
20630
25232
23167
19584
26261
20356
21645
26484
25157
20051
20902
20552
18801
19980
21706
21795
18357
19570
21567
25507
18662
17727
20355
24143
20312
22237
19754
22812
19747
18460
24357
22436
22138
21901
21524
16950
26060
21835
20078
18745
19009
17697
26060
23485
20760
20114
18895
18942
23101
24180
22225
24246
21031
18927
23359
20337
18164
25760
20172
22018
24054
20394
17245
18829
21488
21139
19829
25809
19151
24310
20956
22331
27470
26402
23805
26687
18893
24861
25619
25412
19796
20664
16964
21193
23638
23445
21560
22876
22779
25438
28709
21433
21914
25446
23310
23189
26993
23460
20976
26118
29223
26866
29155
26594
22884
26095
19673
23866
22040
27278
22112
24965
22841
21464
25798
23024
17981
19773
17621
20241
23095
23676
23040
19754
18548
18401
20549
18694
20038
24695
30103
26743
23422
28520
26594
27880
24551
22973
22809
24639
25953
26253
24936
25848
23650
26412
20739
24515
26927
24623
26737
26890
23745
29275
25540
24366
23158
21135
27815
25789
19592
21258
23097
24123
28299
27879
23864
23396
21267
23603
24320
24015
25771
29009
22741
24660
18645
24917
24329
22399
22183
22387
20992
18418
25611
27651
24214
21233
20450
19537
19869
18633
21987
24241
18366
24000
22138
19922
25210
21039
19333
21862
20533
23217
20402
19535
16541
15543
25936
19578
20765
19366
17417
20015
27848
25898
22429
21272
25016
17727
21052
20137
20741
19363
25535
16863
18766
19202
28842
23783
23808
19167
23386
22558
25829
20392
23360
20346
24970
23402
27782
28616
26793
25631
31571
22878
25531
27276
24692
26528
24526
26283
28730
26020
24842
27286
24888
20739
27345
24339
23467
23568
22519
21145
24991
21660
21335
20423
23520
21265
20515
20514
23932
20755
20175
18234
21452
22979
21438
24748
20089
21566
18531
21572
15957
22425
24807
19363
21319
20736
21035
21485
18311
19861
17260
24863
20011
23719
21077
22370
25120
20597
25788
19355
21223
20087
21434
18782
18507
17429
22506
20233
26950
23222
27176
21326
18717
22884
18148
21584
19647
25472
16309
24707
19686
24297
22799
21772
22933
25727
25386
20309
24537
18246
24921
23298
22568
25182
25367
18997
21443
24378
25373
19806
18603
20870
17105
22033
23015
26898
22095
24582
25626
24312
29134
26565
22270
20089
20813
26912
16535
21998
26284
21598
18594
27010
17600
18701
24189
23046
20201
24226
21630
29037
20984
25493
24812
21013
18819
28089
20098
17602
22636
21888
18792
21168
24474
22185
20801
20592
18357
25894
22317
23578
24962
18298
21954
24093
21426
23272
20825
23431
20750
22636
21175
23500
25794
24223
25475
23893
21887
24364
25305
22244
30619
22237
19418
28044
23605
23534
32457
21600
27833
27284
25946
21098
23643
28267
25983
25679
26830
22314
25745
29687
26612
18575
23985
19458
22667
19957
19356
19543
18901
19888
27581
19713
19206
17777
20415
21916
19624
24326
23494
16253
19818
20592
20429
25477
22284
23549
19789
22896
20916
20592
17816
21757
23027
17450
24702
26706
19273
22097
23906
21534
25165
22462
24838
22762
25097
25747
23246
24241
21398
22581
25876
24222
20288
18032
21799
22072
21539
21943
21469
23377
22347
22363
26780
21815
17189
21700
19870
21173
23820
22821
23468
23268
27150
22779
25468
21948
24484
23884
22828
20402
20194
21373
24290
22633
20374
22492
26804
23266
21272
18522
20956
19621
19579
19861
18122
17985
17768
16520
20468
23625
22283
20462
18667
18954
19126
20715
21499
17973
21499
19551
20420
18736
16733
16288
19668
20004
17386
21692
18610
19537
27476
14775
27035
18652
20868
24227
18144
16866
26173
23818
22332
24934
20880
16851
20305
21348
20295
18150
23496
22791
17733
20279
20435
21430
18976
20662
15924
20981
16612
19977
18016
15082
21979
16086
21442
20091
23930
20939
24295
21424
23132
18803
21326
20276
21098
25778
22310
23541
23351
23623
22633
22909
23242
24328
27418
26562
25102
22182
24180
25051
27216
29210
23572
20274
26280
20848
24272
25326
25918
23585
20474
25458
23373
23662
23593
26323
22050
19323
25244
24515
26726
26179
26940
28529
27283
23820
25952
20402
19964
19374
22896
17607
20207
22436
24056
20543
24788
19455
22430
24598
22298
28161
29317
25019
22188
19917
25395
22896
24003
22439
21799
26755
23023
22990
22627
30194
21252
22921
21033
24819
27633
22767
22329
27136
25864
28776
30843
29334
23329
23548
28056
25828
25704
24558
25396
27130
21052
24363
21890
23691
18422
19470
20847
25292
22638
19874
18677
22874
20971
17046
21908
22648
19719
20079
16423
22599
18578
21331
19476
20956
18543
19000
19553
19477
26135
29299
27902
25616
25112
20645
22376
22966
24379
25608
27936
23149
24673
32466
22469
24378
22333
27797
19327
21012
19718
26311
22862
19175
18268
22525
25766
24049
23036
23441
19017
22169
21014
21117
23151
20234
22477
17196
18298
22074
22297
21412
18995
19009
24118
21984
20724
20986
20641
19966
19513
22014
16578
20955
18223
17688
17424
19920
19298
20647
20195
19614
18447
24245
21055
20925
21037
23011
23568
18902
22927
23239
23791
27725
24622
26309
29281
20417
21745
25918
25191
22040
25420
22388
27368
22406
22407
21537
20597
28252
22379
22744
18998
21720
18565
18997
19588
19080
23839
18329
24033
21384
18885
18929
14163
17067
14039
21666
15681
16904
20651
19768
27001
19579
19962
17600
19523
22425
18963
18815
27227
21985
22626
20481
24150
24386
29299
24403
25165
22203
23906
29714
25795
19220
19496
28253
19907
22853
26511
23875
19090
16504
18677
21267
18401
19957
22928
19197
19022
19158
21305
23576
21829
16306
18921
21571
17743
18270
24146
22073
22823
18535
19349
18516
18164
21477
18205
19471
15382
16889
16954
17253
23336
19095
21086
22099
19265
25177
18801
19921
21531
17156
22742
18875
20094
25390
19902
22775
18164
19956
25382
17577
21983
19098
18097
18745
19762
22995
16461
18014
21072
16364
17208
16871
17071
25618
22859
21854
21118
17573
19634
17553
19609
21753
18201
17572
22325
19032
17835
28379
19912
17284
23146
17621
15260
18923
18713
19595
24990
17721
22802
17877
23498
19012
20283
19334
21691
19115
20923
20898
26571
17855
17056
18306
27875
24929
19492
22034
19010
20552
19809
15641
19790
26643
21327
16595
20955
27408
22682
30202
23679
23691
21384
22375
20488
23159
25156
25200
21314
27107
22642
26184
20909
24155
25665
22127
25974
19186
25783
19363
19008
21117
18675
21369
20120
17859
18836
20015
20355
18998
23485
18329
18763
22527
22005
21296
22770
16664
21692
21190
18469
19221
20324
16597
23806
18001
21382
18330
20022
18920
20861
18986
25780
19423
15901
20024
16005
21460
22169
23674
21875
22728
20596
20310
19749
21169
19159
19890
17444
20407
18792
17998
18333
23094
22423
18915
19997
17361
20968
24153
24890
24157
21749
22559
23685
21464
21904
22240
18922
20787
18209
21131
22103
21224
18908
22107
17338
22585
19550
19191
24243
20159
20657
21731
20807
22998
19127
23377
24270
21332
17832
17296
19176
19028
18099
22626
18865
17222
20191
20570
22290
18369
17793
22695
21260
20227
22589
17337
15763
18286
20956
17723
18946
21469
19171
19181
19012
21486
22697
17891
18583
19121
22831
23105
18589
18440
16328
20593
19553
24714
19593
25913
20763
19979
18360
20895
22788
21348
21354
19755
19675
18413
20849
16448
17659
24317
19869
17748
23260
23180
16004
15290
19258
20444
19696
20029
19498
25247
19357
16445
16774
20430
15841
21828
21400
22271
24390
18176
16576
18843
22041
16535
21050
16339
21121
18874
20725
22426
18789
19592
28075
25022
23678
17723
22373
18412
18823
14915
21398
17650
18913
21568
19974
23216
18984
22498
23038
24598
14684
19171
19740
21974
22064
17768
19222
19110
20867
24480
20249
25324
18633
19474
19947
21897
22038
18139
19308
21360
20078
17837
23594
17150
22535
18839
20738
20619
17744
20577
20263
21736
20672
19891
20027
20812
21930
19601
23195
23366
25454
24505
18261
21925
23488
16520
21063
20279
23264
28899
22576
21420
18182
24337
22055
33072
25466
22655
27231
26262
24331
21345
24258
20493
28071
29026
26101
25236
24971
26462
23472
27867
28814
23725
27707
17997
24992
27319
28034
21549
24999
20000
22559
23991
24918
24358
26293
25242
21637
22762
23519
24960
22789
25154
25206
22599
26136
24568
21122
20070
24569
22929
23535
23760
24028
21251
23937
20332
18184
17467
19439
22948
19234
19686
20766
21886
20602
22892
18663
18361
21349
25319
17673
25636
24712
20962
23796
24857
23540
22304
23597
29958
22118
22916
16396
23050
19508
17538
18727
18019
18572
22834
22445
20829
21432
18232
15814
19305
16634
23347
17919
20323
22194
16056
21672
22923
19405
18285
16419
19672
19940
17088
21454
17981
23408
21239
20345
16948
16984
25017
16024
15595
22238
19520
20293
22172
18346
18959
21014
21542
21111
23847
20153
19501
26705
20357
20461
22823
19150
25987
21128
23694
22668
19262
21865
18953
20731
21508
18044
19588
19908
24780
22581
23200
20376
22446
25461
20500
19092
18318
22066
18678
21463
26212
20336
20256
23897
20395
15464
20386
22735
28921
21995
27685
22672
17232
20019
21706
21201
15335
20212
19041
18460
18232
17463
18096
20844
21235
25053
17141
20821
19565
19824
24795
17177
18617
17461
23316
20201
19822
19553
17682
17237
16710
17701
15190
19825
16258
19522
20458
17353
21795
19710
17858
18521
23114
17306
18787
19461
16345
20308
21273
17816
19353
21582
21757
20066
18642
18917
18444
19915
18087
19472
18041
18642
18299
21771
21700
22775
23180
18567
21623
22797
22884
20457
21350
19571
25278
22431
17309
21663
17701
21098
21043
21417
21933
22981
19441
19277
18480
20234
21862
15870
17892
17328
16359
19447
21338
22248
18054
20196
20392
19960
19590
21348
17772
21497
22186
22791
19209
17032
16667
16724
18818
19608
19405
17034
17009
18270
18015
16272
20554
22201
16899
19575
14017
22324
20244
19776
16805
16854
22435
20064
19561
18896
18513
20276
19906
21783
21127
24853
23701
21376
17683
26324
19027
19142
18544
20254
17960
19530
20092
16469
19733
18335
22095
19643
20100
17335
19156
15983
21733
17234
18793
18902
19481
19294
19726
19455
18413
15652
18036
16307
19644
20562
17100
22704
18228
23608
20366
22364
18082
19430
16321
16961
19997
19084
20699
18947
17401
17854
18707
21056
16238
17780
18014
18867
16989
21525
21369
19406
20527
17925
18570
15148
16012
17921
18189
19819
20518
20883
20940
22558
19125
21552
19989
15764
17877
23133
18594
16287
20650
17765
19379
17361
21171
21107
18431
17052
22158
19238
20010
19465
18340
17169
18361
20138
23826
19645
18208
17549
17782
21219
18643
17082
20931
20054
16675
17215
17993
20337
24176
19430
19036
19237
23913
18345
17138
22643
18343
19001
22982
19886
22316
20260
26015
19469
17699
24928
24997
20046
20243
23718
24478
21046
22758
19932
16946
18035
15884
21317
21617
21600
19154
16536
24990
18880
25736
17470
18382
18527
20568
22375
17168
16506
24865
18141
17822
23240
20998
19486
19151
18284
22861
15916
15106
27792
18699
18381
22183
19946
23620
20454
22099
22003
21392
25763
19523
23917
24348
19840
20599
21554
19918
25126
21317
20590
23666
28772
26166
22656
21446
25487
22996
20566
19273
17992
19209
19082
19601
24814
17487
18935
17266
17681
24496
21568
20098
16059
17766
19538
19565
19832
17903
21026
25038
21333
20017
19644
19496
20397
20041
16690
28566
19868
21109
24150
19278
19647
23609
19374
21534
22408
22616
26879
21952
20039
19239
21829
17873
20024
24439
18445
17144
22348
22510
19369
20654
21935
23702
18611
24093
23312
25892
20950
30145
17894
22291
26088
23591
19290
18667
21705
16568
19203
17793
20616
19910
24263
21233
26124
22943
23679
26635
21846
16689
23418
21046
19733
21358
25214
23181
20066
23904
23615
28651
19445
27515
22401
22452
23858
22030
25683
21210
19110
24563
22947
19220
20248
20568
22824
18097
23005
23316
19901
23315
19233
16606
17892
19024
18902
24522
16779
16191
18031
18210
21702
18743
21682
20992
20207
21510
20866
20266
21758
20410
18672
22414
23310
24556
24640
30394
25235
24302
27693
21119
22239
19368
19745
21252
21936
16641
15371
22880
17105
25516
28978
23877
19317
20102
17938
27653
23541
20861
22634
19435
23091
19227
23784
20984
21690
25383
27359
23961
23476
21237
24487
25939
25077
24345
21564
25851
24115
22532
25947
26591
23908
21554
24710
21802
25640
23311
22853
22218
27020
26529
25271
26649
22277
29026
25845
27575
27255
27148
22491
29394
21476
22736
24083
21586
21117
21133
20575
22741
26125
26531
23487
19639
23410
22745
19949
21867
23934
22842
25089
22107
26077
20378
22736
22483
29597
22321
23510
20594
23102
26687
24691
25437
29347
23500
24489
18891
22075
24240
22007
25321
25227
26024
20366
23447
19621
24290
25095
22235
23193
22049
27361
27039
22483
18493
24631
28455
21663
18460
24230
22234
27529
26151
22197
21478
25014
23554
23285
27867
27150
27684
24798
24796
24597
21965
24836
28294
21110
18234
17943
18668
21927
21441
20081
17991
17627
19068
19022
21469
18163
17152
18963
18938
19475
17961
21203
20471
18254
22787
22088
19667
20735
22567
21696
19726
23479
23850
19688
21164
21846
23836
19548
20474
23615
22664
19277
19034
19831
21727
22907
19489
20569
22028
22367
26981
22982
23561
22009
21941
21507
23170
17798
23430
24643
25175
24611
22535
24799
20534
21248
29552
18772
20148
23118
22708
23532
18957
23425
21182
21125
21145
21175
23352
21070
21431
22431
19674
22523
24892
23564
21023
22952
23349
21775
22256
23335
23468
21533
24424
25991
22976
21932
21260
25621
18431
20707
23112
26850
22098
19230
22044
17586
22358
18083
21958
20405
24827
21565
23534
21742
22759
22840
26282
24447
24585
23510
22876
15087
20844
18956
18264
24080
21695
17461
19992
21601
25255
23905
25498
25256
21378
20170
22609
18309
19987
19995
23986
17761
22661
18908
21613
19490
20222
23990
22978
21429
27376
24981
22004
20363
21759
22146
18454
20435
23675
21581
22470
17768
15727
19678
18846
20046
22394
22293
16387
17629
18664
19325
19270
19716
23690
19376
20412
21456
21293
18079
21281
17641
16167
22741
20764
21915
20609
22170
19196
26166
23150
22198
20347
23227
18276
20450
20574
21449
23268
21159
21799
18817
20619
22777
19102
19438
23278
24962
25569
22622
20576
18348
16460
21355
18470
19808
28157
24657
22061
23592
25497
25450
24901
26858
23358
22176
21911
27946
20605
31281
25732
24193
19820
20900
19637
20167
20682
20634
20692
19856
19475
20642
18321
21069
21987
17104
18051
17280
19914
21805
18155
20426
19606
21638
20380
17939
18375
21315
19666
16507
19485
23643
23583
22361
24654
23940
21440
28197
24030
18300
20531
22362
18612
25114
24614
24987
25182
23238
26267
26998
24539
24526
22407
23197
23044
26502
23636
28788
31577
23265
24051
21784
29108
23245
18814
19824
24997
17562
16613
20050
19607
22185
16772
18588
20103
18147
18815
16717
18391
21670
16935
14677
17993
16395
19475
24287
26521
21490
22351
26747
20148
21952
20092
20211
20821
23224
20917
21353
20805
24188
21815
18454
23229
19786
18776
22208
16134
23370
25141
20082
21507
20880
20768
19542
20402
22154
20898
16383
19915
17067
19059
20148
21544
24203
20447
20001
18458
18189
16003
20376
21694
22418
25310
22109
21621
20553
26303
18681
20849
18298
22538
22443
24712
24079
29379
25312
19972
23093
20897
24179
27850
24488
24989
23230
28073
23916
22506
20014
20389
20550
21717
29989
25466
22469
25651
22295
28642
24594
22868
24005
25335
21322
27672
26035
26963
27050
22332
18382
23752
22451
27238
22315
24135
26946
21596
25742
23935
22659
25172
21082
25882
22312
20340
23947
23012
22190
20236
26245
20802
24715
26079
21922
22213
20105
20692
25641
23678
22243
23089
25207
27267
25250
24007
23978
24088
22203
33950
25485
26812
24845
24191
26644
22137
28057
23704
21416
24753
26980
27822
27998
22608
20293
23034
27426
20821
18839
23344
21148
23622
26853
19980
21943
26552
20219
25820
22139
27563
26758
24285
25026
28059
22784
24015
25497
28229
25902
22636
23977
28072
25298
22347
23594
25212
24799
23727
22760
22446
20469
17736
24315
23276
21091
23222
28838
23224
20780
22580
24472
20761
22293
27858
20800
25688
24286
24325
21783
20319
23842
20955
23171
23878
23430
26606
20404
22198
21347
23527
24319
25660
21309
22928
24864
28331
26952
23324
24469
27612
23918
22636
20515
29911
22287
22908
24694
19629
22732
22628
24625
23495
30808
23934
24934
29000
22152
20683
23152
22728
30286
26396
20246
22515
23385
23523
24683
20633
27226
25665
21180
20845
24835
23946
27261
24684
26738
20426
28940
24350
21554
23854
22860
24342
25689
24598
21363
24255
25813
23214
23459
24360
22589
26283
26216
21890
20739
20972
22129
25824
26588
23574
21719
22795
20954
22172
22897
26024
23496
24138
22450
24348
18199
20036
21599
18685
19921
19441
20959
22526
21974
21756
27828
27527
22253
28523
20120
24534
23907
27167
27224
25833
24893
21191
23545
22099
26406
22072
19699
26944
19787
25125
26212
19642
21991
21499
23020
23742
23711
23800
26844
27139
22746
21111
21379
22416
22910
20320
22094
26054
22345
23445
22186
21554
28179
29783
24769
21921
19194
23261
22893
22097
20282
21834
18585
20366
23452
21010
22208
21310
18594
23320
23515
21352
21936
24235
23724
20424
23548
20090
19431
19973
22313
18049
19541
23899
25378
19804
18114
19990
26371
23848
24122
23305
23611
23666
18297
23500
23018
24423
21968
25338
22902
21924
22116
25970
25923
23136
21636
19579
24541
23614
24785
18628
18720
21286
25453
21260
22112
22201
23808
25690
23341
25639
24587
18373
20638
21518
25526
23808
23483
25487
23825
25877
23108
25938
23198
25475
27782
21600
23214
26818
28557
27686
28372
23324
24190
23877
21746
19162
23535
21550
24378
24403
21777
20211
20783
27401
25034
20941
29311
26609
22543
23510
23132
18182
21495
22474
22607
23684
24828
23798
27815
26507
23646
21076
22078
29165
23663
22253
22004
22357
23650
25123
25756
22618
30153
20250
24739
22136
23009
22512
23150
23027
21763
24707
28112
23154
24603
24198
21023
23840
20235
20977
21803
23888
18484
26880
18912
22362
20760
25311
19995
19581
20257
20583
21521
22974
23400
23961
27356
30657
22884
20072
19798
20511
20145
22223
26704
20617
22305
23031
21496
27722
23204
19381
19267
18922
24178
22765
25939
19601
23748
21972
24854
20030
24586
23822
24500
23099
28526
22055
23271
23387
22918
25531
23322
24320
23950
24262
21321
22455
25288
23147
28466
27617
25481
21730
22384
24250
22973
23094
22589
15866
23216
24635
21598
23784
19756
18952
21830
22958
21796
17937
24617
20008
19376
25850
17802
17544
20449
20150
20167
19602
21239
23776
24238
22790
24097
20335
19716
20037
22504
16004
19182
21837
19313
22052
21162
21709
22761
18623
26115
27816
25879
19485
21994
21721
22530
20333
21347
20399
24528
23996
19662
20052
23229
23835
27234
19441
24649
22341
19936
19886
23344
23482
25686
21608
22336
21519
27518
20424
24234
20812
20445
25422
18377
20004
23444
22648
20243
20891
23358
23455
25246
23566
22227
20579
20031
18930
20229
21698
22401
20409
23199
22730
22768
22722
23180
24539
23053
19245
19857
19502
22734
21399
16451
17609
23157
20173
18240
25712
18290
19522
20663
18969
22096
22297
22461
19179
19205
19448
21575
18534
20690
18406
21505
20991
19757
22212
21789
22984
20259
25131
19943
19918
23411
23212
25064
24559
23068
20429
26985
21749
23267
23724
21449
20082
21681
23480
26780
19625
23882
19631
24483
22488
25272
23817
25384
26422
21973
25420
20123
32083
23833
24120
22721
24720
19537
24199
22593
29154
19287
21349
23106
27417
19807
25134
20535
21876
18688
24015
24598
24382
25360
26337
22467
24273
24556
24299
23926
26169
24876
29130
23176
22971
30943
25082
23034
20076
22524
20184
24693
20762
20250
22115
23934
22701
23638
22394
21711
24019
21181
24115
20870
24639
20876
22553
24255
28974
25511
21142
23574
23132
21375
20061
23573
23988
24065
21424
18992
24049
23742
23100
20094
20112
22310
26229
21548
24310
25300
25130
24119
21051
23229
22685
19313
22835
23229
26542
23771
27076
22454
21447
23547
22240
21265
22817
22853
21641
22465
25189
20745
23125
20113
27122
23874
25559
26208
18907
27647
22650
25575
22285
22257
21906
22351
21565
19058
22617
21400
24347
19166
22180
25558
31644
20181
25682
24980
27187
17459
24663
20103
21349
20791
23133
19678
22272
28024
23908
20094
23003
20993
22720
22155
21917
23981
26495
23254
24082
18777
19585
21514
21234
22725
21593
19123
20011
18594
21286
25059
17955
18927
20801
20197
17515
22249
19758
18711
24403
17293
22610
25185
18679
20381
23436
20962
21537
18664
22710
18763
20937
16909
21612
16675
21566
16603
17026
20191
19831
19237
23171
20889
21031
22362
20152
21586
20995
21716
24783
21796
22704
23936
17669
21168
18179
20303
22073
20907
20841
21676
20941
21645
21492
21596
20046
22647
23373
17678
28945
24402
19049
23707
20346
25295
21816
23161
24370
21325
20527
22505
19973
21912
21361
20048
20481
23929
20358
24276
22051
21828
22466
19573
23046
20909
21968
22287
21965
22906
20313
19074
23500
22223
24219
21912
20222
14185
18435
20282
23714
22979
18679
20227
21577
16775
21194
20476
20704
19584
27850
17049
18817
22492
19964
21477
27781
20162
20881
22778
21992
20580
19716
20292
27449
24800
22766
20570
20577
23331
20064
24945
17417
23603
23783
20941
19331
23957
21133
22522
22345
20851
19226
21375
27561
21349
20283
25172
25923
20257
19713
20619
23448
21390
21580
21090
24258
20639
21853
25875
19713
20734
21528
20915
21090
20120
23194
27399
19529
28130
23258
22204
19696
19893
22369
20613
21395
16830
19188
20912
21671
20587
23107
23001
20142
21558
17960
22275
21929
21359
20200
21687
21267
19824
18795
20225
20519
20582
22666
22302
21669
20441
22216
27027
20604
21191
20235
24661
22525
25629
22305
20706
25275
24169
22210
28176
20244
24130
23316
25599
24910
24871
27166
21439
25893
19831
21539
30366
21283
21196
25612
20932
21983
21055
23825
21339
20145
25553
20341
23495
21287
22346
21365
22152
23092
22096
22243
23912
19812
22814
27805
20095
24830
20982
22038
22711
18490
22621
26261
18720
21170
20251
20320
18015
20990
19442
19311
24061
24531
24138
22925
20156
23772
28974
19969
20508
20981
21984
18706
25353
19745
21762
24050
23069
18734
20591
21291
19275
18930
19787
19099
23975
21229
20797
21832
20068
20668
18983
20608
21549
25063
23941
25438
21174
20654
18601
21328
19518
21010
21662
18431
22704
21158
26399
20007
25413
19008
24759
26955
24075
19641
24173
22420
20739
22377
18955
22378
23751
19340
21747
26826
23028
22292
22384
20762
20877
24003
29753
22461
21253
20639
20853
21907
20656
19668
20244
28569
22012
22843
27360
21615
22743
32756
20148
25356
24359
23071
28730
20723
27176
20588
26059
24456
27353
23263
24181
24016
19071
22499
26401
21044
25084
19504
22787
19969
23735
20213
21682
19010
22364
21365
21027
17566
22569
21957
19421
22419
22817
22719
24229
22911
18397
24552
22519
18723
25837
23878
21554
23051
21789
21043
25362
24009
21730
25272
22776
21711
23352
26473
23598
25309
22324
23971
23703
22081
21463
21304
23815
23512
19010
20087
19682
24231
23131
21824
20678
21396
22443
20134
23936
18731
17989
20289
20493
21089
21096
20898
18300
22167
23313
23646
21254
19673
21627
16003
18889
19553
19923
21024
17882
22271
19995
19591
22675
23554
20976
21207
20837
19774
22422
21609
19416
21137
30916
21948
21624
16353
21019
20649
21101
23679
23246
23864
22119
26822
23146
19500
18934
21121
21431
21984
18870
23311
24291
29311
22344
25038
22647
19107
19290
24103
21600
24073
18729
24268
19124
24381
30004
24020
20342
21506
22447
20916
30432
23358
25617
24165
20688
19366
25301
25167
24622
21734
28870
27300
24552
24006
22029
23562
20255
26587
23070
22728
21379
21833
21828
17946
18100
26218
19421
25281
18929
21327
20789
23190
22231
29362
24235
21808
25349
22213
23341
23309
26854
20752
20371
21170
24285
19516
20750
20577
18130
20714
20021
19636
20869
20725
21774
20285
18924
17423
23839
18406
23768
18480
20771
23647
20305
19210
17161
20962
21320
23770
24908
21988
24048
22377
23382
18239
18362
18108
21704
21881
23291
19303
22246
20585
23301
23349
21112
22420
21362
18343
25680
19304
21236
18882
22177
22019
20160
21469
22242
23101
23846
23194
20560
24946
23059
21590
24938
22172
21415
21629
22106
26861
24089
21901
29183
20763
20919
24350
20140
24783
21016
23067
23182
21056
24984
23183
25798
21657
25268
20533
25305
19746
22671
19571
26633
20580
19041
21240
24280
23401
23455
19393
22660
24004
18594
24731
21819
18645
25169
22636
19102
19179
23139
21922
21719
23023
24040
26945
18557
31114
19752
22711
23357
31171
19404
24248
25208
23157
25430
21475
18238
24129
20166
20636
21757
21693
23023
20557
23169
24537
23047
18279
23193
23824
23296
20856
19143
21125
23804
19649
23804
21960
22236
22962
19892
25800
20527
23386
22506
21276
23714
26525
20524
27692
21577
23808
22756
23363
23187
24129
26200
19817
24944
20960
18612
23747
21367
19483
21707
27208
20117
23164
24109
22393
21901
24756
21064
19888
21672
21591
19323
24289
23403
20416
18978
19167
19093
21007
24905
25096
18469
22243
20292
20958
19934
16931
22099
25999
20446
21631
27393
22195
21829
23059
21563
23339
20869
19790
22357
20604
24499
21127
21712
23329
19024
22558
17622
22348
23914
22346
20830
21508
21207
19504
19799
21981
25125
24339
24407
24085
19857
19239
21968
20582
23762
22838
31604
21939
22174
20276
24428
21336
23509
22850
20707
18021
20183
26925
20656
26010
19956
22737
20830
27293
23399
23714
26518
21661
26460
27727
20544
21758
22738
24318
28047
22846
24264
23769
24428
22947
21331
23501
19638
23821
19783
24376
24689
25004
23132
25685
22515
21981
22553
22089
21470
25507
21320
23247
25575
23583
26927
24383
20125
17369
23289
22348
16859
19856
24795
24625
21669
22928
20780
23395
24265
18411
20479
23642
20227
20093
20989
25543
24972
22089
22997
22025
22483
24257
22376
21640
22417
24104
24046
23445
23975
22130
25580
25374
21922
21660
24531
22817
20648
21806
21871
26974
19231
22933
24725
22397
20245
25332
24153
27199
24661
21946
22835
25971
22724
21777
24366
25675
24582
22246
22659
21893
21376
20311
24342
25932
23076
20202
19684
22161
23199
19784
23545
25661
22650
25081
21839
25810
23402
20098
22428
21266
25002
19988
20760
22719
20822
21740
18142
18659
18609
22019
18809
21531
20876
20390
22451
19284
28052
23121
21657
23211
24768
22528
22472
20162
26264
22698
30920
27129
25016
18372
21684
23949
21485
25380
21868
19831
27617
20642
22970
21094
21965
21252
25048
19985
22382
17261
22022
23055
23418
23108
24954
25645
22300
21504
26370
22160
24852
19230
21816
26301
24520
22468
21047
19517
22897
18747
18984
19677
20076
21263
20300
22110
19105
20497
18399
21349
18678
18230
15668
25946
19312
21492
23862
22689
18852
25076
22904
23658
23362
20920
20749
22486
19383
18324
18999
20947
23258
29563
19592
20683
19083
25088
22968
20850
17724
20783
22357
21299
19767
21934
21854
24721
25016
22786
24235
23369
20618
25352
17457
19984
18995
19261
20249
23116
23062
21748
20927
24549
20183
25684
20612
19659
21446
22088
22597
17683
22078
22592
20514
24352
22092
23847
24008
20487
21930
23269
22074
25192
24490
21145
25522
20892
22390
20285
24336
22040
20163
25060
21357
23613
24340
19271
23581
25988
22298
19933
21542
21405
24352
23337
23541
23368
19718
23085
23746
26561
20121
19919
18806
22275
21008
24829
19742
21239
21999
22590
24516
22310
20639
18794
23555
25177
24259
21121
23148
26507
24604
18970
22551
21874
20174
18832
21972
22684
18228
19477
21346
19781
21000
20163
18223
18326
19612
20076
17667
19227
20333
22914
22701
23860
20190
18754
23576
18983
18480
24027
20633
22535
21195
22218
19140
21463
21250
25220
19700
19886
23812
24045
20465
18039
21471
21785
21470
21391
20375
25861
22280
21645
20246
27879
21469
21719
25483
21237
21100
23252
19945
22373
23692
20020
19455
25186
22006
21457
20686
20706
23497
23767
22807
20938
23178
21797
26613
22880
23090
18131
22445
23559
20961
23516
21654
25778
25359
22190
24765
22600
20449
23721
21822
23031
21143
19731
23345
26440
19707
18901
21116
23174
19850
22963
19566
19724
20634
19632
20950
21448
25732
23727
21575
24113
22207
17474
22447
23444
20597
20160
19068
19916
19499
22046
23492
25296
23240
22031
25515
22879
21849
18715
26230
23593
21002
18633
19935
22076
19188
24687
22880
20975
23127
24171
24416
23721
27237
21490
21282
23568
26973
20745
21629
18024
21540
20851
23622
22074
24070
22106
19749
22656
22101
21271
18013
20737
17217
19326
20358
22831
20941
22072
21551
19466
20922
19132
17850
22312
17997
22518
17731
15961
18748
18332
17419
20307
20082
20922
20816
21107
19197
23279
22518
18643
28013
21649
21850
19807
23245
20603
24672
18387
26208
21900
21308
22862
17956
17799
18461
20113
20830
22878
16892
19559
16758
18681
17776
19959
19711
21619
19640
20827
22398
22391
20408
20814
20982
20397
24515
25876
19573
23373
24204
22700
17118
24348
20681
20907
21160
22614
21851
18436
25103
22091
19082
18433
19868
19642
14843
17099
17152
16233
17805
18714
17981
18183
17659
17580
21857
15795
15875
18003
17896
19708
20323
19001
15051
15093
18366
20761
17385
17408
20400
23394
18379
20473
16255
15604
19003
18780
17685
20382
17242
19864
21801
21339
21371
22274
19360
26452
17990
16899
20521
19207
20024
22758
22767
17413
23067
18787
21222
20680
20516
16307
18720
20778
20302
19828
17219
20821
15724
21153
15317
18548
18414
19775
17774
14596
18506
20436
16273
15706
20093
17443
18991
19959
22397
21432
18211
19335
16359
20844
14121
16809
20075
21523
19607
16264
14874
17537
19879
20417
18414
17430
19686
20313
17717
21681
19879
21506
23509
16208
16654
20484
22681
19880
22722
24484
17365
18026
18296
16440
17083
21148
17462
19907
17347
18586
14881
15447
21137
18722
21185
18867
20817
20925
18892
18627
19251
20786
17526
20379
17559
20066
20128
19370
21153
24482
22992
19564
22086
18200
20256
18841
19960
19475
20338
22409
20333
20320
20271
18357
25815
19408
19095
19168
20603
28056
18021
20145
19957
19956
22693
19280
19365
21004
24345
19551
20259
22824
18273
21726
22928
28328
18943
20914
22596
19306
18899
21852
25323
20651
22832
24172
22914
22788
19715
19659
21014
21036
22428
23023
25038
21300
20818
21520
21181
19803
21769
19238
20785
18475
24093
24554
21062
23157
23240
23898
18789
19331
19348
19960
24181
17038
24075
23582
19029
22281
22765
21743
26626
19133
20728
22163
23189
19202
20296
20650
18886
22401
19509
20352
19739
17984
18969
21510
18862
23544
20152
20917
22469
20230
27703
19123
21370
23138
19693
21239
19540
19045
20660
21962
22516
19545
17974
23024
18921
18159
19246
20285
19763
21114
25177
20520
20653
21282
22343
18783
23008
21873
22579
19809
21859
23147
23287
22452
24085
20201
20477
21844
24804
18941
20462
22845
22619
20679
19252
20773
21346
26243
22237
19267
20624
22113
19925
20994
21806
20509
23637
18438
26046
25400
24771
21260
19691
19616
21452
21291
20920
21205
21267
22418
21968
22025
27586
25991
23968
23311
20853
22409
22005
22044
19078
22529
23032
23631
23245
20497
19304
18181
27082
21642
17404
20072
19267
20122
24241
20989
18711
21453
18615
18618
24235
18525
19670
17940
21224
20912
21084
17446
19469
20135
26253
21126
18325
26837
18955
20756
18832
23687
19996
20057
20845
19229
24343
19810
22362
19427
19934
25580
20972
21984
22738
23749
22074
20944
26379
23333
22586
18945
20896
24447
21281
22027
21056
21385
23617
20586
21927
21211
20714
21002
18733
23143
20638
19131
22877
23955
25153
22925
21663
20048
21744
23307
22756
23140
20858
22531
21349
27313
22911
23495
24098
21058
23112
18302
22674
23827
22397
21922
26421
22746
20267
21380
22311
22118
20695
23728
22721
23676
21384
22945
20851
23010
21000
21590
19414
22754
21727
22110
22255
24584
19507
23646
26165
21390
21563
20905
23592
24584
21324
25481
22537
19213
23993
21902
21055
21595
24700
18087
20904
24711
20942
26029
18978
20733
17392
22689
21331
20616
21171
22101
18920
22789
20364
23791
19749
25149
19161
21122
21930
23864
23240
20937
22689
19025
22740
23263
20411
22105
20916
19686
26456
22024
19640
17371
18848
23187
21758
21060
22075
22038
22534
24082
20899
20677
23616
20241
18268
20732
22174
24532
22590
20102
19407
23722
22332
20778
21529
21773
19918
17777
19758
20049
20679
23216
19525
24610
22572
20046
21794
22195
24100
18489
22620
20050
20957
24121
23941
19968
20952
20340
21451
22565
20730
23235
24658
22996
22702
22941
23248
20735
24264
20986
21367
20192
24518
22477
22757
26027
19490
18931
19751
19111
18840
19257
23230
18536
17981
20795
23273
18497
23169
21619
22824
19952
21850
18444
21972
25813
20838
19879
21021
20712
20189
20322
21001
21309
22773
21225
23247
19700
23084
26840
22881
19380
21450
24357
19892
22276
20393
20567
17690
19284
20182
20064
18305
20881
19453
20938
21576
20341
26334
21139
24679
19445
22163
20377
24219
18381
24563
18824
24152
22545
20259
20679
20728
21135
19229
20627
22108
21339
20894
18099
24746
19645
19977
20711
15611
16898
19298
19384
18507
19415
23278
19863
17070
20540
20070
18811
17716
19839
20606
21861
21329
20721
19716
20013
19978
23190
21459
21941
18821
19247
21496
22988
17263
20198
23812
21233
20604
19441
22832
21198
20943
23508
19608
22785
21415
21862
20689
20297
17344
23771
20789
24630
19407
22672
23249
19026
21063
22176
23428
20111
20417
19691
19818
18759
18924
19408
19982
23090
20137
22114
21437
22382
23368
20004
22293
17714
17188
19006
19043
19753
16773
20698
22284
20868
21625
20251
19896
23158
19626
18378
18511
20923
20492
19613
26237
20714
25003
21284
19273
22380
20998
19455
20839
18258
20231
20946
20009
18387
21276
18004
17761
17961
19874
22712
23037
19767
20830
22721
20912
21687
20827
24102
20235
20023
26902
19384
20066
19327
20070
21707
24169
17298
23180
21258
23895
21365
22428
18145
22429
20721
20612
18857
21205
20774
21408
23050
19573
19374
22593
20211
23597
21339
24470
27256
21276
23758
22681
21396
24579
20409
19251
21279
25211
22898
20375
19638
21974
20464
22310
23678
20683
22095
20409
23299
19274
19888
21203
22097
23292
20299
18522
22316
22694
19375
18526
26112
24863
21769
21728
23556
23118
21446
19677
19753
21987
21138
17230
22184
20179
23332
17073
17180
19630
19466
16257
17636
20510
16613
20508
20569
23115
19902
20515
19408
17277
17693
23791
18924
21182
21603
19779
20243
21792
21936
18725
19896
24779
20811
22588
19445
19894
17859
20607
21358
20982
21219
20229
23010
20317
21669
16659
18023
20807
17431
28547
19673
22479
19846
18821
19485
16226
24090
19751
19928
20818
24509
19309
20793
18643
23713
21431
20680
23836
22688
21348
17309
20246
24153
19470
23742
23698
20336
21247
20740
19767
19512
20532
20934
21046
20183
17794
21104
20200
19024
23602
20719
19034
21728
21573
21376
22611
19683
20673
21131
18455
19568
18623
17089
20085
18569
15483
19948
19026
16734
17872
18254
20137
18362
19778
20702
19355
22344
18674
21751
20431
19670
19485
20413
21965
20000
20726
20149
19010
22083
18576
21122
20275
19466
21202
20129
24009
18917
22970
18872
19395
21066
20410
23617
20692
19535
20602
20216
19022
17947
20849
20505
23612
19791
22138
19936
24220
24207
17755
19016
22198
18233
18916
23217
22075
18733
21561
23338
19652
23528
21532
21359
25596
21616
19532
22598
20503
18877
21165
22396
25411
22853
21916
21284
19742
18094
22198
23991
18037
21713
20526
22348
19291
21725
21387
21459
22624
25779
19364
23318
18906
20858
18903
22309
18614
21761
18935
20457
17958
21243
19159
25883
21902
20219
19175
23826
22400
22874
21343
20031
21319
17294
20669
21236
18933
19419
24621
18312
19105
18093
20514
23558
23042
19262
19784
19974
22111
22757
18157
21293
17625
19855
23664
21460
22339
17606
21082
19704
20620
16489
17800
17920
22016
23924
18615
18232
21773
18799
21836
19340
19735
22746
21121
20838
23642
19078
21465
20438
25902
20617
22011
21083
19475
20633
21483
28168
19618
20952
21283
18343
18320
21105
19381
23865
17448
21098
20966
23273
21549
19496
20244
17676
21170
19931
21038
19668
19647
23539
24700
18712
19486
21988
23217
18956
22521
16602
19517
20752
20083
19934
18457
21544
21438
20212
18691
23940
19961
18156
20213
16912
20873
18151
23668
20819
21406
22305
18147
20079
19018
18266
19655
20635
19282
18801
19676
16748
22455
19566
23423
19349
17739
25137
19671
21878
18454
20363
19108
18804
18988
18092
15473
20158
18594
22832
22626
19516
21159
18606
19731
22320
18387
17979
20052
19632
22523
17435
20408
19708
20956
18518
22383
19994
19385
21478
21680
19881
21424
21573
17958
22014
20142
21040
19749
18864
16534
19153
19200
19426
19896
17966
18166
19609
16155
20582
21229
20854
18006
20351
21564
18654
17156
20201
19782
18921
18571
20226
23797
20258
20105
21495
20452
19970
18922
22064
19464
20339
22826
17132
19520
19565
22430
19883
22232
22412
23434
21368
20453
19744
20171
22657
19698
18854
16415
18170
18404
23872
18495
18719
16670
16650
18139
17106
16217
20261
17446
18260
17555
14358
18722
15381
17682
18802
19200
19555
18737
17459
20160
19277
19910
19383
20529
21100
20064
17499
19520
19804
16745
20406
20732
18620
20048
20703
23338
21169
20390
20566
20150
22095
20350
18242
16999
16754
21987
21131
20177
19743
20988
20178
17408
18428
17642
23013
17808
18989
18480
21419
18265
18394
18968
19765
18943
23839
18324
20994
21385
26246
20252
23697
17742
18565
19574
17430
21922
26235
19338
22735
22764
19921
19485
25090
23666
22339
19429
18299
21388
22470
25047
21005
18804
20625
21500
23468
21334
21546
19883
21504
24161
22049
16655
20849
25026
26301
21467
23833
23535
20644
21058
19072
19624
21588
24518
22050
25791
20183
22886
21631
21552
20707
20536
20170
19976
24156
18078
22533
20188
20446
21315
19308
20278
22694
23162
22063
18118
22815
21919
19115
19972
19375
19396
23060
18699
25948
25205
19824
20366
17636
23311
17948
20237
23848
24651
22658
21180
21328
21087
22828
20878
23223
20538
21492
19629
24623
20355
21573
20081
22915
20854
23418
20845
20431
19889
20275
23077
26325
20301
23476
19407
21146
21513
19693
21039
20865
21670
18996
21468
21810
20138
20406
20266
21203
18270
22193
20198
20130
22064
17874
19577
18925
18369
22567
22346
21792
19681
22182
20324
21666
24083
23372
24978
19791
20365
22950
20929
22254
21570
20861
22103
21042
18380
19301
19601
18790
17995
19058
21062
19997
20801
19997
22516
19880
22411
23259
20530
23646
23702
20989
18593
23319
24515
22245
21483
22778
20504
19999
22069
20673
25225
22269
20102
22992
23813
25296
19572
19279
20723
21995
20698
21031
23416
21647
17825
20443
20227
22181
20040
20689
19281
23658
23319
17665
22370
20792
24511
24719
19117
28424
19710
18872
19804
19152
19059
20404
19085
24383
21775
21384
19131
21497
22292
22947
21267
22872
21512
24028
21254
19346
21152
18723
22498
23758
19419
22085
19879
19719
22566
23459
20654
19227
19591
18895
22221
21430
24359
20286
21325
22031
20439
17110
19742
20812
17953
20109
18254
20836
25105
19778
19594
19917
18857
18552
21174
20735
21558
21293
22790
21101
23108
23910
22822
20060
19033
16504
21295
22887
22098
20733
22234
21764
22508
19671
19601
19678
20487
19838
18712
21637
22292
22206
20095
23155
21456
24545
20405
20120
20452
26084
19670
22614
22891
20688
24153
23806
19850
17681
18923
22554
21662
24603
21547
20576
22880
24060
21988
20714
20956
19194
22024
20684
19855
19831
26543
18875
17578
24670
17917
20324
20301
20204
21041
25467
21276
18047
19147
19320
23399
20704
17872
19377
22999
21068
20412
17737
21129
21813
19526
23665
24214
19147
20614
21896
20864
21750
23216
19572
20625
22219
23051
19695
22040
28981
21820
20836
21720
23796
22362
20265
18163
22286
21062
21939
20494
23862
18549
23060
23794
21307
19221
24121
18700
22640
19849
19477
22902
22732
24185
19809
24759
20894
22548
21210
20802
25163
20930
21690
20312
18406
18693
19069
19501
22416
21645
23707
21243
25371
21286
20046
18753
24642
22309
20121
22123
20927
20506
22079
18595
23577
19271
21786
22893
17268
21041
24772
19617
20738
19614
20531
20277
18489
17992
20021
22978
19475
17137
24066
21910
19076
22017
19975
21457
22593
23021
22428
22134
19416
18743
24251
20541
18357
24540
22138
23874
20448
26551
19985
19639
27116
20460
21584
20386
20673
19891
20615
21827
25079
22106
19067
20010
18937
20664
21455
20070
19764
22411
17657
22330
19550
19656
19566
21230
25918
19336
21370
23838
19929
21013
24822
18405
22410
22077
19807
23359
18908
20111
20623
19761
23657
17347
21396
22644
20717
19733
22063
19908
23384
20681
20127
24351
20892
22793
18889
22660
22475
20956
18335
20759
23144
23251
16988
20651
19469
17766
23310
22788
24246
23357
19819
22714
18001
22376
19063
19686
19576
18867
22239
20451
19380
22079
19486
19897
17843
21836
19167
20523
19628
22516
22055
18923
19055
21638
23210
20602
23076
20459
21060
22605
25109
18928
24533
16887
17861
22901
20568
20814
23047
19717
20743
20783
16285
19644
23101
23953
19859
20507
18722
20754
23503
18751
19885
20105
18712
18974
19340
19826
20060
20232
19642
18914
18071
19755
18677
19846
17702
22035
18487
20937
22879
18407
19259
18644
19978
20519
19704
15353
19415
18548
20204
22673
23093
21500
21242
20327
18396
23014
16761
22808
19221
21626
17732
24433
16503
20849
20095
21390
21043
17156
20274
18084
20855
19494
17904
23611
20936
20092
19717
19059
22265
20386
23174
18616
21300
25246
20394
21770
21220
18161
21951
23455
20301
22681
20925
21618
20213
19776
19630
24330
17944
21683
19032
20394
22743
23148
19534
20392
22795
19659
23111
19373
17897
20194
18815
18253
19668
20573
21536
17481
21247
20330
20669
21872
21252
19426
19154
19935
20859
18792
21130
22974
18181
23197
20281
23885
19408
23672
22368
21446
18476
23969
18691
20637
19765
21132
18371
18733
21530
22224
22926
18954
23385
22405
24865
22194
20595
22502
20783
17462
21084
20551
20264
18150
17397
20783
20870
18837
18493
20730
19577
21082
22732
20077
22308
19699
21533
16570
19188
19252
20399
19062
20068
20166
20497
20230
18834
22907
20228
19165
20537
21292
19366
23335
21469
21210
20816
20337
16751
22424
22699
18799
19314
20238
20039
20663
19571
21672
19220
23781
18338
17439
17226
22372
16977
18445
19638
20860
18942
18409
19753
16676
19765
20711
21340
19213
18226
21688
19660
20553
21032
21816
18115
22228
18424
18437
19948
19795
20431
21761
19664
18197
20100
21414
17712
22491
21438
20919
20383
17889
24245
19950
18494
22810
23030
20758
19999
26189
19344
22101
17434
20132
18310
17118
19617
21766
20673
18809
20538
16749
22844
20600
19921
21282
23470
19603
18885
23075
19153
20709
23890
19586
15920
21751
21689
22336
21996
19331
18321
24069
21719
22502
19469
20268
26324
20985
22486
20339
19393
26363
21492
21299
18240
20635
18485
18762
17480
22126
19488
20687
19895
22248
22515
17747
19304
20964
18808
19315
18506
19844
24919
21304
17727
21350
18645
20761
19835
20769
18521
19310
18151
17269
21840
20425
19977
20990
18021
19091
19449
22554
22919
24348
24368
19868
21216
20771
21008
19768
18507
21996
21189
18476
22365
23224
24946
24796
20707
23355
21088
23881
23948
18585
21135
19477
17564
18239
24176
22129
17571
21892
17131
22973
20700
19696
20586
18730
18290
19186
23278
20866
19199
21898
19925
26350
21595
21413
20994
20155
22254
20341
20907
20365
22246
21756
20782
21288
18939
18845
19672
24087
17279
19489
20562
21282
17084
21587
25337
22358
17676
20955
18649
23607
20893
17120
19419
19760
21149
19741
21068
18204
19697
20402
23785
21990
23249
21733
18414
22390
19545
19849
16939
22232
20805
19417
22736
23376
20243
20957
20139
25764
15475
18069
20331
18649
20285
21378
18671
21158
20031
20748
19962
21258
21214
21114
18178
18536
20502
20219
18687
22413
21051
23962
20225
23244
21199
20691
20125
19731
16761
19741
19918
21861
22210
22027
18964
20811
20872
26792
21608
19230
19661
23211
23895
22637
17582
18233
18683
20383
24205
21062
19820
18500
18277
22615
19844
21277
19890
19971
19813
20123
17979
20360
21919
20870
19614
21617
20252
21832
23679
21582
20721
22518
19252
22626
19347
20934
25029
22343
19517
21037
21400
21037
19818
20423
21591
21817
17999
20635
20337
19815
21834
19908
21071
21394
20254
17232
19805
17045
19021
21051
20075
21530
20906
19967
24494
22162
18999
19328
21512
20204
20278
19006
19234
19223
19374
22346
18716
19545
19027
21864
22477
19142
19957
19025
17236
21450
18608
21055
20527
20374
21810
19335
20907
23354
21311
21772
21695
17817
18809
20770
19601
18671
21217
19865
23359
20018
23839
20315
22254
21614
19182
19942
19433
19865
19826
20815
25608
21482
19548
19924
22453
20891
22157
23982
21110
18566
21523
20904
21126
20317
21595
17185
24165
17375
22107
17192
22360
18990
23550
20133
22377
17422
19288
17751
19288
18200
19864
21950
18683
20290
18776
20190
21520
18645
20206
19797
20125
20936
17149
20380
22023
20698
19023
19238
20423
21718
21712
17679
22593
22336
19704
19255
21220
20035
19726
20284
21458
18036
19208
18546
20325
20039
19357
21808
19827
18618
19428
19778
17430
19733
21121
22657
20051
21852
22115
16788
20683
19629
19093
19788
20017
23063
21501
20488
17625
21981
18447
18566
19363
18322
19272
19168
20715
17815
18770
20398
22237
19601
21152
20085
18635
18893
17884
22753
22860
18961
17659
21736
19856
20360
18078
19803
21332
17554
21834
21680
19537
19376
20913
23038
20355
18906
18398
22728
20342
19441
20331
20309
18987
18468
20009
22428
21550
19061
17795
21519
20161
20145
19035
19837
18263
24053
16235
18237
19273
18264
20379
20255
21581
20610
19112
20038
17296
19830
18110
24523
19806
17664
24721
21120
19785
19431
20613
20851
21317
19328
27603
17259
22860
20485
19807
20247
20559
17909
20317
22097
20711
20397
20513
18575
22362
18975
20768
19738
18391
20642
30342
19434
18979
19924
19247
24705
20668
20396
19146
16279
20821
19615
19100
19645
22759
19698
18916
21287
22838
24520
24236
20248
19374
18383
20599
18248
18738
20388
18544
19374
18689
17329
23450
23093
20612
18370
17035
22622
17876
21007
23713
19264
17223
20501
18745
19123
18269
23377
21152
19399
19681
20517
17847
18868
17612
20544
20994
21070
21349
18553
22813
18739
25328
21804
20166
24231
17424
21801
19997
19268
21721
20425
17849
17542
19544
22329
18687
23618
19539
22894
19283
21966
24836
22603
17811
22627
19364
19410
19553
19187
20807
21041
21441
23055
19933
25392
19571
18204
18504
23109
18402
20415
19553
20476
21830
17109
19895
18874
19903
19715
18339
21258
16484
23123
24118
20106
21313
19141
18084
22113
21216
21767
22023
20845
19570
18918
19452
23538
21694
21852
22465
16683
21554
26472
18222
20687
20969
22338
17467
22275
19386
22614
21025
19484
20480
23352
19757
20192
18307
22059
17665
19732
19700
22364
22539
20140
22179
18764
20385
20213
20667
24570
18683
20404
22944
16715
22059
18524
19608
18237
19613
18232
20086
21593
18467
22112
20971
19421
20887
18746
19432
22226
23341
22109
18700
17937
21955
20690
20614
23611
21167
21581
20332
20913
21539
16861
19665
20396
19924
19591
21299
18662
18855
21368
22932
17833
18551
20590
22099
18303
21306
19769
19262
21042
18478
19567
18427
23083
17787
19907
23464
21658
19852
20937
23224
20583
18032
18159
19779
20288
20288
18564
20924
20438
18535
20651
25464
18919
21549
23013
21312
20058
19569
18341
18761
19350
21354
20540
20863
20187
22103
19927
17707
22449
20443
21461
19222
20051
17742
19751
20173
23042
19790
19689
18611
20071
17886
19000
18920
18918
19423
20021
20496
19371
21568
17977
19829
22983
19882
17959
22018
21586
18266
19907
19860
20822
20651
20196
17840
21874
20199
19673
20956
19085
19806
18593
19564
17284
20510
19317
23677
22521
20387
19993
24139
22634
19183
19943
22078
24004
20068
19367
21960
20604
20410
20835
18519
18193
21161
17914
22539
16970
19449
21175
21359
19639
20733
23121
19740
19574
19956
16244
22745
16569
17610
19863
18692
19247
19298
18395
20004
22013
21234
20258
20291
19439
20035
20520
19385
19695
21001
21300
17977
21618
19117
20378
16857
20422
20233
20198
17701
20027
20220
18947
19786
24447
21013
24010
21505
18388
19092
17598
20622
19319
20874
18723
21747
22039
21731
17563
21626
20419
18062
22003
23274
19773
21282
18433
20641
19156
18496
20551
20683
20644
19473
19263
20079
18909
18158
20381
16439
19682
21635
19028
20835
18502
21204
20961
22810
20766
18323
19032
18665
18795
18307
17210
18434
22814
20298
20622
20798
17787
23267
21814
17938
19460
17444
20232
18718
17732
18069
17640
22085
18958
22029
19317
19580
18469
22843
20246
22767
20291
20661
21972
22474
21906
21166
18950
21251
19513
18638
19339
18557
21997
19119
24834
18783
20015
17260
19154
21574
18883
22935
16978
21838
18310
21701
21418
21000
19669
21278
21264
18874
19302
21520
18112
20269
20036
17226
18869
20473
20630
21682
17754
18818
17972
17691
20347
22577
20383
19745
24041
20112
20939
20299
15894
19459
17816
18850
24171
19118
19394
19049
19115
17978
19802
19916
23756
22272
22481
21029
20134
20548
20725
18309
19691
16750
19651
20943
19174
20907
19416
23510
21940
19791
20073
21361
23086
17701
19348
18250
20329
21970
21176
18641
20100
20465
17632
20127
20574
20174
17579
19086
21658
17517
17066
15924
21692
19940
18292
18661
17663
19758
17594
21267
19597
20133
18520
17739
16663
19446
19739
19649
22664
22314
19737
20569
19153
17516
18094
21753
21153
20613
20618
17689
17800
20525
19259
20340
17577
21699
24129
18132
19914
22083
20816
23010
20419
23584
19882
19363
19905
21994
20660
20176
19993
18855
19929
22794
22080
18110
21785
22366
21058
20942
20731
19319
23081
20201
17914
18143
22400
18139
21779
21578
20883
18958
18196
18376
17717
19203
17918
18919
22562
18470
19421
21930
19658
21715
20491
19622
19668
17721
20563
19961
20534
21018
18411
20285
17820
20553
21783
19893
17019
17919
21150
22600
19100
17251
16963
20939
18953
19127
19478
22783
19822
16230
18504
23597
19055
19972
20983
18319
20076
23066
21253
19496
19063
20317
19991
18094
17415
19324
17959
22898
17190
17464
20037
18658
16926
19698
18503
16563
19457
18529
19358
23191
19431
19537
17911
18816
23176
21987
20532
18374
17933
18929
19684
21962
17965
18281
22862
20967
18872
19324
20119
22215
18262
17077
20639
21546
19088
22080
23060
18824
17516
22586
19218
19563
22328
17857
20082
20154
20155
20517
17576
18522
20651
19995
22806
21880
18922
21010
15965
19737
19797
23336
16320
21288
17652
19186
19726
21494
18970
20036
21509
22011
20868
22360
20738
17048
22521
20774
18669
19906
18139
16827
18945
19565
21781
19599
18143
21039
20428
22133
20414
20146
19139
20913
20626
21953
19093
16817
20084
19556
18699
18357
21007
19150
18566
20050
20171
19057
17768
21443
19172
19822
21745
20135
21432
21804
18063
19241
19067
18803
18301
22358
17909
21401
18195
18872
23607
20905
21476
20977
17487
19322
19457
19776
18262
21408
18595
17959
19814
19982
18770
17627
22295
18242
19044
19051
20258
20553
21120
19090
19704
19819
19650
20974
18464
19669
20358
19289
18454
20093
18387
20784
18721
20928
19043
21638
19992
17915
19925
18962
20673
18213
18343
19539
19352
20441
18821
19755
20575
20950
17257
17771
20373
18600
16937
21462
17934
19505
19089
17020
20353
19947
21450
20371
19031
20320
18263
22404
18771
18738
16775
21248
21585
19338
17676
17799
19108
20385
19245
18943
18754
19256
18382
19730
17963
17050
16506
23073
21536
16405
19432
15804
17937
16869
20682
19160
20683
20931
20414
17912
21508
18320
17307
18840
21497
19394
19159
21209
17354
20756
20159
19848
19655
17897
19473
19950
19382
19832
19344
18738
20871
17239
18644
17421
20251
20814
19474
17805
20215
19939
18997
17923
19194
20487
19317
19495
20682
21539
16845
19183
19468
17366
19178
18065
18381
19079
22869
16678
19707
18955
18201
20971
19104
20793
20915
20281
18997
17035
17514
19619
18885
20798
18254
18519
16822
20058
20830
18601
20298
19446
21082
17879
20405
23151
22986
19442
17431
20133
20046
23593
21729
19896
21639
17790
19129
19725
18526
18716
18425
19073
22603
19046
17951
17573
16695
20241
18977
21350
21122
21127
22255
20060
18331
19421
18776
21410
20965
20483
18743
21331
19891
18463
18695
22286
24501
19892
21935
19004
20169
21373
22824
20474
21606
18955
19180
20607
22276
19142
17958
19701
19217
17673
22505
17447
20913
21330
18100
18543
17927
17205
16934
20584
22742
21430
21445
19108
20853
22996
18966
21708
19548
19955
18685
19997
19899
19432
17209
19279
22898
20487
16892
18952
20450
22183
22781
19794
21929
17635
18711
20178
17117
16919
22423
21162
19092
23394
20349
20552
17708
18837
20859
19156
19954
20168
22098
17416
19861
18319
18377
19903
18928
20136
21911
19672
21508
20822
20532
21017
20023
19950
19382
22208
17295
18913
20121
19866
25724
20706
18821
19985
19296
20176
18923
19789
21966
22419
19774
18836
19137
19923
20828
22216
17668
18252
20679
20408
21219
21101
20310
21367
21929
17478
18838
20158
23179
19405
22557
22388
17412
21638
19879
21453
21610
21636
21014
18488
20610
19377
21129
20101
20837
17232
21904
22075
17424
17920
20551
19287
21678
18657
21897
20459
17036
22154
18299
19843
17716
19919
17956
20843
19510
20945
17912
18412
23284
17802
18635
22059
21374
18377
21529
19149
19215
19889
19343
18253
20101
21823
18042
21249
21660
20979
17809
20558
20586
18560
20383
18825
18279
17497
20236
22504
19817
19811
20963
20331
19603
19105
18046
23016
19125
18389
17053
20535
19703
20368
20037
21902
22033
19722
18242
20344
20818
24623
19969
20596
23614
17938
17546
18642
19752
19515
19396
20638
17473
19517
21965
23320
22213
20071
20298
19477
21599
20791
18843
20693
21734
22496
21623
18890
19074
22764
19785
20717
22533
22907
18799
20343
19620
21675
23586
19514
19282
22000
19921
20014
20440
20748
21125
20210
18757
18195
19470
25732
20860
18540
21004
23323
19114
19502
19900
24009
19885
21047
22076
23498
20524
19230
18148
19962
19514
19647
22730
19450
19389
20776
18253
22041
20719
19996
20130
20913
21164
20794
20131
17896
21455
18605
20148
22752
20019
18493
18468
20260
18241
15939
17552
18010
20867
22385
20718
20743
19518
19329
18872
22741
21852
23183
21295
19011
19464
17692
18382
23037
18103
18267
23529
16761
18306
20045
21427
19113
20402
20018
21714
18055
19485
21305
18492
19585
18335
21176
21597
21884
19216
22022
19678
18220
21280
20293
20988
17983
17755
19090
22738
19889
18349
21709
22061
19884
20311
18072
17316
18354
19052
19735
22123
19279
17847
20814
17961
20390
18294
17561
17485
19781
20743
19060
19676
23423
19035
20273
19310
21239
19988
22342
18440
19053
20343
20752
18727
18630
18938
18851
20351
20158
18488
21969
18966
21334
22131
18131
17943
18099
19971
18533
17914
18180
19460
17957
20892
18156
20293
19028
18104
19666
21640
18252
18745
17366
19597
20046
18333
22665
19290
18679
21068
18811
16778
21754
21304
18512
19673
19601
22731
22871
18165
23126
16548
20939
17601
19160
17480
21344
18664
18619
20502
16477
17717
19847
22647
19547
20303
18216
19546
20241
18150
20173
20531
20114
17774
16844
19641
18463
19522
24259
20196
18975
18912
19627
17226
19975
17833
19625
18905
19475
18609
18588
18621
21102
20057
18730
20874
21893
19454
17035
20660
19645
17994
21454
19244
20621
19623
18428
19420
19131
22485
23369
21088
21249
22444
18918
19442
22479
22916
21748
19902
19041
20323
18194
17420
18936
20366
19673
19810
22678
21523
18769
19862
23849
18369
19020
21173
20824
20844
23454
19568
21316
27000
18952
20554
21016
17163
20416
19414
19956
19018
23858
19372
19590
19445
19783
21445
19624
20381
17279
21079
20617
18437
18384
19654
18300
18769
19047
20515
16796
19773
18899
20379
16848
21140
20745
20683
22892
23041
20787
20750
21479
20561
20897
18520
18074
19643
18361
19678
18243
18910
19819
19046
16908
18411
22595
18519
17592
19298
20819
20526
18683
20268
19255
20404
18068
21073
21565
20883
19254
18224
20464
22129
20070
19855
20401
23132
19204
22533
20955
19057
17992
21132
20692
18925
20992
19269
21055
17909
20488
21683
18114
18066
18106
19461
20139
19060
18028
20814
18849
21210
18805
22895
17166
20012
17978
20757
19283
20806
19798
20536
20102
19994
23642
20660
21203
20775
18024
22464
18271
19707
20548
18403
21994
21346
17362
20151
17454
18434
19864
19100
18849
20650
20086
20584
19362
22209
22787
16389
17914
18679
19959
18625
21507
21536
19390
22330
20117
17830
21058
22106
18341
22845
19160
19832
22284
25058
21995
20361
23141
20312
20208
20497
20650
21926
20322
19996
20374
19549
22784
19511
21045
18988
19154
19861
19222
18826
23393
21863
21614
19818
19064
