-152813.6311688312
-188768.9166666667
-179301.3555555554
-108296.01363636363
-174118.5221500722
-260919.7880952382
-151091.05555555553
-176517.54935064935
-171723.7535714285
-193496.28968253965
-110142.06666666667
-162565.06666666688
-163147.65238095235
-258451.49761904767
-298200.782142857
-216362.30000000002
-168977.23730158724
-183825.5583333333
-149081.98809523802
-185635.25091575095
-195639.52500000002
-193710.01190476192
-129110.83030303028
-277298.4
-152576.16929459426
-154584.88333333336
-171490.12521367526
-288862.2690476191
-234915.2166666667
-258576.02727272725
-166026.1785714286
-276496.2012820513
-117578.84999999999
-199185.42857142855
-223814.9396825398
-179211.8651098901
-174338.3119047619
-263429.1111111111
-269504.2833333333
-224102.34047619053
-103971.88333333333
-218659.32524420024
-166112.47449494948
-309358.10714285716
-192547.34444444443
-120367.75555555556
-236843.87142857147
-181985.73333333334
-193203.02499999997
-183911.87499999997
-119479.89112554112
-238276.60476190472
-120676.20555555556
-177041.47857142857
-172320.02857142867
-164184.7888888888
-226905.79166666674
-238853.1277777778
-226569.08571428576
-272357.3772727273
-164411.7083333333
-182172.82692307694
-221412.4083333335
-181498.12499999994
-275256.35535714286
-127258.30476190477
-232488.4349372849
-156759.358974359
-126102.35714285717
-145785.35952380957
-283344.68333333335
-138027.16666666663
-225819.26428571434
-233749.29285714275
-236397.40238095232
-167971.19978354976
-223626.45416666663
-129742.35833333338
-175938.99880952382
-128094.50238095238
-210064.11666666658
-120970.90476190473
-152206.9055555556
-133668.09999999998
-151545.12229437224
-131313.91794871795
-179760.83333333334
-138683.80000000002
-161692.1333333333
-171993.72777777773
-117366.52637362636
-251957.42063492062
-181173.20144110284
-114241.08333333333
-196819.64047619046
-139283.93928571427
-189371.53888888884
-170944.9119047619
-168787.9218487395
-165170.1164529914
-237272.15992063473
-253167.7666666666
-99937.72301587302
-212342.2380952381
-171461.60779220777
-149968.6624999999
-154618.55555555547
-182949.5297619048
-131183.87373737377
-140683.1666666667
-83885.70000000001
-193165.55842490843
-272444.77499999997
-166142.95277777777
-167273.70238095228
-156241.30357142855
-147275.59880952386
-158730.8742424243
-164968.5488095238
-212860.41666666666
-122600.83333333334
-187383.444047619
-178701.00000000006
-206358.08333333337
-156706.30714285714
-152828.62857142865
-162903.47380952386
-191796.68015873007
-152868.80952380947
-176045.43333333332
-249852.03030303036
-166891.81190476197
-197647.99444444446
-139991.38717948718
-241238.730952381
-153147.33333333334
-151921.83333333337
-236325.11071428572
-178550.86111111115
-119716.89025974023
-235484.7931096681
-202005.4696969696
-207013.94761904763
-223278.33095238102
-230066.880952381
-243767.89999999997
-161925.7708333334
-174342.85555555558
-129653.0697802198
-205995.99166666673
-153646.81645299145
-137262.81666666662
-183384.16904761904
-193422.91904761916
-160920.0944444444
-186108.55811688316
-171966.11093073586
-199975.81666666668
-125825.69761904761
-174031.73333333334
-136314.61363636353
-149846.94761904769
-171177.38333333336
-179597.08333333334
-93704.12857142858
-189102.09841269825
-237105.64230769232
-151977.70277777777
-149736.7054487179
-312185.29404761904
-173282.49523809526
-126664.3
-184723.73015873015
-152788.84523809524
-170933.81172161186
-171325.11666666664
-198988.4380952381
-131966.1166666667
-149932.2642857143
-174494.29087301585
-172090.68849206352
-160462.51464646458
-227145.11666666667
-135193.38333333336
-129320.22142857141
-224387.17424242423
-169005.9833333333
-167064.26410256416
-140312.60952380946
-181032.30952380947
-138561.3111111111
-199371.64444444454
-204417.27919799497
-163854.85833333328
-96998.83095238099
-154891.9833333333
-152080.25000000003
-228637.42142857137
-186329.77030812323
-200874.7732683983
-181900.84371980673
-217070.2023809524
-230044.23076923058
-250570.37738095236
-236787.9285714286
-120936.21858974356
-171645.16269841275
-189471.55050505072
-178045.1555555555
-143092.45427350426
-129674.56818181823
-201620.4809523809
-199319.89999999997
-113070.40000000002
-110557.44696969696
-159082.90984848485
-204434.775
-203140.2119047619
-108473.2682539683
-168814.6619047619
-207921.38095238098
-265547.6785714286
-241127.2416666666
-219374.32063492053
-162679.69194139194
-247117.98859649134
-200803.80833333317
-197651.3500000001
-187220.14642857146
-194236.42499999993
-161691.0178571429
-156323.02186147188
-159232.04523809525
-173966.15000000002
-175192.27579365077
-155680.97619047615
-152647.91190476198
-214351.29914529924
-181634.88333333327
-159075.89761904764
-104642.55000000006
-121025.86428571424
-118568.76515151512
-130527.27222222224
-205044.4714285714
-148540.0138888889
-198510.24067460315
-176757.06964285724
-145521.10209790207
-226571.60833333334
-207122.7873737374
-252076.6746031746
-161836.89047619046
-246200.28095238097
-229502.69999999998
-230247.79920634924
-202613.9404761903
-336991.6984848485
-212838.89047619057
-137233.294047619
-255349.0714285714
-272571.11580086575
-203518.26666666663
-199739.69166666665
-232581.21190476193
-205533.03134920634
-239318.27380952382
-233649.84722222216
-163250.21666666656
-243184.3738095238
-207035.71428571432
-290891.27619047597
-200936.3214285714
-136918.0506715506
-132485.20555555559
-143184.4611111111
-206116.6119047619
-231977.02601010102
-186011.37298534802
-178593.11666666652
-89737.58187134503
-144122.37817460316
-127819.42777777779
-219608.05833333326
-196441.38809523807
-154916.35952380954
-140015.94285714286
-177195.98333333334
-146399.30833333344
-154726.00833333333
-171247.03636363623
-138949.9098039216
-127126.87838345859
-157310.7909090909
-144303.68076923076
-98218.33333333336
-153982.20699855697
-192136.9833333333
-123208.5857142857
-193151.71666666665
-157936.26666666672
-161017.1127705628
-156537.4
-161630.9279220779
-204026.56666666665
-236367.55476190473
-190318.5547570852
-216657.68333333332
-121709.63928571428
-220229.34523809527
-119740.17777777779
-161772.21190476193
-202399.725
-144573.81666666668
-190756.43725490192
-180910.99047619052
-169541.32142857142
-127656.83015873017
-166673.96666666667
-219216.82380952378
-262896.29999999993
-142347.4850427351
-141045.20833333334
-143307.03484848497
-136097.93679653676
-232802.14415204662
-203721.9658730159
-192581.56904761904
-172004.44999999998
-154221.65238095235
-147931.73690476193
-151211.10064935067
-117340.79047619046
-81448.82500000004
-162783.7333333333
-177403.91428571436
-164697.9722222222
-121823.41666666667
-119499.66666666669
-143071.04523809522
-106204.28333333334
-164845.66666666663
-128503.63333333335
-101146.79285714285
-160514.24166666667
-166113.95674603176
-177962.2796536798
-134826.66086691085
-174453.8589743589
-273082.7777777777
-142660.12261904762
-144811.96785714285
-196873.57857142857
-121050.8666666667
-201725.96944444443
-195127.32489177494
-210251.5376811594
-131706.60119047633
-230937.66388888884
-221358.2277777777
-219042.49999999994
-262498.6666666665
-240480.74404761908
-267092.09074074076
-249680.41428571427
-250480.42142857143
-226072.80238095243
-173294.0
-228991.79444444447
-230078.19512987012
-225738.74285714282
-184124.0738095238
-179969.57738095243
-165932.575
-170634.04761904755
-143452.1
-151006.5198412699
-166621.00238095238
-150656.67619047617
-177877.22499999998
-109294.62460317458
-172084.25614035083
-243932.54880952384
-238728.2533613445
-238308.27142857134
-230428.60000000003
-208524.74761904762
-279470.3190476191
-239356.40476190473
-223889.4634920635
-195496.90476190476
-124463.56111111106
-173408.2261904762
-199545.68571428568
-276718.56666666665
-239711.78636363638
-226277.59047619053
-252462.49999999994
-281063.57929292927
-252693.74702380956
-172947.69047619047
-217030.34166666667
-201981.38095238095
-168580.49999999994
-210524.7454545455
-211018.21794871808
-237883.4976190476
-260160.95039682536
-230344.7
-217853.1071428571
-218375.76666666663
-238601.79285714286
-141056.2666666667
-143614.91666666666
-129370.51634199137
-153400.25595238095
-126359.21666666669
-137218.446969697
-168198.65757575742
-183962.35917154743
-257398.66746031758
-216098.93787878793
-269985.3500000001
-325607.29166666657
-274133.37142857135
-196104.65952380942
-250857.98593073594
-221221.30714285705
-209567.75
-279751.73809523805
-244457.35357142863
-182869.1460784314
-302757.1166666667
-265413.53076923086
-348244.88333333336
-205574.94202741698
-210631.825
-184238.38286713284
-227553.04294871795
-244027.33333333343
-254017.52072649566
-190788.22683982697
-209063.3214285715
-203129.51666666663
-220875.09325396817
-187182.18333333335
-188055.85000000003
-260068.09920634935
-212412.38928571425
-278849.1380952381
-170030.72777777782
-285628.59285714297
-285443.07056277053
-174978.6482683983
-221379.67142857148
-250361.0380952381
-285905.59444444446
-252633.43333333326
-261305.60714285713
-216679.51507936508
-332468.23571428575
-217023.48214285716
-265829.6785714286
-263928.60714285716
-211918.0
-311071.97301587305
-304681.9452380952
-264176.9090909091
-332779.51904761896
-238947.25000000015
-267617.64999999997
-239474.44558823496
-230130.04761904763
-196610.03333333335
-222416.8452380953
-250455.06666666668
-230834.82948717923
-263348.25238095236
-217638.39868421052
-224028.3222222223
-227800.38968253962
-213664.54523809534
-244648.16666666672
-244576.36515151517
-180454.59047619044
-197649.8359649125
-228647.76666666666
-297683.54696969694
-238113.43571428576
-236133.8333333333
-242265.4952380951
-272584.33333333326
-197168.07121212123
-225393.71883116887
-226279.79166666666
-196223.4926406927
-213427.44841269846
-230971.31666666674
-281323.14819624834
-244725.6958041958
-252246.97499999998
-171957.7380952381
-190431.7357142857
-196566.31460206467
-227381.68333333332
-165617.4666666667
-163249.3608187134
-197251.9095238096
-207806.88333333333
-262177.37222222215
-270577.1666666666
-161399.95934065932
-227905.74166666667
-219023.35876623372
-128132.93888888891
-158986.12103174606
-180545.67418300643
-131119.0888888889
-191088.21428571426
-158191.16666666666
-163246.26904761902
-176333.6944444445
-189266.3384920635
-174584.3224747475
-182579.18578643573
-175995.16904761904
-237887.29444444465
-173363.76017316015
-75650.96449275361
-147600.53333333333
-146219.9071428571
-179368.09880952377
-193302.32777777777
-167289.6098484848
-185619.49999999994
-152409.82499999998
-177336.58333333334
-242760.98571428563
-170980.28333333333
-203721.93333333332
-183455.80952380956
-166852.45
-139603.21666666662
-150315.68333333338
-192062.17023809528
-236828.1103174603
-191590.830952381
-185430.56622807015
-206869.75
-194286.31349206343
-186385.59920634917
-243921.09166666667
-198442.84999999995
-222946.2643939394
-229869.82976190475
-186638.43333333335
-189078.49999999997
-234410.96666666665
-254994.7761904762
-198823.2214285714
-201477.42380952387
-246366.5166666666
-227386.10476190486
-294259.33333333343
-282657.48333333334
-249323.85000000003
-202883.9
-242249.09999999998
-159246.71666666656
-198533.35555555558
-179517.69761904757
-161370.03333333338
-197839.86269841273
-190928.68571428568
-217140.49126984124
-225587.0833333333
-235859.98809523814
-190947.73333333334
-268727.5166666666
-188823.5916666667
-196286.242063492
-269124.0
-200519.37698412687
-194612.81666666668
-264695.85952380946
-172586.37222222224
-245937.36666666684
-207087.1416666667
-183260.44285714303
-171918.95833333334
-216053.48095238092
-107351.60952380951
-56328.81666666667
-83492.47619047621
-115205.55952380951
-211934.08571428576
-209995.85555555543
-115057.1095238095
-221846.27619047608
-181129.86190476193
-203200.3389992361
-299086.94481074484
-171798.12738095236
-275213.0226190476
-275107.430952381
-251299.96904761897
-238227.04999999996
-205017.32272727272
-175882.91071428568
-233172.8357142857
-245925.29166666666
-198994.71666666665
-241945.36666666667
-224285.34444444446
-209753.8365384615
-198767.93304473304
-199848.1
-172531.8511904762
-203400.67121212123
-263924.49999999994
-177738.22813852815
-189063.11666666664
-187737.00555555557
-277639.91767399263
-134854.50050904974
-237400.2083333333
-226496.40476190473
-247173.61904761908
-156641.6166666667
-230076.63293650796
-212208.77380952376
-188760.6150793651
-180496.0
-186976.50555555546
-109724.53888888893
-272772.6952380952
-167198.13333333324
-171771.13939393943
-213880.66666666663
-238960.5997835498
-153815.1512820513
-209240.948739496
-189117.24999999985
-188585.74166666679
-275893.28333333315
-252063.86428571428
-181548.3749999998
-194792.34696969698
-254860.9107142856
-233927.19444444447
-243352.03181818183
-215338.20959595963
-231982.69166666665
-240970.38333333336
-163368.6558080808
-198155.73333333337
-230624.06666666648
-199494.06709956736
-178264.69999999998
-242879.6428571429
-146303.3797619048
-213469.39999999994
-177013.45606060605
-202080.62499999994
-223419.48018207282
-216526.25000000003
-184734.33974358966
-237935.46666666673
-212912.90714285715
-165898.8666666667
-178448.58214285714
-245715.17222222238
-160918.55454545427
-223884.20833333334
-168276.1666666667
-177668.23611111107
-163224.76666666663
-199331.20000000004
-153676.1761904761
-241394.15
-193974.91111111108
-198490.65873015876
-181547.93235294113
-189990.27380952382
-218001.15833333327
-170826.08333333334
-241228.76666666666
-225405.33333333334
-170015.04166666654
-218660.93333333335
-246531.54285714286
-211686.91666666674
-212700.7333333333
-222737.6928571429
-328917.3444444442
-196627.36666666664
-178845.4642857142
-231472.90808080806
-201664.130952381
-162358.46588411584
-164304.94166666668
-166631.34404761906
-195623.8265567765
-219998.7023809523
-178716.97619047613
-186259.9691919192
-198850.67460317462
-191889.2261904761
-174839.55
-189695.39404761908
-156301.7722222222
-261651.66904761898
-166952.5166666666
-225974.66666666666
-179997.80833333335
-183414.34675324673
-225866.0
-242806.75000000012
-173030.2181818183
-140071.31190476188
-202833.49875124882
-202775.22499999998
-167536.52460317468
-254603.1095238094
-174265.4047619048
-235341.99761904762
-189079.57539682536
-151443.05079365082
-194104.29761904763
-236867.54558823528
-209373.86904761905
-191114.5000000001
-166266.48134920633
-146857.78787878784
-166951.00952380954
-209108.99999999997
-183810.21666666667
-176540.0815018315
-218564.53809523815
-228231.58333333326
-239280.7666666667
-170189.4333333334
-165407.88333333336
-187398.42222222214
-226430.1719298246
-214672.15000000008
-163530.3412698412
-203356.39797979806
-177530.56984126978
-150878.7521645022
-191367.65714285706
-231394.27402597398
-193620.66060606058
-192756.91666666674
-230018.71666666667
-207857.80595238094
-258333.08333333334
-239476.0
-176644.83333333337
-162846.45
-155458.10476190463
-144079.98076923075
-197096.6738095238
-169910.28333333333
-228816.74444444446
-201727.63333333333
-194226.62054473304
-189906.33571428564
-211321.97619047618
-187524.0547619048
-131266.2880952381
-162066.86309523802
-230171.4761904762
-222737.86060606048
-208975.38452380928
-186809.48333333334
-186998.55714285717
-244648.39285714287
-201658.84404761903
-152423.48787878786
-80874.54047619048
-202886.45000000004
-246583.2916666667
-164846.7375
-244915.175
-190117.6047619048
-214068.49999999988
-188206.00701754386
-234087.02777777775
-156780.74898989894
-250084.66666666674
-172564.79523809513
-176774.51666666663
-239339.66991341978
-277696.72976190475
-190597.82334054832
-187008.0083333334
-209585.4285714286
-264563.22619047615
-218043.38834498829
-168083.14597069597
-185026.5285714286
-202222.79696969705
-198571.9166666666
-193764.0214285714
-235109.60476190477
-187547.0833333333
-214629.60833333325
-185101.74999999988
-279261.40873015876
-226671.63311688314
-184793.68571428573
-160427.61212121206
-228152.2727272727
-154334.99999999997
-178026.4757575757
-203319.62499999997
-180989.3666666667
-142255.6172161172
-221133.82207792214
-216388.4666666667
-270795.7857142856
-213297.5833333333
-167930.18333333335
-193644.85608182673
-223930.01666666687
-233071.31228771224
-190802.20000000007
-189827.0317460317
-190611.49999999994
-188990.80324675312
-181652.27196969697
-209041.33333333334
-200233.05000000005
-180750.37777777773
-227469.0948051948
-185643.69848484852
-232056.50000000003
-211631.45238095237
-191911.84123376614
-183974.7976190476
-179199.30357142855
-176595.8581196581
-160681.22738095233
-182926.33583959902
-217684.55454545454
-185556.44395604398
-193584.97222222228
-155038.7055555555
-152593.0
-208231.62179487175
-269266.82020202023
-208649.3333333333
-248461.2833333333
-184600.25357142853
-222130.9515151515
-235989.378030303
-205882.58928571435
-209070.75
-163938.28769841263
-207047.07499999998
-191324.04420289857
-114416.53333333334
-198331.57500000004
-200730.61904761905
-237484.4285714286
-185963.24761904756
-172991.98749999996
-163503.38333333336
-191276.21904761903
-254821.8744588744
-155644.66666666674
-187902.2045454546
-175086.03974358962
-194463.43333333335
-177866.26666666675
-205622.02222222224
-204687.05555555556
-204545.16666666663
-180192.3
-222735.79523809525
-201621.66666666666
-221160.87698412698
-133982.12424242424
-213294.6202380953
-162414.78333333333
-186056.11746031744
-197927.88888888885
-180372.35000000003
-170159.9499999999
-189680.72380952386
-230042.29523809528
-205381.1333333333
-203612.20238095248
-255307.90952380953
-153200.02142857146
-163367.34999999998
-169892.76753246746
-217418.98412698417
-208254.15476190473
-123053.89365079363
-177876.28690476186
-247159.6666666667
-236192.48484848483
-193646.7798701298
-168863.7333333333
-176124.90000000002
-191729.7666666666
-186671.44761904763
-126657.16666666666
-162736.51666666666
-208386.13333333333
-169299.9797619048
-219329.93333333335
-192049.6222222221
-134343.025
-170511.05000000005
-211587.06410256407
-160130.9686507936
-172176.66666666674
-187271.99999999997
-232541.2936507937
-145233.19999999998
-172313.8893939394
-131527.78095238094
-160569.8
-149059.99444444443
-218428.9296536797
-158520.25151515158
-183535.9999999999
-149421.39350649356
-142403.8142857143
-161307.92543859643
-155674.94999999998
-143008.0119047619
-176538.43333333335
-153602.94999999998
-175085.9861111111
-190874.4333333334
-179376.7416666666
-182285.1200662083
-168021.56666666662
-132638.575
-137638.02777777778
-157768.65000000002
-163893.95202020204
-129782.28906926406
-152333.1904761905
-130902.13636363637
-140568.9785714286
-201936.79285714286
-127270.33333333334
-190625.25000000006
-176909.99999999997
-140467.0833333333
-178207.6333333334
-176864.7576923078
-193528.60000000003
-174070.05000000002
-185367.8166666667
-165793.59999999998
-146096.681372549
-163784.1869047619
-153622.88333333333
-168168.46410256412
-151838.3833333333
-135892.75
-175220.5833333333
-163069.5833333333
-158290.37499999994
-180747.77348484847
-191292.4
-177719.98333333342
-158107.36111111112
-158175.3792717086
-190227.66666666666
-157537.5095238095
-178001.22885154063
-168675.16666666672
-163444.5
-152379.10606060605
-166182.41904761907
-168228.16666666657
-126100.45000000004
-180507.94047619047
-158723.25303030302
-132373.56969696976
-129424.0476190476
-210016.10432900442
-158862.9166666667
-227271.87514619887
-192766.7333333334
-171772.5833333334
-194547.57020202023
-190785.8277777778
-156166.48787878797
-168366.56666666665
-158663.1547619048
-166333.52023809525
-159586.919047619
