27724
26853
26762
25360
20936
25096
25510
25980
25767
24435
23028
26788
24780
22769
24138
21776
27289
27448
25386
24513
25229
19684
24767
25810
22799
22446
22624
27792
24288
23977
26026
26073
21310
23178
25100
28392
28659
27106
20490
22377
21560
26821
26548
25632
18363
22642
26742
30032
24757
28326
24714
23158
26183
25934
24284
23812
26809
30571
26106
25996
30746
23364
22533
23673
22831
21929
21882
24376
24155
30587
20630
28117
26238
27480
26046
25663
26283
26403
22634
24987
21857
32790
25340
26648
26395
26468
26980
26772
25928
26183
25596
26605
24019
27656
24466
27247
28837
24319
21742
24485
20278
27250
22237
28110
33067
26360
30642
26239
24420
27172
24743
25115
21652
23041
27909
32732
27453
25290
27605
25378
25776
27680
27446
27414
28661
24342
29480
29375
24276
23974
29483
27519
28085
25296
27562
24396
27452
22719
30685
23496
21271
24557
21700
27287
25076
24244
30285
24811
27927
25426
25129
27084
26563
30117
25291
23247
28462
23456
23296
21567
20965
24906
19212
21843
22529
22420
22393
26274
23860
22965
23174
24673
23969
18890
19580
25767
25314
24414
22956
20756
23233
20234
19355
24775
26265
27757
20928
21487
19979
22149
19925
20261
17734
20281
31190
22757
27119
19462
18575
22580
22997
26637
25016
28809
25348
26559
24164
27321
23741
25357
25306
26600
28327
22635
22774
25577
22046
31104
28610
25635
27067
25207
22232
22478
23233
24848
24398
23259
24182
18901
26915
23482
23217
20385
25078
24303
34097
27182
24075
23210
23549
24624
27246
25791
21628
25496
19029
21277
21766
26342
22839
23579
27294
24851
29328
25543
26074
26322
26952
27962
25367
25399
28515
21601
21191
24764
23099
26674
24055
28065
25719
28216
23019
30374
24486
28633
29761
22792
26579
21810
25861
27120
26285
22132
27207
26808
26548
25527
30224
31230
24917
20696
20626
24821
21260
23898
24043
22325
32095
32919
26360
24091
19086
24939
21423
24238
26113
25809
24423
28839
27771
31528
28728
24507
25809
26785
26368
28132
28584
25757
26196
29395
29209
27140
25984
25980
29528
26232
24731
23466
28438
26928
25792
26232
27860
22809
22746
25377
30033
31691
30372
30913
28952
24269
28487
28284
27074
25177
29938
27731
29195
34426
28054
27620
30716
28509
26559
26032
28399
31112
32251
26744
27839
26737
26322
24689
34845
24720
34815
26943
26144
30976
27271
27482
26257
34685
28161
27571
27703
27603
27587
32446
33176
28001
34160
29392
28286
26463
32232
23884
24518
30826
25923
28602
26740
32258
27689
28715
31427
28955
29900
27302
31074
30417
26866
26989
26278
29580
24496
26396
26673
30925
28476
29189
32630
34035
26762
29024
31095
27967
33326
36321
29691
27809
32455
29196
30246
29987
28990
33506
34328
30205
33954
25423
29628
33772
27049
24644
29555
27003
29361
28930
26275
30798
26578
28744
27313
27956
30819
28614
26763
32811
27719
32494
27155
30410
29907
29350
28525
32643
28156
27918
29684
31423
25484
29279
25860
26235
31443
25870
25753
27809
27704
28718
26555
27927
27378
28602
30143
27217
26763
31468
28485
23301
28394
31801
27892
28760
30946
26159
28573
28390
28254
26098
29956
22806
26979
25724
29462
30660
26870
25959
35581
29789
29576
27740
33123
25762
26108
32153
25977
26587
28346
29977
28691
27729
28490
23994
25637
33711
26945
28441
27184
26325
29636
21630
29225
30247
27400
26259
24883
27941
31690
28712
31764
26795
27969
22692
31995
27071
28594
25870
27768
28378
27114
26686
29999
28492
29607
32859
29581
28527
26280
25767
25368
27603
28624
23378
33394
30591
29147
28587
30071
33206
27736
24966
29604
25811
29911
27605
28514
28517
29382
31132
32258
28869
28698
24761
28139
31613
26207
27653
31085
28914
32417
30101
30735
28515
30664
27142
26752
31944
28091
24991
26579
28907
33810
29026
24762
31215
23127
25855
24249
22884
29638
24083
28366
30331
29590
27738
28961
29842
25065
27476
32556
26752
25021
28603
30136
28918
26891
30190
22080
25811
28131
25106
29385
26908
24762
27175
29804
28335
31074
27933
27741
31418
26900
28112
23891
25311
25182
27123
21364
28450
23485
28029
33133
26806
23867
24766
26506
29419
28800
24639
30161
23535
27807
27698
27673
25093
25264
27441
26156
27502
28363
27645
24619
26032
24824
28204
26728
22921
22569
22466
24104
28665
23517
24036
26227
30421
30268
25635
27500
23698
29910
27324
25881
25439
26909
26835
34483
26769
26868
28158
23383
31525
25574
26180
21865
25702
28597
29222
27415
27973
24901
29340
27503
25723
23352
30948
30539
25949
29311
25784
30354
28356
27516
29932
24981
24189
27790
22192
27644
26228
28972
27214
29097
23499
24800
25658
28688
24176
22318
29457
26219
23985
24756
26893
27681
26236
24848
24321
30589
28635
27056
24119
25540
23406
28648
27257
26269
25488
25171
26051
29767
27712
29748
23967
21017
31607
25003
25790
26771
25403
30871
26567
29866
25837
26830
25708
26541
27567
24243
25283
25553
23484
26531
23338
25101
26437
23490
28056
26341
28316
22915
27061
25431
24375
24767
25897
28604
25679
30097
27712
27361
22941
25598
27097
24487
29104
25340
25694
24356
27651
28168
26903
29432
28222
28274
29586
25389
28292
26696
26892
26537
25028
24765
26487
22532
24743
24758
25934
27222
27276
26297
26135
27707
25534
26320
27713
23971
25021
25684
24399
26843
26989
24883
26315
24504
27650
28187
28390
27602
27159
25293
24026
24964
26750
25979
22102
24676
28611
25418
26252
27767
24991
25025
27839
26910
27164
29782
29628
25437
25694
26519
25774
24582
27778
23837
26636
23135
28065
23996
31269
26354
26199
28229
25655
23544
25884
23819
28350
26178
27613
22674
25509
24323
24284
26570
24242
27354
26943
26114
25939
23091
26671
25249
25797
28933
24379
24600
27317
26580
22992
27402
23937
23852
25083
22967
25069
25321
24776
25024
27709
23078
24620
29006
26677
25651
24596
26274
26386
25223
26109
28332
23924
23831
26711
22177
23078
30378
26448
25656
25575
23192
25235
26447
24028
27610
24754
25673
24459
27680
22954
26307
25695
28437
24240
29757
26035
22612
26364
29201
25633
23180
25940
25832
23155
21943
27115
24644
23404
25930
28140
22772
26601
26257
24794
22516
25080
26128
24507
27489
24202
24538
22607
25988
26520
25846
24888
28122
28051
26429
23702
29436
26709
25167
23981
24373
26547
23441
28278
28159
26591
27604
28200
23743
23598
28131
27019
