-210979.6500000001
-164286.73055555552
-202986.5738095238
-233275.6083333333
-221496.25952380948
-200193.79664502165
-205109.15952380956
-225918.74166666667
-165682.55000000002
-182820.29285714283
-188549.11636141638
-141347.3047619047
-158410.18333333332
-223306.8333333333
-146734.81388888886
-177378.31666666662
-257588.86071428575
-127102.03598901097
-189607.2475108226
-146227.06666666677
-122984.20476190477
-215533.1
-191255.13333333333
-129532.13214285712
-228713.08095238087
-182851.4547619046
-203181.08095238096
-203366.20858585858
-151722.54413919416
-243251.64733044736
-118698.03333333333
-158221.5431096681
-150768.40714285715
-197422.5465811966
-123055.80952380956
-180073.28055555545
-172295.03502506265
-135604.39958592132
-209040.5261904762
-141404.49076479077
-217007.8142857143
-135347.6107142857
-257682.98333333334
-257584.3071428572
-123147.56666666671
-169866.7087301587
-186372.27380952385
-143974.4166666667
-205061.0436507936
-165927.1055555555
-120326.43452380951
-217630.41421568618
-207761.04523809525
-117623.03809523805
-264705.78405483405
-137151.92348484855
-204074.131024531
-191242.557142857
-204856.75555555557
-196104.79761904757
-227325.11428571428
-173759.5833333333
-195136.74999999997
-219993.9738095238
-156429.0147342995
-220743.7388888889
-175518.72619047618
-127134.73333333335
-251542.53333333327
-171940.73333333334
-127419.40000000005
-118903.80915750911
-136093.65714285715
-200019.219047619
-212277.82142857145
-206702.78571428568
-200873.71547619047
-207394.25714285724
-237170.24189723315
-228151.54047619045
-194281.8452380952
-183498.48809523805
-281903.0416666667
-151668.2566017316
-194759.69090909086
-175258.47575757577
-243380.51666666666
-205507.8833333333
-182232.4650793651
-253594.01904761905
-177444.16666666663
-151143.46666666673
-149853.89166666663
-172363.88333333327
-186302.83809523817
-182726.78214285715
-190148.94615384616
-161464.09999999998
-229701.9190476191
-145482.58593073595
-231237.4166666667
-238183.30555555553
-172575.22797619045
-272624.2596153846
-219704.18391053387
-274183.44761904766
-186869.51260504205
-310410.8833333333
-238291.53793195105
-151785.49999999997
-154105.27499999997
-153329.56926406926
-129243.81825396833
-179970.45992063492
-213931.02142857134
-223208.1023809524
-262772.55833333323
-203427.63571428566
-162225.45833333337
-159385.9166666667
-152382.4729691877
-190455.07738095248
-165097.24166666664
-136188.94999999998
-160850.21666666665
-130936.15742424247
-230077.41111111123
-190627.3645021645
-197322.29007936508
-176565.08611111104
-194208.58333333334
-215115.14285714287
-204128.87619047618
-158544.72619047615
-101651.61309523798
-331633.6801587302
-173105.69999999998
-191226.09761904756
-283201.14999999985
-208373.5388888889
-207895.2079365079
-224733.361976912
-113347.40378510377
-144510.78412698413
-141516.70238095243
-158463.20000000007
-242711.60277777773
-121031.3393939394
-234941.7500000001
-164009.67857142846
-156788.03333333333
-206028.92936507936
-103948.16666666666
-230911.23333333334
-161937.30833333335
-219687.50436507948
-137701.27738095235
-253801.48333333334
-230145.98214285716
-299287.3416666667
-281489.70315934066
-272843.84047619044
-362355.33690476144
-248822.28993506485
-273798.6056998557
-156982.63968253974
-232943.94166666668
-135785.3952380952
-166834.17142857146
-201561.40826118318
-110235.55346320344
-109424.34393939392
-159419.23333333334
-170516.15238095235
-183911.0315789472
-219948.01785714287
-193041.73484848483
-149417.71666666662
-272602.55
-261619.1729437229
-259877.6666666667
-297954.6722222223
-198866.2166666667
-211698.69372294378
-246097.21428571435
-263744.4954545455
-273384.15833333327
-284415.61666666676
-227451.42738095234
-241542.4357142857
-307603.61666666676
-349593.9976190475
-208927.2412698413
-269295.1242424242
-221298.09523809527
-233891.50833333336
-158278.53690476192
-250797.26071428577
-222924.05833333335
-208494.24523809526
-266150.5861111112
-97963.62179487181
-179710.41547619048
-117724.46190476183
-157227.9753968254
-170046.89444444445
-242113.22785547783
-197379.8254990107
-199128.08333333328
-237891.3492063492
-195720.3285714286
-259312.5654761904
-211128.34285714285
-242370.77289377284
-274582.2053030303
-251656.7142857142
-237570.35892857154
-330017.1985653236
-224316.38888888888
-209766.7242424242
-227958.4821428572
-200109.27857142856
-274846.7374891775
-203195.42619047622
-199881.82142857145
-209985.66666666666
-245365.30108225098
-196019.35714285713
-207465.34383753507
-187693.21428571432
-224244.63333333333
-246898.74999999997
-196594.09523809532
-82440.39747474746
-185175.1964285714
-195645.5333333333
-228318.23030303037
-180750.39047619049
-163193.51666666663
-163778.97023809535
-185955.72222222225
-213702.0611111111
-249202.69999999992
-247511.0416666667
-225892.49191919187
-174373.86349206348
-189391.35634920635
-204687.10873015874
-170750.24404761905
-242059.6833333333
-194658.35420168066
-187290.57467532466
-168770.89999999997
-272719.03185045946
-195665.5738095238
-294116.88333333336
-256506.64880952382
-234321.66746031746
-256177.7583333333
-217090.48809523814
-282974.08095238084
-218228.4642857142
-199613.37222222224
-320046.3677655678
-155580.688768116
-218742.4807692307
-207247.3388888889
-285319.6111111111
-236350.97023809524
-216810.20119047633
-289803.31904761906
-206990.63333333333
-256989.6071428572
-183091.2166666667
-235089.11190476193
-208467.47399267403
-260494.84761904748
-177289.03333333335
-237333.25555555557
-216892.91190476198
-214174.119047619
-291932.3904761904
-218676.69047619047
-207199.27499999997
-118287.75
-150273.6166666666
-203855.6873015873
-201458.35
-242561.2142857143
-205818.71666666665
-215338.99999999997
-227144.88416305912
-225750.36904761923
-221264.61825396825
-186328.24761904762
-198080.43015873016
-220017.57261904763
-219423.7484126984
-176431.64166666675
-195298.97619047618
-190652.71212121213
-234994.50595238095
-189025.72196969696
-173715.1833333334
-189233.1124999999
-170109.3583638584
-250289.19999999998
-244243.15595238094
-206328.09523809527
-227079.303030303
-210737.0285714286
-198822.7128787879
-160613.17510822517
-134201.87619047618
-238699.05238095223
-109801.28333333338
-178699.36515151514
-200355.89444444454
-288254.1825757576
-197596.21666666667
-234928.75952380954
-207843.28113553114
-216684.61190476193
-169989.08333333328
-188516.4083333333
-144973.23452380951
-193458.46794871797
-187932.14047619054
-187019.4357142857
-148887.27121212118
-150674.78253968252
-266713.19285714295
-197438.34642857144
-210736.95000000007
-166738.20000000004
-174171.55940170938
-198437.6250000001
-199838.61111111115
-112250.01904761905
-229298.075
-265245.73888888897
-190612.58333333337
-232177.73809523808
-228981.09583333324
-166017.80555555545
-204028.58333333337
-205744.6119047618
-201888.2880952381
-193481.7976190476
-225448.15
-259724.50714285715
-241333.34166666662
-224418.5428571429
-236329.1
-256509.2428571428
-284685.8571428571
-249183.04999999993
-170791.2547619048
-296093.93571428576
-290836.17222222214
-300069.9428571429
-228340.51666666663
-261950.92857142867
-205701.88333333333
-183494.75000000003
-253479.38095238098
-252569.43333333338
-195651.12777777782
-210537.6259157509
-209804.29999999996
-260514.50952380954
-309156.6458333334
-259322.725
-199630.875
-171345.26666666663
-346280.4250000001
-176944.5
-282929.23571428575
-292015.8333333334
-273052.0833333334
-246575.07222222225
-289310.4333333333
-228980.65000000008
-204389.83809523826
-293429.5952380953
-209720.97777777776
-289026.32738095237
-199377.70238095237
-248050.23333333334
-308626.46190476196
-227844.8845238094
-178672.4833333332
-198277.00714285718
-294189.04841269844
-248514.72619047618
-308166.21666666673
-255934.94880952372
-223574.83650793644
-260608.19047619062
-279922.6288961037
-203407.83585858587
-198352.9047619048
-243660.68333333332
-162756.930952381
-251880.4158730159
-205537.5642857143
-222991.8380952381
-211193.788888889
-248421.0087301587
-219147.62023809523
-230649.3666666667
-232088.75000000003
-256793.7976190476
-253556.77539682534
-303708.15000000026
-240974.6214285714
-253441.37142857144
-169752.953030303
-256671.33571428564
-276659.95
-235814.09999999998
-319660.8698412698
-242347.18690476185
-243487.53333333333
-221324.4333333335
-257955.93253968257
-262905.2662337663
-308115.65833333327
-143423.94047619053
-194722.53095238094
-203139.51666666672
-239842.4722222222
-196505.9904761905
-205842.0
-207272.26666666666
-242020.9952380953
-188554.82500000007
-198981.11666666676
-225750.72619047624
-236901.214957265
-278152.86666666664
-201518.4436507937
-235058.73082706766
-246216.70649350653
-171501.33510101005
-321443.8845238099
-297388.94090909086
-169495.85714285707
-258395.0545454544
-224283.87499999997
-289080.8972222222
-207775.63095238095
-196953.29523809516
-226158.80952380956
-274408.4166666665
-218377.34047619064
-234272.75952380942
-304011.1383699634
-226229.9809523809
-225833.29999999993
-220784.3492063492
-215672.8333333333
-265511.3071428571
-122877.00753968254
-216776.99848484847
-274400.5055555555
-197588.54761904766
-286315.11666666664
-267009.809090909
-232409.9555555556
-209045.03095238106
-284307.66666666674
-200308.3076923077
-309774.1666666667
-243251.15476190465
-266374.04285714286
-267304.2833333333
-201681.4690476191
-243760.04999999993
-258255.26785714278
-189387.68333333347
-244211.24999999988
-191900.44073324333
-215556.78095238103
-223388.3333333333
-260677.20238095237
-210620.66923076918
-216368.16428571433
-268754.68333333347
-215667.91666666663
-195576.75357142856
-310126.38247863244
-197457.8119047619
-197275.66666666663
-171828.33333333337
-165361.6345556405
-279990.8888888888
-165741.94047619042
-249523.66944444433
-196971.1952380952
-219524.1285714285
-231557.9166666667
-247570.144047619
-184762.97261904765
-335122.15000000014
-240843.9921497586
-343299.1916666668
-259455.2333333333
-282210.63333333324
-192908.48781218787
-185495.65
-194818.08333333337
-270478.9222222224
-166580.37564102563
-221826.58333333337
-250070.81666666656
-209784.03333333335
-201224.65384615384
-265709.9166666666
-206992.53571428574
-229801.2714285714
-204375.6333333333
-197452.9863636363
-191750.85367965366
-225365.0555555556
-274639.1499999999
-305157.7142857143
-229200.0023809524
-189835.52817460313
-271958.05714285723
-228795.9416666667
-186095.82619047622
-248896.96190476225
-215096.0
-278194.5119047619
-227285.17380952387
-227437.24761904767
-189723.7075757576
-263252.66666666674
-290916.85238095233
-222948.17301587315
-263151.7119408368
-206019.5174603173
-303810.3523809523
-260516.9166666666
-228560.94444444447
-228025.26666666666
-225149.3595238094
-136360.83333333343
-192565.61666666638
-172195.6666666667
-217429.38701298696
-191297.53333333344
-195313.74242424237
-231675.4386554622
-251729.36904761902
-227389.56666666665
-198729.19978354985
-150637.07619047616
-151586.21904761915
-189324.57142857148
-187877.46666666667
-175517.17619047622
-176057.61666666676
-238121.0404761905
-244381.07976190475
-263134.305952381
-201439.51666666678
-159079.40952380953
-212753.40119047614
-219281.0901002507
-296960.5833333334
-158368.94047619044
-264938.16604010033
-239675.54166666666
-227166.95303030303
-273890.3928571429
-202664.48715728716
-222687.54166666674
-208905.04761904755
-210183.90277777775
-190709.42222222217
-173265.0333333333
-221801.00793650784
-185016.7619047619
-252485.1809523809
-221242.44444444447
-147009.93333333335
-154928.0035714286
-229759.24999999988
-206977.538095238
-227037.375
-233502.3166666667
-192703.07380952375
-214934.03333333335
-223449.76111111118
-170042.16325757574
-194589.34523809524
-248649.33452380946
-219560.47408963589
-250383.84852941186
-184804.08015873018
-252749.0772727274
-195700.9166666667
-338684.52164502157
-209546.91666666672
-239645.44285714283
-241791.57261904769
-261500.81666666683
-283003.6185897436
-219710.91904761907
-213744.76904761902
-170747.06666666662
-201775.66428571436
-260244.75000000006
-171920.22435897437
-198129.99444444457
-233497.11581196584
-192580.37499999983
-178338.89761904764
-207149.06904761904
-235656.5833333334
-191239.7142857143
-211545.93333333326
-179580.62402597404
-172607.5000000001
-204267.22738095236
-214384.9416666666
-186421.05800865788
-212880.90238095235
-227883.59761904768
-256274.60714285722
-223214.4833333334
-328620.09999999986
-195569.14166666663
-256091.98333333325
-227510.75476190477
-149211.6094322345
-197031.7532467531
-229264.0416666666
-212306.21666666662
-251356.20833333328
-226317.625
-208361.23333333322
-239732.9702380953
-248300.3626984127
-170842.882353297
-216375.51865079376
-201110.111904762
-184277.89220779212
-185277.2857142857
-218067.51666666658
-275851.57499999995
-215503.21666666667
-205921.46666666644
-314474.6666666668
-190040.64743589747
-186238.0791666666
-197272.83333333334
-231407.81862745096
-273336.64285714284
-239984.11111111107
-233519.82619047625
-220015.88333333336
-179735.61222943722
-190892.96666666665
-216643.81666666665
-227922.68333333332
-149004.59166666667
-249941.65833333344
-192261.47976190477
-189455.62142857144
-192225.5
-217771.9833333333
-261943.16969696977
-174322.52142857166
-211548.3797619047
-172722.19166666665
-194875.1378787879
-221637.55
-209343.54761904763
-215683.98333333322
-168480.9142857143
-213018.41666666663
-226785.5488095238
-198178.63333333333
-217564.64285714287
-225317.65735930737
-238049.28571428565
-233811.3283882784
-196390.25000000012
-153638.04999999996
-175309.99642857138
-213006.48809523814
-172560.29761904766
-212759.94166666677
-221509.10317460317
-244184.38333333333
-195243.53095238112
-318160.8274891776
-222861.65714285715
-152678.89285714284
-219530.14999999994
-156528.3055555556
-261818.61666666664
-214832.11666666664
-198911.26904761905
-203841.42499999996
-172158.0
-182572.31666666662
-199624.09583333335
-202682.08571428567
-210866.97435897434
-165946.3
-220000.42857142855
-221589.7424242424
-209610.78787878793
-206016.95512820515
-309602.6987012986
-176277.71388888883
-227901.80833333335
-119679.92499999997
-210529.14166666663
-212852.7
-196231.31666666668
-202112.0619047619
-178527.10714285707
-244147.56666666665
-150255.20952380955
-183763.13113553126
-239792.94332399633
-247036.26666666684
-226292.1611111111
-206786.06488095227
-213740.96031746038
-210003.777056277
-206403.9733333334
-157997.84998335002
-196260.55714285723
-191404.28333333335
-229707.71666666656
-232331.81249999997
-255794.01666666678
-229745.55595238096
-184147.77380952382
-190556.89999999997
-195419.99935064933
-137435.69623015873
-152148.15000000002
-238548.18722943732
-199694.92142857137
-192439.27619047623
-211160.87500000006
-196310.74999999997
-222206.2619047619
-175273.59999999998
-167610.49880952382
-186663.96677489186
-278829.09523809515
-214581.73571428563
-183864.86269841273
-219968.42142857128
-138524.36666666664
-189471.87499999997
-166128.33333333334
-203286.0
-123386.00833333335
-198575.6261904763
-226954.89444444445
-162059.7416666667
-249592.50238095236
-205677.9095655806
-171267.81666666665
-205181.19920634935
-175603.1764069264
-228499.94404761904
-215872.32857142863
-253727.61428571425
-217061.23095238104
-232148.0678571429
-179695.59166666667
-200837.0833333333
-243678.40000000005
-152066.6166666667
-182039.86190476205
-141686.91666666666
-194806.25238095236
-233942.075
-209838.68333333332
-197529.81666666665
-167479.08333333337
-186334.91666666663
-209098.36666666664
-173121.37380952376
-158679.35000000003
-183999.0630952381
-202534.1507936508
-209356.98333333334
-203100.16666666666
-196697.95
-199828.86250000008
-175081.76666666666
-254363.05325814534
-166930.36717171723
-230399.13253968256
-220522.13409090915
-171640.3083333333
-179902.4416666667
-172183.20833333334
-173566.6809523809
-189042.28888888887
-154082.53333333335
-196689.76547619057
-179745.1666666667
-239807.51547619049
-188825.16810966804
-170677.0166666667
-155446.03333333335
-129587.37564102563
-159892.74999999994
-179186.2
-161339.22619047615
-177190.51969696968
-196524.14285714284
-198573.9636363636
-189648.7063492064
-161263.28333333333
-149683.26666666666
-221097.6357142858
-184105.72710622713
-209698.63333333327
-139382.86666666667
-181853.41666666654
-276509.6378787879
-183947.9424603175
-192644.78333333338
-159503.21484593843
-165430.21190476185
-196809.75000000003
-234742.81190476206
-174403.9310822511
-151107.5717948718
-211385.68333333338
-209792.1
-178023.80952380953
-192716.0686507937
-154714.39646464653
-193511.12164502166
-186912.51190476198
-200912.6858974359
-154861.2965367965
-141877.1797619048
-160059.69761904763
-199602.57222222222
-223095.2333333333
-130435.09285714285
-181846.9404761905
-178852.35000000006
-247693.69682539674
-167354.09206349181
-163134.9452380952
-185447.7833333333
-217340.33333333334
-157623.72380952383
-172998.70833333334
-184618.5226190476
-198552.2357142857
-174114.6267316017
-219638.29285714283
-221152.9762237763
-245785.92222222223
-136502.36507936506
-226807.31269841272
-191692.2333333333
-157375.46626984133
-137810.5
-191383.0222222222
-175487.20000000004
-149568.89956709958
-226047.28690476192
-189995.08333333337
-213770.11623376622
-152094.5416666667
-204033.79999999996
-168548.25000000003
-157721.0848484849
-193048.05476190482
-181574.26785714287
-154798.31666666665
-174424.3833333333
-188357.28928571424
-142359.9444444444
-210060.12857142856
-169838.33333333334
-170931.74090909085
-146939.7583333333
-165192.89206349204
-201146.00952380954
-169609.76452991462
-155459.469047619
-175035.5944444444
-125760.94696969698
-149244.06666666665
-192000.99999999994
-203205.97186147174
-125849.47619047621
-174416.83174603176
-221368.94444444444
-150680.75000000003
-181371.3500000001
-184840.1777777778
-214695.7388655462
-190691.0
-209060.1623376623
-162285.10000000006
-164184.27380952376
-127326.05555555553
-151479.85000000003
-188533.88333333336
-132066.52222222224
-198323.00714285715
-141305.45940170935
-199670.16666666666
-223893.90000000014
-218688.50000000006
-133734.04761904763
-156922.35000000003
-144603.31666666668
-222521.75000000006
-165403.80119047614
-203799.98412698408
-208796.16666666663
-235590.15833333333
-153433.23333333334
-175009.03333333327
-137477.79523809522
-193999.28333333333
-172114.27500000005
-190304.2964285714
-260298.2166666666
-180062.5
-248778.66666666645
-165959.28333333338
-211945.92499999996
-199320.55151515157
-157940.95
-216349.08333333334
-188292.53916361416
-210420.53888888887
-162134.325
-194013.50378787878
-230277.39999999997
-252947.66666666663
-211015.6476190476
-132502.96212121216
-142804.04166666666
-170571.875
-182425.94444444438
-210130.19642857142
-230784.2238095239
-128064.04090909091
-192506.06666666665
-132175.5166666667
-160566.62222222218
-113252.51666666662
-156075.02857142856
-171128.77727272725
-121534.23333333334
-150536.56666666668
-142473.23333333334
-165829.47619047613
-163706.9515873016
-169963.89047619046
-139283.08333333328
-140199.50000000003
-163688.77777777778
-132447.75833333333
-129098.67777777779
-146194.6555555556
-156536.86547619046
-151511.02142857143
-151671.25000000003
-160490.13333333333
-124984.53333333333
-152514.52777777775
-153540.27857142861
-207169.4666666667
-178975.7023809523
-144004.73333333337
-171083.64920634916
-214595.17142857128
-171398.29285714283
-142872.84166666662
-118158.4738095238
-129276.59243697478
-169316.4583333333
-196673.62373737368
-110608.4083333333
-154062.91666666663
-152672.86904761902
