3321.4378662109375
3554.6478576660156
3295.971435546875
3308.5623931884766
3103.3692169189453
3611.9803009033203
3146.537551879883
3178.194137573242
3166.3255615234375
3130.1868591308594
2469.3187255859375
2317.5472259521484
2088.654914855957
2183.4493713378906
2312.345474243164
2445.8235473632812
2402.6372451782227
2073.245849609375
2030.412857055664
2245.973419189453
1982.6230545043945
2066.3856201171875
1849.1695709228516
1989.523422241211
1945.8274688720703
1929.1955108642578
2082.558059692383
2012.804428100586
1928.8872528076172
2122.5909271240234
1984.1101913452148
2020.991355895996
2495.181640625
2093.3194885253906
2456.4993896484375
1935.7495422363281
1753.378646850586
2018.3115539550781
2266.6253051757812
2373.073760986328
2358.514450073242
1666.944435119629
2109.0208435058594
1825.7137908935547
2223.2138290405273
2491.649169921875
2816.490447998047
2149.197998046875
2270.832939147949
2213.0865173339844
2065.7874145507812
2421.2173614501953
2120.6583251953125
2361.1854248046875
2536.4046936035156
2109.7042846679688
2336.945755004883
2511.1865997314453
2645.7359466552734
2835.4574127197266
2373.1282348632812
2331.055694580078
2463.855972290039
2294.724349975586
2123.8880920410156
2281.439712524414
1852.7641525268555
1748.0867462158203
1827.6299209594727
1848.1908721923828
2139.0753021240234
2276.959701538086
2404.8289184570312
2641.5789184570312
2312.728805541992
2184.345169067383
2623.9142303466797
2139.3370819091797
2286.851364135742
2547.2112884521484
2330.988784790039
2400.8880920410156
2214.7179794311523
2716.8820190429688
2435.898666381836
2000.0603485107422
2684.7947998046875
2760.906936645508
3137.432586669922
2354.9317321777344
2563.6156616210938
2266.801483154297
2338.722427368164
2302.958206176758
2554.6265411376953
2501.997360229492
2195.9107971191406
2031.986831665039
1714.2848358154297
2042.6907043457031
2175.1088256835938
2059.437469482422
2269.0365600585938
2002.4635314941406
2304.9398345947266
2430.0637817382812
2414.285385131836
2424.2974853515625
2577.9666290283203
1940.5097579956055
2154.866653442383
2664.4371337890625
2177.1991271972656
2173.617721557617
2276.2516021728516
2500.4450073242188
2626.3301696777344
2577.8324279785156
2432.771774291992
2761.6219329833984
2662.0052642822266
2715.6954040527344
2963.5077362060547
2464.5394134521484
2756.3873901367188
2250.8304748535156
3240.5418090820312
2976.3567962646484
2520.217041015625
2693.3417358398438
2364.999465942383
2407.3580780029297
2536.1178436279297
1979.6261138916016
1902.3786163330078
2392.048385620117
2205.8303985595703
2577.8052673339844
2065.6360473632812
2128.433319091797
2177.2050170898438
2120.5270614624023
2094.0326385498047
1993.6388397216797
2425.290496826172
2086.9660034179688
1871.738510131836
2066.354782104492
1955.103500366211
2225.2258682250977
1906.9827117919922
2091.6524810791016
2033.2274475097656
2088.822280883789
2426.8030853271484
2000.1367492675781
2502.050621032715
2522.752685546875
1917.4333953857422
1790.0745849609375
1811.5836715698242
2011.3902282714844
1785.8501434326172
1818.6040878295898
1616.067237854004
1702.523582458496
2083.1848754882812
1539.604248046875
1632.7092971801758
2001.644386291504
1656.8828582763672
1665.2987670898438
1658.1375122070312
1451.2551651000977
1318.3832702636719
1685.2271270751953
1634.8331298828125
1372.5689849853516
1632.887680053711
1681.3120574951172
1618.859390258789
1695.625473022461
1857.5000762939453
1859.3788223266602
1746.5202331542969
1722.5089492797852
1612.1549911499023
1665.5107421875
1726.1233673095703
1455.5366821289062
1434.662223815918
1619.9509811401367
1478.631980895996
1358.622459411621
1656.5578384399414
1649.0847854614258
1734.422218322754
1799.475112915039
1961.977523803711
1977.6273956298828
2134.176254272461
1983.5314331054688
1775.224708557129
1908.3868942260742
2118.5721130371094
2301.5721588134766
2194.5868072509766
2252.8190155029297
2411.9483489990234
2575.0984497070312
2005.5852661132812
2083.495277404785
2251.9297943115234
1964.5114974975586
2608.1956787109375
2386.4503631591797
2593.8915100097656
2547.8219299316406
2713.0496673583984
2426.2052459716797
2183.87060546875
2279.67032623291
1783.7856140136719
1880.1936950683594
2074.9710235595703
1929.6395874023438
1726.3115539550781
1728.8549728393555
1700.535140991211
1662.3185348510742
1630.4342193603516
1674.5660858154297
1710.6987762451172
2081.6268463134766
1746.7916946411133
2336.0828857421875
2005.9678421020508
1999.234603881836
2144.9344177246094
2112.884567260742
2019.1567611694336
2149.633499145508
1910.4791564941406
1676.7462615966797
1708.7151184082031
1687.9478912353516
1744.0548095703125
1578.9992446899414
1414.4568405151367
1370.6987991333008
1424.0022201538086
1671.632942199707
1446.1273498535156
1682.802864074707
2079.930503845215
1878.5554656982422
2370.413154602051
2282.6146392822266
2163.325424194336
2284.420455932617
1981.9418640136719
2022.0858840942383
2082.2691802978516
1781.762710571289
1871.8658752441406
1807.9490966796875
2473.742935180664
2881.0206756591797
2183.792236328125
2095.9894256591797
2566.109375
2711.670608520508
2307.1158752441406
2279.689727783203
2447.504364013672
2125.5242233276367
2138.8179779052734
2352.990020751953
2528.358169555664
2094.7150955200195
1918.1331787109375
2411.8792877197266
2208.2073364257812
2464.512191772461
2022.5986022949219
2502.166778564453
2653.3955688476562
2752.68798828125
2137.906295776367
2481.308151245117
2233.4786224365234
1893.3723602294922
1765.0697708129883
1618.9436264038086
1591.7352447509766
1672.0422897338867
1795.0399703979492
1927.245834350586
1801.216781616211
1684.545036315918
1662.2498779296875
1932.3783111572266
2070.523765563965
2201.7614135742188
1811.8819885253906
1786.5924682617188
2096.219268798828
2186.858383178711
2353.362091064453
2093.701889038086
2825.2755584716797
2524.6382598876953
2788.946762084961
2785.3064727783203
2901.462516784668
2843.992431640625
2825.9282836914062
2420.831756591797
2468.077667236328
2370.458694458008
2696.154998779297
2902.1656036376953
2415.627899169922
2146.6276245117188
3097.672103881836
2970.2977752685547
2824.3157348632812
3190.143569946289
2530.1182861328125
2267.7508087158203
2584.7239837646484
2930.680648803711
2029.1670227050781
2316.1005859375
2346.4737396240234
2344.4441986083984
2779.755828857422
2542.9645233154297
3087.9712524414062
3283.320068359375
3121.510269165039
3474.8712005615234
3033.8319091796875
2713.807083129883
2845.805877685547
3235.9695892333984
2996.4926147460938
2874.9955139160156
2581.8180389404297
3069.7308349609375
2941.2052001953125
3540.329818725586
3237.9300537109375
3064.8584594726562
2892.8621520996094
3951.9517517089844
3426.4832305908203
3025.356414794922
2906.1940002441406
3628.8033752441406
2870.1878204345703
3183.1076049804688
2973.8433990478516
2487.1390838623047
2721.7850189208984
3199.03173828125
2972.9469299316406
2794.9199829101562
3102.564422607422
2839.669204711914
2698.1554107666016
2914.6983032226562
3368.241912841797
3022.54150390625
3141.865463256836
3242.732376098633
2652.668899536133
3190.1133575439453
2983.7801055908203
3288.119354248047
3317.8059844970703
2943.3815002441406
3128.603469848633
3689.045913696289
3331.3522338867188
3542.4847412109375
3940.768585205078
2554.358856201172
2951.4282989501953
2457.308624267578
2554.713180541992
2448.3458251953125
2706.541763305664
2535.598342895508
2755.726272583008
3230.804931640625
3338.6983795166016
3085.3617248535156
3023.522689819336
2968.2494506835938
4453.779266357422
3236.841354370117
2986.8262939453125
3181.4965209960938
3249.753433227539
3037.987518310547
2802.0243225097656
2685.4727325439453
2526.904083251953
2590.1971435546875
2537.034637451172
3382.0033111572266
3021.9612731933594
3325.7002563476562
2641.0272674560547
3159.762680053711
3197.4646606445312
3728.534225463867
3491.972137451172
3444.3705444335938
4203.411285400391
3047.3291625976562
4027.9765014648438
3121.5895385742188
3229.793212890625
3456.5740661621094
3408.2449951171875
3928.7831115722656
3435.6739501953125
2996.671142578125
3115.860076904297
3771.4896392822266
3275.727035522461
3110.7516174316406
3249.937484741211
3084.4832305908203
3300.313720703125
3062.676971435547
3118.649200439453
2788.6127319335938
2872.3643341064453
3348.830368041992
2731.528839111328
2980.133026123047
2895.1109924316406
2804.4883728027344
2907.396957397461
2558.8300018310547
3459.0856323242188
2907.8121337890625
2602.49365234375
2851.3385009765625
2796.922653198242
3557.933303833008
3125.4306640625
2963.9718170166016
3081.893569946289
3072.1211853027344
2901.6092681884766
2484.847610473633
2977.617904663086
2932.087188720703
3329.6727600097656
2641.7261505126953
2853.9580688476562
3012.0674438476562
3001.8634185791016
2432.7053985595703
2143.9909896850586
2255.418701171875
2572.933120727539
2848.5380096435547
2571.1795654296875
2397.955146789551
2015.3648834228516
2731.7455139160156
2558.3189239501953
2571.084197998047
3257.8562927246094
2337.6656799316406
2604.050338745117
3165.2924041748047
2729.699661254883
2724.9964141845703
3120.160430908203
3077.1068572998047
2741.1260681152344
2194.6551361083984
2610.980438232422
2855.630584716797
2131.7123107910156
3139.6304779052734
2036.3169860839844
2542.530990600586
2455.352996826172
2596.7074279785156
2778.0080642700195
2782.9932403564453
3137.779022216797
2530.2631912231445
2631.0852661132812
3023.300094604492
2497.2303619384766
2452.055892944336
2835.46240234375
3096.6338424682617
3135.020523071289
2507.2999420166016
3093.454360961914
2772.933738708496
3051.4083862304688
3005.110336303711
2337.987548828125
3017.718719482422
2638.4540252685547
2923.693084716797
2826.259735107422
3179.5507202148438
2374.590835571289
2473.0397338867188
2416.288429260254
2412.5528717041016
2260.777229309082
2027.795150756836
2804.3585662841797
2296.8555068969727
2384.014923095703
2388.8871307373047
2427.759590148926
2359.7823181152344
2291.752754211426
2714.787826538086
2366.091064453125
2812.780143737793
2632.4878997802734
2561.631149291992
2680.799835205078
2467.913314819336
2481.9042205810547
2316.1580810546875
2596.9119567871094
2788.6508255004883
2582.609344482422
2886.4681549072266
2138.713333129883
2953.2574462890625
3260.262741088867
3468.8488006591797
2548.0863189697266
2846.7341918945312
2278.613327026367
2580.850555419922
2843.819366455078
3664.4952697753906
2334.561996459961
2676.05948638916
2601.5244522094727
2870.6675415039062
2385.298973083496
3015.2267303466797
2442.5062713623047
2985.8292236328125
2819.7769775390625
2905.8643188476562
2693.278091430664
2891.7470474243164
2892.2618408203125
3087.658981323242
2650.036178588867
2596.2327575683594
2638.03515625
2215.2404174804688
2524.2001190185547
3200.1749572753906
2898.61376953125
2481.1630096435547
3624.4466552734375
3188.7998046875
2632.1340942382812
2601.5379028320312
3515.1861724853516
2657.654022216797
2321.7210083007812
3361.4187545776367
2682.178909301758
3010.404640197754
3077.2800903320312
3103.3658294677734
2485.470016479492
3447.2112426757812
3050.882598876953
2970.3579177856445
2681.409896850586
2256.480972290039
2666.0799713134766
2910.9862213134766
3292.6439361572266
3128.0676879882812
2505.1278381347656
2833.301040649414
2403.2827758789062
2696.3312377929688
1875.4548568725586
2190.372085571289
2443.296615600586
2082.555862426758
2226.311004638672
2614.177047729492
2601.5443115234375
2166.926528930664
2393.2100372314453
2696.9979400634766
2818.6983184814453
2982.5657806396484
2517.0195541381836
3331.0094680786133
2473.2203674316406
2765.96044921875
3103.425247192383
2077.395133972168
2545.8190002441406
2883.347854614258
2760.770950317383
3054.3975524902344
2459.818359375
2569.816192626953
2837.9169311523438
2446.191848754883
2774.3316497802734
2857.571975708008
2619.9888229370117
2592.6773529052734
2998.8817443847656
3314.8124237060547
3170.1053466796875
2846.3656616210938
2262.7589569091797
2526.391845703125
2059.1078033447266
3124.4835357666016
2563.2587280273438
2464.024055480957
2357.161911010742
2133.488723754883
2666.2037353515625
2683.452178955078
2465.9918823242188
2973.2032165527344
2561.556053161621
2750.5213317871094
3060.88419342041
2123.949752807617
2582.368606567383
2149.0303649902344
2661.859588623047
2496.2684173583984
3173.724334716797
2709.3041229248047
2771.86376953125
2236.1644973754883
2519.6370544433594
2768.8644104003906
2320.696258544922
3024.0296783447266
2606.812843322754
2744.661422729492
2505.103561401367
2228.91121673584
2594.6204223632812
2247.08699798584
2049.411964416504
2403.0745544433594
2858.335433959961
1916.3149108886719
1780.3214263916016
2185.2613220214844
2195.754997253418
2332.4593353271484
2415.770950317383
3172.265724182129
2453.8316802978516
2276.4837341308594
3208.7890014648438
2858.0880126953125
2887.6063232421875
2493.744842529297
2114.7683715820312
2322.906394958496
2997.007568359375
2962.114501953125
2319.3682250976562
3112.082305908203
2854.974838256836
2202.8810119628906
2672.7365493774414
1632.6392211914062
1907.8793334960938
2544.838935852051
2672.1009216308594
2347.693099975586
2104.4250869750977
2141.008918762207
2624.26513671875
2225.584617614746
2185.3009338378906
2437.4774169921875
2927.0971755981445
2756.129638671875
2929.117691040039
2580.6377868652344
2287.6739654541016
2521.4906463623047
2670.1965103149414
3104.6701049804688
2516.125160217285
2326.885452270508
2854.5987548828125
2193.0271224975586
2290.105613708496
2456.7331008911133
2135.8238677978516
2052.8977813720703
2224.481002807617
2501.0579681396484
2387.8206481933594
2577.4808502197266
2255.3942642211914
2668.0716094970703
2274.293228149414
2037.3712158203125
2109.4489135742188
1876.5889129638672
1801.612548828125
1338.3811798095703
1863.8729705810547
2022.9188766479492
1557.5413436889648
2035.2523574829102
2029.8581085205078
2147.8155364990234
2276.2007904052734
2473.6320190429688
2079.1688690185547
2623.983184814453
1993.9434356689453
2640.6254272460938
2362.7811889648438
1922.1745910644531
2080.5067291259766
1739.8419647216797
2310.9593353271484
1768.793800354004
2578.06307220459
2514.7828826904297
2392.243232727051
2487.1566314697266
2649.6229248046875
3037.2523498535156
2865.1614990234375
2203.5834350585938
2330.2196655273438
2321.4208793640137
2589.8086013793945
3175.779754638672
3344.0667114257812
1823.2814178466797
3184.1575927734375
2385.577461242676
2297.239288330078
2011.747787475586
2284.9306030273438
2155.7120361328125
1926.3012924194336
2148.090316772461
2243.288154602051
2153.1854248046875
2211.1427459716797
2412.2761993408203
2150.1453170776367
1942.3263473510742
2153.0982818603516
1931.3011474609375
1831.2750396728516
2092.1858291625977
2379.7657318115234
2342.1798400878906
2038.277099609375
1718.7188720703125
2281.183135986328
2214.2733001708984
2315.6515350341797
2133.33984375
2064.1377182006836
2433.765968322754
2211.9429779052734
2146.5458374023438
2224.730484008789
2030.132568359375
2363.7417755126953
1908.5030899047852
2716.657943725586
2824.996292114258
1955.7829895019531
2127.1973876953125
2230.2856254577637
2223.0314445495605
2709.7185974121094
2559.510902404785
2239.530807495117
3139.0601348876953
2686.453498840332
2664.180389404297
3054.7837677001953
2488.933120727539
2328.5681686401367
1972.495506286621
1868.430923461914
1963.4391708374023
2247.8069381713867
2231.8688354492188
1964.5118713378906
2243.5979919433594
2828.312698364258
1919.3388671875
2555.691421508789
3310.833267211914
2089.7074966430664
2238.298110961914
2489.1515350341797
2107.4500427246094
1724.1146697998047
1941.7989349365234
1971.177547454834
2088.249282836914
2174.95654296875
2107.7684783935547
2015.3165664672852
2193.8557662963867
2429.7244873046875
1839.3333435058594
1997.1746292114258
2263.765556335449
2756.3925704956055
1850.8830490112305
2334.5362968444824
2667.2040100097656
2651.4331665039062
2066.9331817626953
2102.6448669433594
1913.5785522460938
1784.531852722168
1787.2301025390625
1935.113510131836
1776.9822845458984
1352.1688232421875
2056.355293273926
1616.4508972167969
1813.1114959716797
2220.7344970703125
2645.796112060547
2328.3395462036133
2401.6695098876953
2790.3313598632812
2541.5797729492188
2015.6896362304688
2201.0362396240234
1731.1549377441406
1800.1728210449219
2008.2358627319336
2148.0036239624023
2504.415573120117
2189.2113876342773
2091.505973815918
1436.9432754516602
1980.4934158325195
1496.239673614502
1703.076431274414
2513.8429107666016
1811.932876586914
2346.670211791992
3008.0579376220703
2019.3255615234375
2207.589225769043
1875.5085678100586
1774.5173110961914
1976.6975860595703
2378.774269104004
1520.6791915893555
1719.4281921386719
2102.203628540039
2162.3172149658203
1769.6358947753906
2239.8783950805664
2192.7687225341797
2016.7046508789062
2525.898727416992
2281.73299407959
1748.589599609375
1637.1651229858398
1936.66263961792
1663.3265914916992
2230.738525390625
2514.845901489258
1549.0101776123047
2237.4076385498047
1945.7097091674805
1740.5180130004883
1479.3892135620117
2266.2027435302734
1959.6396942138672
2171.3350677490234
1627.7497940063477
1880.1037826538086
1571.9551544189453
1999.1007614135742
2040.4993591308594
1994.2474784851074
2144.6581954956055
1918.3762969970703
1588.6243057250977
2225.8950805664062
1655.422508239746
1767.6560287475586
2129.9463806152344
2064.938823699951
1832.2377548217773
2103.5261459350586
1591.75390625
1528.4674758911133
2005.8445129394531
1781.1782264709473
2321.8549842834473
1766.423194885254
1748.0387573242188
2889.3894577026367
1872.2884216308594
2223.155158996582
1596.9556884765625
1748.5892868041992
1755.3414001464844
2079.0933685302734
2411.691879272461
1598.8091850280762
1923.4080429077148
1809.1727294921875
2293.8660888671875
2078.415470123291
2091.5907440185547
2041.978416442871
1290.0495262145996
2147.0065841674805
2208.560073852539
2198.256790161133
2045.710548400879
2310.4425888061523
1793.8971633911133
1606.072250366211
1963.6879119873047
1497.3029975891113
2087.721221923828
1648.0487747192383
1922.6135025024414
1838.3177070617676
2210.105796813965
1883.0904159545898
1575.970458984375
2096.886817932129
1813.2750244140625
1727.2571716308594
2016.7111053466797
1547.0703125
1506.0124893188477
1572.0158081054688
1839.60205078125
1840.386848449707
1852.1140899658203
1940.0311660766602
1645.135597229004
1811.9370193481445
1719.1064834594727
1515.2183837890625
1945.6367416381836
2064.1012573242188
2318.8704681396484
1649.3801040649414
1925.460319519043
2200.3122787475586
1595.9518280029297
1844.7184524536133
1420.2627716064453
1943.3072662353516
2179.970672607422
1913.732566833496
2134.7247161865234
1844.6636810302734
1802.775520324707
1841.885986328125
