21821
24312
25610
22171
25086
27786
23864
28296
23708
26388
19595
24367
25794
27942
32467
26240
23980
22942
23764
25097
26026
23914
20428
30227
22443
24433
25340
31960
28146
26669
24447
29792
19937
28080
28594
25143
23522
28844
27936
27363
18752
27209
21978
34452
23661
21228
27477
24839
24161
24076
20684
29839
22635
23712
24744
23188
26094
27502
27268
28930
22561
23845
26560
24604
30727
21951
28776
23622
19652
21769
30313
23024
26972
29352
27518
24640
26817
20141
24822
21243
25731
21629
23290
20929
23668
21087
23580
22000
22395
27135
19523
27328
24699
20751
25168
22939
25363
23203
26211
23466
28842
29716
19241
25246
23232
24575
23227
24170
22377
20888
18238
23918
34083
22773
22736
22315
20935
24091
26040
26081
21124
24817
24325
27301
22728
22802
22123
25516
23886
24379
29474
24730
26165
20888
26918
23788
22971
27560
24537
21581
29037
24348
26768
26678
26654
27604
24618
24704
22598
24990
24022
21057
24890
23686
23908
23874
24613
25842
21094
23603
22552
21820
23982
25195
17827
27501
27654
22051
21614
33170
22755
22731
25751
23829
23570
23937
25355
21226
22628
24678
24682
23475
27340
20976
23760
26349
24870
24461
21974
24375
23060
24750
25647
23047
18849
22576
20860
26464
24575
24585
24303
26194
27064
29435
27944
20607
25404
24981
24456
20975
21085
25999
25859
19058
20305
23317
28420
24973
22967
25371
28551
28449
27224
29401
23828
28348
26165
25138
24897
27404
23917
24134
23761
26909
28218
21852
21563
28152
24769
23695
18749
21420
20217
21370
25666
25202
26199
28273
22484
27960
25725
29198
21977
30167
26699
29585
25370
34645
25529
21634
28470
33284
27551
25222
28239
27671
27042
27283
22982
28293
25417
30019
29093
24752
21496
21338
26290
27580
25899
24077
19489
21896
22336
26512
26312
23881
21215
23342
27844
23882
23974
23844
20502
21836
20571
19798
22262
26289
21185
25347
23272
21234
22525
25743
26144
27202
25438
29074
19322
26748
19819
22083
26656
20949
24913
23804
22920
24899
23629
26102
29494
21276
22122
20677
20414
27372
24944
24229
24368
21135
21442
21783
20727
18835
22293
24379
23208
20693
20693
21782
19307
22558
21987
19387
24570
24787
24454
21141
26896
34031
27205
23980
24200
21631
26805
24882
26055
25836
26781
26111
26514
30137
27640
28631
29775
29936
28160
25421
28234
28029
27423
24049
23830
21925
22606
21255
24039
23604
23165
24599
23862
25378
28469
27795
29609
26591
24823
31874
32201
27588
26634
23167
23784
25258
32957
29361
27176
32667
32962
28884
23614
26126
24704
28161
28962
25283
27777
30435
26865
25947
27408
28516
21871
23099
24847
24702
22850
27252
26058
26750
30779
26719
28681
33418
32000
26379
29271
26063
24556
33040
29327
26954
33451
30289
33897
25545
25065
23684
28781
27850
28613
26241
27134
26739
30330
24865
25609
28386
26356
32124
25916
30897
32532
24716
29085
29785
31681
28928
28452
26645
34199
26462
29698
30904
28480
33902
33480
30700
32655
27475
29058
31048
27907
25702
28077
29322
27123
29522
26343
27097
29293
26659
28481
30046
24967
25041
29129
32354
28884
27760
28014
28403
24412
27180
28339
25521
25690
26663
29909
29859
27705
23141
25934
25428
27972
25123
22555
28620
26801
28685
28956
22900
28083
26487
22207
24863
27704
21753
26021
23767
24714
25929
25717
26151
25896
24536
29160
27251
22242
26702
22937
26214
26147
26925
26646
23600
24349
29384
23905
25381
24367
25307
24243
24517
26208
28719
27881
24086
26869
24550
27924
31055
26443
26356
26807
26060
24731
27493
30036
26127
25757
27206
27375
31742
32160
28100
27092
28451
22404
25913
25841
22386
25667
24705
26804
25905
27380
24473
32289
24745
25145
29670
24963
26624
30172
24484
28630
26309
26819
23714
28920
19640
18176
17366
22179
29021
26862
25045
27346
25858
25068
31354
24054
30263
30580
29575
30380
26461
24023
28311
28001
24923
28815
26630
25557
27398
27195
25591
25375
29112
27950
29293
26137
31477
22377
29154
27449
28609
24452
27010
26645
28210
26364
26119
21723
30219
24737
24497
25575
28450
23320
25498
24582
25300
29490
30814
25654
24222
29095
27378
26917
27602
27278
28938
23860
26055
30725
27347
24818
28454
23475
25929
22858
26550
27473
26893
26290
30186
27432
24377
24050
27722
22794
27067
24793
26641
23853
26442
21815
27523
25460
26334
26718
27983
26988
24819
27981
26374
24236
27792
28351
27388
27060
28518
33743
26844
25282
28542
26225
23741
24790
23797
27195
26027
26030
25638
25944
26069
25087
26067
26174
29074
24890
28754
24332
26319
27396
28656
23939
22553
27057
31037
26614
30458
23770
28687
26232
22807
26629
28671
25916
26037
26374
24426
24800
27476
25096
24248
27554
27455
27558
23835
26731
25930
28523
27270
23446
25587
24216
23640
27301
27984
25446
24472
29510
26883
29261
30043
25086
25690
24713
22716
24921
25536
27633
27592
26410
26557
28163
24936
22266
23759
26747
27235
26660
26331
25174
28686
27111
22584
24656
27153
28085
25210
29865
25261
27944
28252
27981
23531
29336
23750
27145
29700
30127
27301
26482
29345
33472
28490
25044
25046
27067
26229
27825
27393
26299
27248
27279
28836
26970
25596
24283
28668
23456
26067
26085
25045
22803
28212
27045
29601
26949
25533
26261
27453
29496
24890
25241
27026
27015
26048
26849
27618
24678
29559
24458
26704
26801
26130
24692
25763
26040
24605
28316
26716
24585
25849
21444
22508
26455
30580
27761
28996
24906
27428
27564
28101
28140
25780
27305
27402
20439
27271
26447
28806
25688
24708
23030
26283
30387
24703
25822
26060
27681
26112
25462
27465
28417
26874
26680
28237
27515
25715
26853
27125
26388
26552
24585
23631
25415
28640
26584
25055
29744
22799
24200
24200
27152
28344
23879
26292
29779
28029
29294
25820
24672
25949
26676
21929
24965
27064
26458
26217
26224
21835
26048
28753
23604
26679
27709
28705
23877
26301
24743
25198
24849
27676
26980
27593
22977
24915
24904
24528
24760
25391
22883
25703
27399
26838
27143
28264
23345
22849
25151
26005
24402
24724
23968
24891
28934
22591
27586
24709
25904
25903
26914
27704
26784
28153
25575
25237
26230
26267
27950
27317
24254
26727
26323
26398
28114
28438
26404
27138
24679
28499
25415
28153
26345
24272
24905
23794
26582
23469
28327
26698
22923
23403
29063
24630
31291
28064
25434
28484
26389
26969
28559
25656
25918
26028
