2062.8661041259766
1752.322608947754
1996.7156372070312
2136.9236450195312
1750.8624801635742
1766.8524932861328
2036.9209747314453
1841.0481262207031
2055.891403198242
2265.095932006836
2007.2522430419922
2290.086441040039
2425.595169067383
2188.542251586914
2318.090118408203
2269.668876647949
2584.6860961914062
2498.905746459961
2318.877227783203
2293.9434967041016
2099.6523208618164
2119.677230834961
2243.301788330078
2086.760452270508
2333.5640869140625
2656.1258544921875
2235.5045013427734
2480.9488983154297
2818.7686157226562
2226.1951446533203
2752.3502502441406
2524.8475341796875
2711.4816513061523
2294.0096282958984
2570.8053283691406
2369.4010162353516
2624.9137420654297
2448.2524032592773
2273.455291748047
2493.260299682617
2639.2955627441406
2236.9649658203125
2592.9332885742188
2298.9588775634766
2031.8871154785156
2215.1822357177734
2358.3392944335938
2053.7530517578125
2219.7865295410156
1964.8574523925781
1586.7126922607422
1808.5956420898438
2013.9679107666016
1884.1270065307617
2055.973342895508
1907.5574645996094
2418.566864013672
2082.818557739258
2342.8665466308594
2277.937973022461
2735.048583984375
2494.254592895508
2318.5970764160156
2387.346923828125
2167.2109375
2312.4215087890625
1991.3645629882812
2328.666763305664
1902.1565246582031
2296.2670288085938
2078.125289916992
2156.3419342041016
2065.0177001953125
2742.4347534179688
2160.1318359375
2218.249740600586
2180.6446838378906
2280.876968383789
2104.0755615234375
1935.428237915039
2094.3134155273438
1890.7821350097656
1770.808120727539
1986.770767211914
1817.3321533203125
1672.307731628418
1886.616569519043
1428.0824737548828
1874.7121124267578
1972.6295776367188
1993.4877700805664
1955.709213256836
1979.2486190795898
1725.5552520751953
1964.15087890625
1979.8199615478516
1991.7328338623047
2016.9505920410156
2090.4575805664062
2194.721954345703
2210.1177673339844
2247.8690795898438
1916.835220336914
2250.6844024658203
2377.7924270629883
1783.048698425293
1921.002456665039
1563.9466552734375
1529.5141830444336
2047.7615509033203
1751.2700500488281
2012.058090209961
1745.4139099121094
1852.8202514648438
1851.1663513183594
1811.2078399658203
1963.4194259643555
1842.049072265625
2090.871368408203
1658.0511779785156
2146.7545776367188
1668.0404510498047
2015.0029067993164
1838.6713104248047
2229.037887573242
2022.389633178711
2040.6027526855469
2375.2987213134766
2004.1551361083984
2240.313491821289
2167.943359375
2098.0582122802734
2287.5130157470703
2163.4276275634766
2269.657180786133
2198.3651580810547
2071.839614868164
1952.3559036254883
1944.2794189453125
2170.544677734375
1940.8902587890625
2178.5277709960938
2362.084686279297
2152.6837615966797
2361.315399169922
2355.6279907226562
2137.1842651367188
2218.958694458008
2062.950210571289
1846.1659851074219
1778.5885925292969
1916.0805358886719
1826.3857040405273
1971.7871704101562
1999.9566955566406
1638.2468032836914
1733.0330352783203
1640.3718185424805
1996.6948699951172
1815.612190246582
1675.7550048828125
1830.5396423339844
1643.4138793945312
1921.9995803833008
1734.7187805175781
1871.3362884521484
2019.6374969482422
1994.0985412597656
2027.8824310302734
1875.429458618164
1844.355125427246
2075.2139282226562
1853.9933776855469
1919.8381958007812
1702.4342575073242
1590.9848861694336
1580.9805450439453
1703.9139404296875
1755.3904571533203
2015.4969329833984
1981.0630950927734
1882.1468658447266
1999.0288391113281
1799.982765197754
1875.5605773925781
2004.5406188964844
1878.3075561523438
1653.4634246826172
1841.4706726074219
2131.7789306640625
1807.4996643066406
1749.08984375
1760.2012100219727
1609.918930053711
1807.4431762695312
1813.393539428711
1849.9086380004883
1777.5779190063477
1718.4503631591797
1983.0137786865234
2264.0735473632812
2287.204055786133
2203.8511810302734
2228.31201171875
2333.7305297851562
2336.5513305664062
2154.599319458008
1766.8597793579102
1673.561912536621
1830.824447631836
1443.730239868164
1715.781021118164
1879.4711837768555
1702.7676391601562
1750.0950622558594
1907.3898010253906
1647.3873443603516
1975.0788192749023
1999.9204406738281
2047.1873245239258
2311.0289154052734
1881.5846481323242
2451.9146423339844
2453.5863494873047
2636.4185791015625
2575.856002807617
2609.136520385742
2211.7899475097656
2444.003616333008
1859.6521759033203
1957.1623229980469
2017.1596755981445
1806.7532806396484
1595.8759460449219
1841.1458129882812
1444.4793701171875
1872.1141662597656
1986.0325775146484
1516.7861251831055
1504.2804412841797
1542.7238311767578
1425.3143310546875
1467.7119064331055
1782.1196365356445
1441.9960021972656
1628.83935546875
1490.752815246582
2039.3318786621094
2409.835693359375
1970.8204040527344
2441.6929244995117
2448.917922973633
2713.0235900878906
2708.1236877441406
2700.4002227783203
3023.357376098633
2446.3748779296875
2937.553665161133
3061.727767944336
3076.960189819336
2396.430534362793
2883.4534606933594
2283.7196350097656
2657.751251220703
2694.38916015625
2956.2052001953125
2669.812957763672
2565.3836669921875
3096.5494689941406
2746.890594482422
2554.919158935547
2025.4705657958984
1801.459976196289
1993.6906204223633
2168.9780883789062
2062.9700469970703
2121.075309753418
1786.7001495361328
1736.9690475463867
1473.2781143188477
1946.960220336914
1933.7672882080078
1916.52001953125
1736.1246185302734
1718.9805450439453
1626.2642517089844
1537.7353439331055
1772.2483825683594
1679.7288360595703
1836.599594116211
1467.878532409668
1672.084831237793
1631.0625610351562
1290.3391647338867
1312.4089965820312
1393.7512741088867
1417.460433959961
1757.1881561279297
1548.7723770141602
1532.7273330688477
1447.9607696533203
1643.2903442382812
1879.5226974487305
1784.8133163452148
2022.4449462890625
1984.4267501831055
2040.7379913330078
1880.007583618164
2061.149070739746
2279.3788146972656
1999.0005645751953
2044.7556381225586
1886.734359741211
1793.9821853637695
1886.4060821533203
1523.2625732421875
1959.579833984375
2017.1145858764648
2101.5252685546875
2197.087112426758
1788.5984115600586
2069.339424133301
1876.8547973632812
2176.0734252929688
2080.664993286133
2030.6142578125
1704.3109970092773
1538.087646484375
1514.6530303955078
1726.676040649414
1570.0691604614258
1429.8901062011719
1442.6348114013672
1420.849853515625
1482.2897720336914
1279.743751525879
1433.5198822021484
1388.9632110595703
1193.1933364868164
1290.2827835083008
1107.1544570922852
1318.5193099975586
1269.9757766723633
1338.2888717651367
1638.514015197754
1483.6377868652344
2013.919418334961
1566.342140197754
1673.7466354370117
2229.090530395508
1913.9637298583984
1787.4433898925781
2013.5689086914062
1914.9714050292969
1932.6576919555664
1804.9633026123047
2189.3312377929688
2363.5294647216797
2489.733840942383
2798.7101440429688
2185.7303924560547
2929.8111877441406
2839.0377044677734
2895.9152221679688
2929.977783203125
2929.932876586914
3070.6382904052734
2729.5359802246094
3254.936798095703
2698.5206909179688
2529.5196380615234
2425.7254180908203
1710.031982421875
2143.8575439453125
2192.620994567871
2041.8163452148438
1842.7818984985352
1436.775619506836
1673.9192733764648
1932.2785949707031
2041.492691040039
1699.3213729858398
2265.9298400878906
2096.4378356933594
2298.7334594726562
2295.5345458984375
2460.4497680664062
3023.540817260742
2567.0460357666016
2713.8765869140625
2194.0068359375
2440.488006591797
2622.4392700195312
2252.1934204101562
2390.026954650879
2972.1007690429688
2506.2095336914062
2333.3386840820312
2738.3336334228516
2474.130172729492
2773.607711791992
2502.696990966797
2512.2125854492188
2545.8402709960938
2558.640823364258
2421.943618774414
3223.584976196289
2519.3811950683594
2385.296875
2962.96240234375
2888.6300201416016
2358.6174850463867
2505.020263671875
1840.5537490844727
1777.5377044677734
1671.9107208251953
2053.8873291015625
2080.5699157714844
1689.3507461547852
1924.483383178711
2383.018096923828
2974.638702392578
2518.3844680786133
2804.5631103515625
2805.7254486083984
3140.2076416015625
3698.426513671875
3122.754913330078
2982.1275177001953
2971.817626953125
2789.519271850586
3176.830291748047
2836.7095947265625
2636.302947998047
2983.470001220703
2850.712387084961
2678.2116088867188
3178.0574493408203
2539.6781005859375
2781.9588317871094
2542.730987548828
2438.881820678711
2671.43603515625
2386.895233154297
2277.3992919921875
2318.2027740478516
2618.9132690429688
2296.286651611328
2632.3694458007812
2973.365432739258
2507.423500061035
2786.286087036133
2981.788787841797
3039.2747650146484
2689.599136352539
3691.228988647461
2677.284866333008
2849.9483337402344
2990.2347412109375
3081.0485076904297
2900.2945709228516
3588.985153198242
2798.3544158935547
3874.675308227539
3877.103240966797
3451.203842163086
4430.629058837891
3120.422592163086
2933.114959716797
3093.7406158447266
3794.63330078125
2890.210678100586
3811.9583892822266
3729.823944091797
2760.91259765625
3195.699508666992
2642.5250244140625
2746.588577270508
2945.751922607422
2742.7606811523438
2722.607437133789
2556.359634399414
2553.2624588012695
2184.6646881103516
2978.1518936157227
2652.2925415039062
3229.550308227539
2904.558319091797
2970.804328918457
2821.320098876953
2456.106735229492
3068.9808197021484
2615.816879272461
2715.6128692626953
2077.1900177001953
2401.4908599853516
2577.5506591796875
2638.124641418457
2846.022415161133
2350.518112182617
2705.511215209961
2294.3001556396484
2819.2623901367188
2201.1858673095703
2298.3499908447266
2301.6747436523438
2153.7530822753906
2150.7552642822266
2302.7117462158203
2834.6749572753906
2538.531448364258
2735.68505859375
2459.757049560547
2301.912307739258
2107.1092376708984
2134.2357330322266
1891.2556610107422
1885.4230499267578
1676.9061889648438
2095.0264739990234
2022.668212890625
1897.3982391357422
1749.9030380249023
1835.4761505126953
2163.0028533935547
2320.6580505371094
1882.818504333496
1888.6230926513672
1771.9494552612305
2188.728256225586
2309.953857421875
2154.945526123047
1980.4665069580078
1770.7461318969727
1929.856101989746
2051.5634765625
1965.24853515625
2058.7541122436523
1786.1647644042969
2155.4747314453125
2000.8634948730469
1949.284164428711
2156.624008178711
1954.2361526489258
1994.9419555664062
1936.5440063476562
2418.8196716308594
1807.5772247314453
2250.9339904785156
2426.9000549316406
2608.6409912109375
2227.860305786133
2375.2532501220703
2378.3142852783203
2356.1119384765625
2633.4728393554688
2763.4976959228516
2202.636184692383
2513.7110137939453
2512.694595336914
2521.8827056884766
2595.611053466797
3363.2382202148438
2800.0628204345703
2824.329391479492
2500.4193572998047
2527.5393676757812
2374.516372680664
2190.909378051758
1806.1089935302734
2172.2908477783203
1749.452766418457
2195.339324951172
2611.648880004883
2282.575897216797
2434.5294036865234
2234.9693908691406
2438.7859649658203
2930.2078247070312
2117.8545684814453
2488.096351623535
2326.689498901367
2691.262969970703
2849.4079360961914
2542.686538696289
3005.4876708984375
2439.913040161133
2781.4287185668945
2269.885772705078
2314.2915802001953
1580.5537643432617
1606.0802917480469
1435.765609741211
1779.2018280029297
1750.362937927246
1851.6250610351562
1602.783676147461
1736.6895599365234
1962.2145690917969
2204.9160919189453
2463.2587127685547
2361.2452239990234
2610.0992126464844
3091.556655883789
2667.6179962158203
3041.816436767578
2868.4029541015625
2498.7457427978516
2721.711212158203
2726.838104248047
2663.3466033935547
3072.155891418457
2523.050033569336
2505.361358642578
2453.929183959961
2427.8971405029297
2703.856246948242
2570.0982971191406
2455.1769409179688
2386.555778503418
2248.5943450927734
2905.262908935547
2730.298164367676
2211.5811309814453
2180.039276123047
3124.160400390625
2288.2673950195312
2592.852035522461
2808.5911712646484
2511.187240600586
2963.1202239990234
2607.3169708251953
2091.6512451171875
2020.4363098144531
2147.9112548828125
2255.1285247802734
2438.1465911865234
1723.573631286621
1982.5047760009766
2189.001983642578
2069.7679901123047
2079.1596450805664
2124.929183959961
2505.0950622558594
2300.0021896362305
2521.3008728027344
2481.83292388916
2708.0592651367188
2354.2935485839844
2602.943115234375
2621.9014739990234
2181.030242919922
2525.340530395508
2529.892791748047
2935.224166870117
2103.089813232422
2359.8480682373047
2132.1108016967773
1901.994613647461
1898.277732849121
2240.0142517089844
2473.472702026367
2243.271255493164
2720.146026611328
2768.5571060180664
2270.156478881836
1982.2700576782227
2482.9976959228516
2302.612548828125
2178.453369140625
2223.424949645996
2083.1374282836914
2166.7125396728516
1836.2822189331055
1997.005241394043
1697.990119934082
2411.5756912231445
2541.765869140625
2075.7066497802734
2062.8765411376953
1887.5947799682617
2485.1128540039062
2258.073196411133
2456.3453216552734
1842.4584732055664
2476.6149826049805
2456.354217529297
2710.4714126586914
2252.3922424316406
2179.556137084961
2889.8513793945312
2915.4092864990234
2886.019256591797
2201.2384185791016
2906.4264221191406
2356.856819152832
2606.9417724609375
2509.862533569336
2338.510009765625
2594.3657989501953
2202.1582641601562
2472.3701705932617
1477.995922088623
1678.703239440918
2069.057373046875
2028.420166015625
2082.917739868164
2147.1237716674805
2290.6520233154297
2449.3728637695312
2512.6442947387695
2090.976516723633
2487.7146530151367
2160.772994995117
2049.2431259155273
2420.2203216552734
2232.296585083008
2474.0111389160156
2447.563674926758
2096.5149993896484
2739.478302001953
2268.080909729004
2441.433395385742
2182.346611022949
2046.0245513916016
2015.2125930786133
2157.2208099365234
2514.310531616211
1998.7109069824219
2331.7077407836914
2629.7906799316406
2006.9927139282227
2352.8797912597656
2597.5010375976562
2629.7755432128906
1990.8909454345703
2532.447967529297
2103.277862548828
2369.9744415283203
2148.300247192383
1958.51953125
2077.702079772949
2724.4005584716797
2220.1230392456055
2208.336669921875
2271.45361328125
2046.4584350585938
1825.3153991699219
2004.8578186035156
2441.9498748779297
2089.703468322754
2360.35009765625
2613.834518432617
2621.4053649902344
2205.4784393310547
2282.420623779297
2399.4003143310547
2332.5548934936523
1962.721176147461
1597.1927795410156
1830.7569274902344
2538.964855194092
1831.162254333496
2380.2787475585938
1888.069969177246
2041.9702072143555
2106.9532165527344
2255.4569549560547
2267.499198913574
1946.034927368164
1851.5159606933594
2081.316680908203
1984.1424407958984
2441.6161727905273
1906.6843185424805
2189.504997253418
2664.7213287353516
1877.8362655639648
2298.423095703125
2136.920120239258
2132.791305541992
2346.3110961914062
1989.3237915039062
2059.564468383789
2094.0733032226562
2568.9510803222656
2316.011688232422
2851.4353790283203
2493.001678466797
2172.620849609375
2641.1197052001953
2618.4828338623047
2531.224319458008
2274.3404846191406
2951.0965423583984
2359.3719635009766
2873.621162414551
2303.428741455078
2860.897720336914
2155.558708190918
2123.059310913086
1632.7155151367188
2275.5484466552734
1840.929672241211
1987.2783126831055
2514.4798583984375
2541.8356323242188
2668.7028198242188
2148.6039810180664
2496.380584716797
2276.1487579345703
2161.216827392578
2158.766571044922
1765.3621292114258
2090.3740997314453
2414.830307006836
1966.0380973815918
1832.1960754394531
1912.924087524414
2269.1602325439453
2085.6221084594727
2064.2044677734375
1615.1446380615234
2868.787078857422
2868.7055053710938
2302.951972961426
2409.11824798584
2322.30704498291
1780.3570938110352
1910.5363311767578
2336.432502746582
2104.9507751464844
1588.5830459594727
1823.0828399658203
2063.578384399414
1971.938377380371
1799.3069305419922
1976.466651916504
1788.851318359375
2564.902374267578
1988.8005905151367
2438.6771087646484
2467.997024536133
2504.9120483398438
1633.7501983642578
1838.6123733520508
1780.8908081054688
1646.2796630859375
2053.7388076782227
2298.8856811523438
2067.9654083251953
1769.101676940918
2402.498680114746
2408.4412384033203
2567.4027252197266
2306.1848526000977
2565.7273178100586
2061.8072509765625
1976.9134216308594
2547.1751708984375
1758.3942070007324
1826.29150390625
2450.207359313965
1680.246078491211
2294.1682205200195
1924.2057723999023
2557.726531982422
2274.5163955688477
2228.347801208496
3006.5380859375
2286.493927001953
2066.8055725097656
1875.715560913086
1967.2149963378906
1975.113754272461
1795.5833358764648
1825.2483444213867
1794.731346130371
2543.0428161621094
2570.1091537475586
2354.906784057617
2217.539108276367
2340.984603881836
1826.8235473632812
2420.746742248535
1991.5182647705078
2283.899383544922
2193.7941360473633
2107.252883911133
2159.8687286376953
1852.9451522827148
1884.8297119140625
1812.1920928955078
1609.728775024414
1542.4959182739258
2189.236572265625
2561.2676696777344
1968.5490112304688
2244.114517211914
1875.1288299560547
2026.332763671875
2455.9708518981934
2056.9572525024414
2010.0505294799805
2472.77693939209
2169.7060775756836
1848.0896606445312
1704.194953918457
2098.2756271362305
1617.2056503295898
1754.4253540039062
2218.0262908935547
2172.0708923339844
2522.51375579834
1879.8197402954102
2422.1104278564453
1924.5286865234375
1891.0634765625
1916.1068420410156
1986.4905548095703
1715.919204711914
2408.8173217773438
1790.323959350586
1570.110496520996
1862.4225234985352
2362.309356689453
1766.6799926757812
2005.932388305664
1511.8544578552246
1636.8413772583008
2152.0482025146484
2006.820655822754
1499.2471771240234
1720.4275588989258
1907.1577072143555
2079.062469482422
2300.742332458496
1370.4489631652832
1831.8229904174805
1366.050910949707
1879.1243476867676
1317.799461364746
1767.5647201538086
1592.9326248168945
1737.4965858459473
1692.8915710449219
1866.099464416504
1247.6123352050781
1317.1825370788574
1924.1367111206055
1544.5622177124023
1473.3503227233887
1927.6399536132812
1613.7710266113281
1818.0302963256836
1687.4656944274902
1567.4844970703125
2041.773941040039
1876.707160949707
1653.8522033691406
2015.8282051086426
2249.1989974975586
1735.4978485107422
2119.4433517456055
1640.522720336914
1598.709815979004
1424.4322814941406
2053.8484115600586
2120.829170227051
1161.4663696289062
1792.699993133545
1457.9071578979492
1704.3163604736328
1969.3003463745117
1632.2873458862305
2048.1035079956055
1878.400619506836
2046.7267608642578
1653.025520324707
2079.036033630371
1340.5085678100586
1893.0497436523438
1536.1356201171875
1833.4340209960938
1650.6570892333984
1889.0724563598633
1311.0010871887207
2287.676612854004
1658.9012908935547
1993.2758102416992
1801.6408767700195
1672.5496368408203
1971.3073043823242
2126.5106506347656
1803.2642669677734
1678.3850936889648
1916.266445159912
