3215.328109741211
3284.5127868652344
2683.576187133789
2275.494827270508
2310.5865478515625
2279.993606567383
2363.2238159179688
2159.474380493164
2165.736618041992
1978.9528045654297
1990.6976776123047
2175.640823364258
1863.3873138427734
2154.7818908691406
2242.742141723633
2106.795669555664
2049.8108825683594
2061.2704849243164
2069.091941833496
2074.3815002441406
1957.5840911865234
2441.5006713867188
1806.224708557129
2092.8399200439453
2060.517852783203
2112.175735473633
1897.848388671875
1967.752670288086
2201.4718017578125
2015.2911529541016
2129.5426483154297
1860.8302154541016
1919.492301940918
1852.5924377441406
1829.8276977539062
1630.2947998046875
1502.288185119629
1915.3453369140625
1964.1511840820312
2077.0628051757812
2253.0640716552734
2057.9929809570312
2216.4583740234375
2095.2555389404297
1928.2264251708984
2022.0084533691406
1837.3617324829102
2173.853546142578
1820.3294296264648
1838.7274932861328
1907.1235427856445
2056.676414489746
1921.9959259033203
2206.7955322265625
2025.3148956298828
1959.9347534179688
2252.321578979492
1857.7453231811523
2039.8159255981445
2241.234359741211
2073.8390502929688
2576.9685974121094
2449.8941192626953
2333.617401123047
2057.653289794922
2241.2737884521484
1865.9397277832031
2348.2611541748047
2098.0851440429688
1669.5667266845703
1877.9519958496094
1869.4063110351562
1959.2642822265625
2024.9708404541016
1826.3578567504883
2090.582061767578
2111.961944580078
2282.4649505615234
2420.880172729492
2593.7002716064453
2480.1453247070312
2237.312026977539
2273.863983154297
2329.890853881836
2361.294204711914
2135.239944458008
2571.897491455078
2219.1800842285156
2383.8965606689453
2123.4923095703125
2034.130630493164
1853.009780883789
2006.0679931640625
2116.8554077148438
2077.6935806274414
1818.3143615722656
1761.1560668945312
2278.1775665283203
2113.5043182373047
2169.5748748779297
2143.737289428711
2129.9993896484375
2112.1884689331055
2571.0330200195312
2676.9454345703125
2927.9911499023438
2781.151626586914
2478.4337005615234
2340.2728881835938
2364.5384216308594
1907.208984375
2205.1319885253906
1987.0916900634766
2098.105941772461
2416.020050048828
2357.094512939453
2301.7302856445312
2117.6802673339844
2260.486038208008
2345.719886779785
2057.6067962646484
2063.9468841552734
1585.3520965576172
1819.6094512939453
2218.495147705078
2294.7428283691406
1718.9730072021484
1924.7327728271484
2305.135513305664
2084.370101928711
2180.791244506836
2284.1283569335938
2408.9678955078125
2070.7796173095703
2101.504066467285
2609.6986236572266
3120.1572265625
2599.0791625976562
2515.8665466308594
2124.0178985595703
2471.9564514160156
2239.9249267578125
1761.8771057128906
2564.734146118164
1860.766944885254
1925.7481002807617
1501.8547821044922
1933.0349426269531
1841.9314041137695
1716.301658630371
1951.5822448730469
1881.8099975585938
2243.6971130371094
1982.8944931030273
1959.8111877441406
2150.799118041992
2334.468002319336
2223.708755493164
2924.3821716308594
3214.2332763671875
2924.277633666992
2821.683349609375
3287.0204467773438
3588.4898681640625
2473.952911376953
2872.0391387939453
3193.9686737060547
2738.8020782470703
2065.7513580322266
1817.7311401367188
1834.4623565673828
1771.83984375
1802.6417388916016
1630.9111328125
2112.443893432617
1824.5106201171875
2118.368667602539
2620.7063903808594
2182.071990966797
2867.28955078125
3436.0333251953125
2960.651107788086
3150.2085571289062
2597.616653442383
2734.4032287597656
2836.301742553711
2840.563766479492
2991.9812622070312
2811.071273803711
3080.801803588867
3058.6917266845703
3161.2994689941406
3158.7467041015625
2861.5951538085938
2864.7617950439453
2691.177780151367
2923.216796875
2581.937698364258
2938.329147338867
2335.8688354492188
2178.959243774414
2347.9906692504883
2088.419189453125
2266.8575897216797
2451.8463745117188
2222.0265502929688
1998.2218933105469
1706.1789245605469
2675.362503051758
2791.6837768554688
2686.4548110961914
2523.883010864258
2730.120635986328
2999.330352783203
3144.0648803710938
3081.797103881836
2721.2472534179688
2791.763412475586
2503.9563751220703
2840.2732543945312
2859.231918334961
2872.1709594726562
2436.706787109375
2357.6635131835938
2414.5145263671875
2173.8029022216797
2167.7994079589844
2531.357894897461
2368.4376525878906
2525.663787841797
2368.517333984375
2028.5988311767578
2176.092483520508
2185.266372680664
2058.234085083008
2614.985610961914
2123.7735595703125
2170.572006225586
1871.0912170410156
1879.2231369018555
2263.972213745117
2366.8224487304688
2189.7342224121094
2416.8407592773438
2656.6309814453125
2433.482879638672
2580.949676513672
2863.814498901367
2223.575210571289
2123.894790649414
2657.2781829833984
2146.3819122314453
2434.4548950195312
2867.5714797973633
2778.1389923095703
2844.745407104492
3058.8380737304688
3286.510467529297
3323.6578369140625
3019.1583099365234
3287.7518768310547
3064.3099517822266
2978.037139892578
2741.8206176757812
2768.4297790527344
2760.6166076660156
2834.0438232421875
2601.6251525878906
2819.840530395508
3419.663848876953
2825.155303955078
2818.965072631836
2518.7217407226562
2645.5247497558594
2808.6661682128906
2955.737045288086
2736.9432220458984
2255.5630493164062
2423.959991455078
3138.9998474121094
3008.972915649414
2749.3245697021484
2456.173355102539
2827.979537963867
2521.864959716797
2419.6734161376953
2787.3240509033203
2384.034866333008
2325.6830444335938
2570.271026611328
2596.1195220947266
2414.6630859375
2748.6556854248047
2548.531005859375
2691.0389709472656
2602.139114379883
2415.2942962646484
2439.407501220703
2321.0057067871094
2370.2520904541016
2099.9546661376953
2686.8182067871094
2117.382583618164
2452.070526123047
2465.1591186523438
2256.908432006836
2325.9467849731445
2632.7534942626953
2464.9348754882812
2555.6027221679688
2343.571502685547
2434.48917388916
2663.6746215820312
2273.573455810547
2221.0169525146484
2061.129051208496
2315.266860961914
2279.03466796875
2623.8028564453125
2394.5821075439453
2382.803665161133
2724.642318725586
2802.7518615722656
2562.8424377441406
2267.968490600586
1997.515251159668
2996.2860107421875
2298.3255462646484
2069.6680755615234
2439.2505798339844
2398.2582397460938
2227.459259033203
2075.8225631713867
2386.615951538086
2736.3485260009766
2321.9162063598633
2161.3359451293945
2007.733413696289
2152.323684692383
2731.0852813720703
2415.9808349609375
2543.9119415283203
2655.6082305908203
2578.4429931640625
2766.870590209961
2582.0379791259766
2549.53369140625
2590.5109252929688
2748.805938720703
2415.438262939453
2540.6702423095703
2677.6112213134766
2737.1834869384766
2854.215133666992
2964.633026123047
2617.8021240234375
2679.921630859375
3543.9325256347656
3103.9828491210938
2787.452117919922
3001.3304595947266
2554.911911010742
3131.1840057373047
3377.1949768066406
2819.294723510742
2691.1087799072266
2673.565628051758
2783.434600830078
2673.905548095703
2809.479476928711
2930.4649200439453
3063.8024139404297
3350.881820678711
3003.375701904297
2818.924041748047
3948.6910400390625
3796.265838623047
3178.775146484375
3149.0079956054688
2963.7262573242188
3087.7479705810547
2564.2179107666016
2825.6200256347656
3161.8085327148438
2945.5389862060547
3034.7432708740234
3313.857635498047
3074.6046447753906
2409.4322204589844
3187.428482055664
2916.8474884033203
2638.000259399414
3345.5779571533203
2829.343215942383
3539.6922454833984
3115.9595489501953
3382.136001586914
3054.546012878418
2986.2772674560547
2968.9599609375
3107.075164794922
2694.77823638916
2556.842010498047
2462.285888671875
2578.0152587890625
2578.057373046875
2117.205390930176
2631.3275756835938
2363.2318267822266
3201.3706665039062
3158.736785888672
3009.864471435547
2665.84375
2904.7103424072266
3101.0829162597656
3132.9054565429688
2908.1737060546875
3190.5515747070312
3647.1551513671875
2944.8462829589844
3043.603225708008
2804.857879638672
3116.476776123047
3453.3455200195312
3214.422920227051
3264.9637145996094
3098.327117919922
3035.806900024414
2617.088607788086
2332.478469848633
2522.630905151367
2425.8587188720703
2419.072494506836
2399.9754638671875
2496.023208618164
2272.4227294921875
2420.9917755126953
2404.1338958740234
2590.835479736328
2057.7599334716797
2344.7942504882812
2790.8353729248047
2988.0650787353516
3162.6888732910156
3505.892532348633
2789.122116088867
2752.4116821289062
3517.5528259277344
2790.2586059570312
2962.530288696289
3191.9638671875
3099.129837036133
3179.808090209961
2714.1595764160156
2702.7391967773438
2890.185989379883
3573.79248046875
2874.1465606689453
2886.9009552001953
3125.1905517578125
2484.5853881835938
2425.212028503418
2966.709930419922
2739.303268432617
2420.110870361328
2512.023406982422
3000.2003784179688
2595.907958984375
2902.1462936401367
2897.472869873047
3065.3548583984375
2982.9307403564453
2888.9939727783203
2865.5109252929688
2844.4698028564453
2997.7398986816406
2905.882064819336
2830.885757446289
2909.0891723632812
3021.221725463867
2690.6795654296875
3346.312469482422
2861.7928771972656
2687.9549560546875
2766.7027587890625
3047.558837890625
2884.893539428711
2927.613494873047
3043.5576171875
2602.208786010742
3084.3133239746094
2399.0564727783203
2657.6392669677734
2383.58447265625
2097.2037048339844
3015.7067260742188
2594.2679595947266
2988.0584869384766
2108.063690185547
2255.513511657715
2182.638198852539
2695.557571411133
2619.131378173828
2805.6053466796875
2784.401809692383
2909.9175872802734
2540.6968841552734
3346.0177307128906
3213.729476928711
2993.244857788086
2418.7413482666016
2905.6600494384766
2450.570510864258
2132.870803833008
3303.424087524414
2944.0166778564453
2360.979202270508
2694.334747314453
2713.633316040039
2923.2608795166016
2056.0677642822266
3410.263198852539
2763.017105102539
2891.627471923828
2610.4624633789062
2496.367950439453
2918.3223724365234
3844.6158142089844
3124.500030517578
2836.893844604492
3423.9007873535156
2999.105697631836
3093.892120361328
3052.7779235839844
2562.441650390625
2509.65673828125
3267.5238494873047
3914.841552734375
3547.6617279052734
3154.975128173828
2922.5487213134766
2781.1395721435547
3057.6832885742188
3349.318405151367
2472.9386291503906
2883.3003997802734
3044.613754272461
2318.8876037597656
1940.2265701293945
2590.434768676758
2061.243209838867
2508.1704711914062
3327.8761444091797
2797.7547149658203
2579.3800888061523
2609.549301147461
2269.702911376953
2128.55265045166
2590.6841735839844
2416.6395568847656
2276.9100341796875
2173.4005279541016
1990.3955459594727
2309.074172973633
2999.865966796875
2332.8848266601562
2901.1341400146484
2563.5594177246094
2350.0548553466797
2940.105911254883
2509.234893798828
2493.5128173828125
2742.7847290039062
3043.7943267822266
2968.609817504883
2610.712936401367
2379.8746795654297
2662.2372436523438
2154.144973754883
2432.3845825195312
2645.0566177368164
2697.422348022461
2618.0807037353516
2892.7312774658203
2472.0563354492188
2240.0461196899414
2104.9059448242188
2579.3583374023438
2311.128860473633
2452.7627868652344
2215.9259033203125
2274.40966796875
1975.1131744384766
2902.4624786376953
2169.8687591552734
2119.0284881591797
2115.8822021484375
2711.207061767578
3078.989974975586
2155.0399017333984
2510.0334396362305
2847.3420791625977
2815.8939056396484
2636.4337615966797
3046.3075561523438
2893.621109008789
2917.9929809570312
2719.766403198242
3138.3094787597656
2666.598648071289
2658.3270416259766
2337.7627182006836
2615.872344970703
2317.6517181396484
2728.562545776367
2450.9528045654297
2392.5936126708984
2293.0492935180664
1990.671859741211
2181.8314056396484
2455.542694091797
2044.9588317871094
2412.585189819336
2057.994644165039
2055.4568939208984
1635.8868103027344
2159.0107192993164
1955.056900024414
2195.610496520996
1927.476547241211
2904.4965209960938
3295.3329162597656
2545.2381134033203
2793.10986328125
3153.6859283447266
2261.7541732788086
2582.3075561523438
2591.583053588867
2399.609100341797
2940.12255859375
3041.212158203125
2500.1858978271484
3053.674835205078
2238.235870361328
2935.1083374023438
2683.8484802246094
2081.6304473876953
2547.663833618164
2420.941604614258
2506.842575073242
2135.5381240844727
1946.8036346435547
1994.0185317993164
2864.799331665039
2435.3565673828125
2802.678726196289
2157.528564453125
2755.089157104492
2491.794479370117
2176.412040710449
2766.062759399414
2390.721794128418
2735.558303833008
2818.7218017578125
2338.0868530273438
2401.8397369384766
2671.486083984375
2549.6902618408203
2097.8375701904297
2803.5864639282227
2175.0940704345703
2527.1028442382812
2107.614646911621
2436.8209228515625
2491.301055908203
2118.563705444336
2254.2799911499023
2365.780174255371
2240.0816650390625
2429.8909912109375
2102.472686767578
2365.679397583008
2689.155807495117
2263.7821884155273
2519.722366333008
2443.837677001953
2858.1695556640625
2528.196159362793
3169.3038787841797
2300.9288940429688
2744.636817932129
3017.9104766845703
1935.0563659667969
2746.779228210449
2197.071990966797
2232.8847885131836
2280.079933166504
2949.014389038086
2444.0686111450195
2202.7643661499023
2473.687660217285
2891.2466735839844
2188.0195922851562
2250.8616333007812
2210.7486114501953
2272.9004821777344
1986.0376586914062
2201.56827545166
2120.093246459961
1808.3724746704102
1943.0074310302734
2003.0637435913086
2045.5620193481445
2332.019027709961
2120.349006652832
2313.5596771240234
2771.719924926758
1861.2887496948242
2686.1788330078125
2334.138473510742
2476.060348510742
2354.7413330078125
2840.569122314453
2701.205551147461
1611.7945175170898
2507.5843811035156
2172.436325073242
2184.9158325195312
2716.4587631225586
2216.3466415405273
2377.726287841797
2479.07772064209
2062.6375885009766
2523.4561309814453
2722.968490600586
2300.8591384887695
2459.8121032714844
2055.965316772461
2601.420555114746
2745.089141845703
2570.2101135253906
2437.9225311279297
2473.169364929199
2646.0471954345703
2185.0818939208984
2573.020736694336
2218.172294616699
2155.5997467041016
2298.058395385742
2350.870819091797
2146.698974609375
2511.187026977539
2136.8531188964844
2555.481430053711
2213.6233978271484
2811.2249603271484
2369.251045227051
2267.3396377563477
2840.5581588745117
2621.679344177246
2015.8956451416016
2024.0199737548828
2193.737823486328
1810.712028503418
2558.717674255371
2159.1835174560547
2234.049102783203
2187.389549255371
2059.404083251953
1652.9232788085938
2331.729965209961
2225.027618408203
2426.7683486938477
1971.0463562011719
2811.0579681396484
2506.5926666259766
1825.4696960449219
1860.596565246582
1861.2090911865234
2489.0191192626953
2157.001335144043
2229.557548522949
1871.6582641601562
1611.0184478759766
2017.4490356445312
1663.2628555297852
2017.1277923583984
2113.311698913574
2076.73331451416
2423.703224182129
1803.5983581542969
1935.7429504394531
2074.0075759887695
2487.5686950683594
2244.509811401367
1715.9342727661133
2050.2791900634766
2329.9143981933594
1981.1024932861328
2209.1910705566406
2333.41854095459
2015.0305633544922
2706.1146087646484
2066.488945007324
2515.305503845215
2476.7396850585938
2375.2962951660156
2262.383560180664
2097.2289810180664
1944.038215637207
2044.6585083007812
2008.6296157836914
2276.6772994995117
2112.177993774414
1701.8465194702148
2241.3430709838867
2280.1361236572266
1983.6466064453125
2180.7859420776367
1844.0674285888672
1634.5953216552734
1870.5153350830078
1701.5381622314453
2439.584442138672
1921.002799987793
1665.128318786621
1942.1287994384766
2024.5104675292969
1640.7145462036133
1922.465072631836
1797.3667297363281
2049.983413696289
2524.870101928711
1693.0733032226562
1618.492660522461
1918.2775268554688
1559.3300552368164
2425.986587524414
2070.43839263916
1959.2118835449219
1916.662956237793
1921.3061447143555
2135.4561157226562
2057.215679168701
2265.5576400756836
1681.274513244629
1606.6838760375977
1567.0419273376465
1865.5394668579102
1103.0204582214355
1786.5149841308594
1958.0369720458984
1586.945541381836
2083.875244140625
1892.5513076782227
1772.9958038330078
1751.5808181762695
1805.3610382080078
1473.6979522705078
1429.8100662231445
1357.8705444335938
1446.1575012207031
1776.9313201904297
1438.7106857299805
1465.6826934814453
1568.6020431518555
1687.5382766723633
1340.7642135620117
1750.8865966796875
2098.3130798339844
1977.3556365966797
1962.6188583374023
1539.6621780395508
1552.032585144043
1870.6549377441406
1905.893211364746
2222.7176971435547
2187.9602813720703
1677.4500579833984
1611.113784790039
2175.495834350586
2083.5741271972656
1618.0344772338867
1864.1200637817383
1563.6871795654297
1352.255111694336
1585.5164794921875
1597.6322326660156
1399.8486709594727
1506.8776779174805
2091.7581329345703
1263.9669075012207
1757.8478965759277
1544.2377738952637
1661.2001342773438
1968.5252227783203
2042.847557067871
1578.3507537841797
1736.3691864013672
1369.4754486083984
1478.4059715270996
1557.2588958740234
1446.386058807373
1357.566017150879
1407.5307388305664
1515.2356414794922
1805.4724922180176
1981.1303939819336
1958.046371459961
1196.7494163513184
1796.0122833251953
1755.2854385375977
1731.111717224121
1734.059944152832
1393.6220092773438
1752.3495178222656
1279.82474899292
1430.7926635742188
1329.8119010925293
1220.059211730957
1557.2899322509766
1788.4406127929688
1843.0888214111328
1641.105167388916
1558.7074661254883
1831.1399002075195
1766.7132110595703
1400.9220657348633
1859.449119567871
1376.946144104004
2006.4237670898438
1727.7820739746094
1665.4475173950195
1881.7916259765625
1198.2054595947266
1432.2617874145508
1399.2110290527344
1393.224266052246
1777.8001403808594
1730.4833946228027
1783.411865234375
2264.8696365356445
1451.178321838379
2311.2402877807617
1907.6563339233398
2240.555534362793
2301.357955932617
2215.376007080078
1771.0837783813477
2386.558967590332
1786.395980834961
1728.8695373535156
2235.3971252441406
1961.270866394043
1690.5043258666992
1878.426025390625
1831.3207244873047
1487.2025604248047
1415.2930526733398
1623.3682556152344
1434.8000564575195
1123.1523361206055
1801.5121002197266
1441.3073043823242
1176.1878128051758
1605.2789726257324
1361.9057159423828
1329.1438751220703
1472.4714431762695
1501.5096435546875
1689.9220428466797
1625.5145111083984
1433.0611419677734
1497.441291809082
1784.1196823120117
1443.1217193603516
1596.8641738891602
1119.4962158203125
1458.22412109375
1215.8164749145508
1268.9702262878418
1822.7403717041016
1386.0382614135742
1281.049961090088
1450.4145584106445
1241.819564819336
1519.5894966125488
1386.2550621032715
1806.7646827697754
2243.8858184814453
1761.6206283569336
1872.5066452026367
2122.5792083740234
1631.7290649414062
1612.9109573364258
1923.6688957214355
1688.9377746582031
