223053
217607
220478
248013
215199
217141
210572
217457
221865
215987
212580
221646
236001
213155
241634
216562
207158
225724
229031
223626
234952
221887
228456
227790
235629
209119
222869
222048
215335
224511
218848
224006
217157
203182
222952
218612
210623
228227
226225
231529
215336
229308
217970
220512
237011
219527
227561
236980
241149
224170
220067
218823
227912
226354
208705
219536
234327
212504
220352
210568
222248
221769
212962
218470
234005
235405
224551
231406
229849
220829
208866
216851
212337
232627
228353
221999
231217
225889
212835
222747
222208
209924
209556
203796
235216
221020
221691
229822
209065
228471
238755
218372
211777
227580
214173
233399
228126
233707
215701
223100
225220
208540
229093
219508
222037
227800
210608
220634
229325
206121
230022
221533
225612
218253
225140
224973
219354
221574
213613
222953
226730
227593
210761
220953
224217
227293
243008
236987
221443
212303
240991
217847
215371
211662
220650
245089
209011
229935
215052
220868
215548
218493
224607
221212
234755
231236
200713
213783
231594
239575
252087
216146
202888
213159
219899
215702
223397
223328
219314
222861
223858
212182
218459
225398
221581
212036
222974
229673
226559
216060
226487
221941
215044
248888
215621
235471
215591
228029
205086
210325
220205
221538
260778
210816
230515
201472
230202
218385
205702
217222
213675
205613
234973
228538
219566
219854
208548
214623
218199
209862
216947
251085
206786
225960
208726
215381
223730
221592
212415
211896
227386
224080
236977
225910
230241
232753
218826
208589
228286
219223
215704
214788
224254
223531
221251
209895
221741
222915
218419
218599
218014
227948
202699
205083
217321
223185
237854
220150
217316
236418
229198
224882
213471
209967
215853
225757
224517
225735
218954
214211
258839
224640
211512
212832
213687
205997
234609
226068
223093
251576
232559
217509
216128
233330
223370
209772
204222
227523
238081
213724
208541
223967
218554
218635
211519
204874
210246
215157
226068
227516
228041
209190
224773
218667
208636
241452
228527
220008
212708
217894
222207
208570
246720
233180
211020
205958
211576
228547
231349
211878
217801
210382
230650
209311
222943
213783
225787
235982
220564
222224
208772
223435
217605
245590
223957
214108
218417
212505
217434
212459
233130
205646
213494
212993
213732
230910
202861
209032
229643
226605
203772
224143
220361
214060
223089
209860
221688
220891
228001
204056
261480
219367
204369
210966
223099
254485
225319
246096
213995
220314
219289
222925
207801
210033
213118
251963
221219
224766
217088
225004
215188
209066
213764
215046
217714
233321
225031
215774
237189
211157
218722
220640
222279
236894
262573
209733
243458
214930
216786
214505
219056
217735
225782
211680
226390
205587
211623
227425
230106
220802
225917
217460
224499
201557
254608
215596
211179
219737
221466
218706
217581
246121
210295
230160
217264
215793
207740
222716
218048
219855
260988
210869
186335
209884
206213
222515
219291
215997
230791
208303
211677
220876
253361
245552
213184
211316
215618
249209
210903
250971
219667
223620
228508
202919
226591
211953
252057
253080
213525
212063
207060
219836
225638
219517
216848
222546
216713
215510
211750
212842
212960
223499
213013
212279
204037
205712
220898
212682
222950
270270
199932
215138
213585
219496
222716
209418
212376
219789
217202
215514
207523
221121
215195
219362
202443
207974
212405
215185
205624
207436
218981
209041
215133
205702
247731
209496
202654
222858
208904
268314
217507
227752
199983
206348
223795
215050
218334
218215
225877
218182
192729
216919
218662
262371
245943
212762
215983
212430
227996
208148
218313
216665
209236
219912
215248
228995
205268
224302
218446
211397
216176
217756
222057
215989
257283
220501
223278
212250
210218
220674
215626
220392
211946
225320
208940
198372
210608
233165
210671
227156
253789
207971
228089
219207
213807
224920
213399
214226
204308
261809
223387
224345
250924
214982
249136
208542
215113
214558
226857
208409
217429
219600
229556
207471
207315
221684
219860
226580
218922
256788
220631
206774
247426
201208
218329
228069
214886
211562
212732
219458
221591
215240
269807
213676
235083
209769
214828
218220
212365
211316
231518
258374
214859
216775
200939
247299
262898
226115
224886
207753
205554
216934
223430
206134
217427
230459
245603
208435
221972
206677
226955
215137
211146
219502
211454
258720
206037
221120
218623
227969
208774
199617
238505
253847
225701
218754
214665
210930
258836
229885
216072
220916
203746
210101
215700
205285
209852
215850
253398
206400
228433
211607
199602
212363
213224
225296
212036
216354
202441
207294
208416
275206
213269
218508
205849
270474
206777
230371
263839
217651
211062
210881
219928
219084
210634
275028
249522
203063
208174
209485
219200
201798
207560
237869
222447
218106
265476
213526
271087
212083
201015
228709
218195
214530
212376
216637
233047
216283
246146
228606
221276
257828
201422
226540
210676
206367
210193
245426
223433
223183
219465
218007
217988
220613
218104
219438
225276
224658
231620
257744
219915
258222
205903
209998
233407
214264
234969
215915
220089
211943
202647
276598
212570
232163
207399
209490
203929
216902
203059
214538
213085
227062
214964
219323
228993
220163
252989
220066
212710
214436
215385
214763
197369
232910
206512
216936
202949
218723
221950
263607
214200
221873
218349
232208
213675
222420
257611
213795
211689
258980
222514
222409
246983
246076
210888
216698
215780
218955
209543
202284
201041
210090
207201
219702
281365
205477
221816
218734
209482
205963
262025
209803
217528
255267
228372
208506
225110
208281
211077
208296
218164
214064
223471
214632
204716
207172
220046
210408
206206
220169
212810
214144
213447
202304
224148
220025
259174
214201
265562
207507
210181
228834
231562
216129
262307
198049
263692
258806
207180
264563
212672
215794
193660
266494
210398
214963
221194
263067
207438
242447
214822
263833
212182
198481
217554
203835
211474
214210
211226
214584
211648
217002
218227
200569
203256
206915
220782
211806
211164
199134
207309
215039
216879
230835
216729
200988
213910
236666
229512
260515
213955
230153
204261
211368
202957
229758
212353
208327
225540
208068
212646
207797
215441
210394
199178
202405
226253
216876
253848
202390
228426
220546
250522
216224
202055
203704
195981
217077
212193
204711
206550
225280
213786
208888
206426
217679
192122
262743
257351
208250
202519
254705
215819
218011
204456
247909
212070
228549
267647
210570
206332
209717
220208
224770
253514
235384
205959
210047
202058
219299
212123
195471
205750
201260
235473
209169
246976
206718
216226
214603
211985
213983
213236
214674
200004
260524
208054
213420
205741
208137
244263
198983
217666
215602
249177
219230
207084
203557
236558
196740
214239
208102
206086
195154
262095
207383
210524
208181
203110
203605
205624
213558
216603
218671
209066
213251
201103
233237
203083
252486
215976
211990
224272
212736
221701
211180
269004
199120
209074
279030
220388
202437
215737
237883
261223
204960
197306
198409
206769
208926
213071
207818
196304
205542
206509
191888
210719
198689
209064
261593
210915
205819
284910
212047
219513
209491
208890
200331
276108
212242
214005
197514
230932
215598
214971
215978
205086
204354
229121
240901
194681
231491
211052
213574
211190
212096
205080
204984
190959
198648
208150
216377
248299
190787
264244
206534
220332
272438
213160
212277
206760
201950
209483
216166
218075
200490
208718
206244
212057
208233
190200
208075
223615
219631
202914
210336
217074
203411
211863
222380
206660
204721
211438
220448
207828
205145
213793
208175
207616
224001
259899
198784
207101
198719
203731
202073
208073
212012
248854
211508
211854
198645
204556
223559
216340
215659
200838
207600
216841
209627
193219
207836
212495
211769
270026
227194
224970
209260
206029
216359
214846
208027
200347
218607
206727
219760
218481
202134
201083
203484
219692
209739
209026
214686
207594
254815
209826
214463
279598
215395
198323
212903
231098
211013
208687
278191
208415
267665
220761
220985
216983
207920
207555
211989
216165
217923
209122
202828
207384
212320
217555
256650
209107
215723
204248
220892
220307
200700
201052
214189
207665
259277
199301
186528
241301
202635
210400
210208
211159
210479
205270
208991
224118
263329
210081
190201
273243
218423
204743
256141
211822
207358
210156
210715
222090
194471
211086
204869
205285
195162
239373
212754
233058
199138
224466
210831
198290
206167
207912
207410
219716
221717
225002
270087
194005
211394
196581
216291
214710
214765
249691
216783
208065
211822
230072
220720
270451
215054
276060
199208
217518
219738
208262
205253
192674
212036
200069
188817
197973
204518
217403
195977
210088
234696
190317
211183
209937
221717
211200
214890
210146
266840
217821
212502
208300
205594
218737
218794
193944
270142
206192
214122
222744
229694
257655
200998
216321
218924
200668
200436
217704
275873
216994
210890
217212
208594
221447
247602
208965
200504
267699
206023
270245
213697
214161
228419
209188
215094
197412
219322
211058
204021
205452
192487
203065
229621
194222
234570
206335
200758
202084
208540
209079
199506
203385
218175
200347
209557
211371
203260
204956
206185
211068
207603
196175
188605
217253
269863
196561
205004
190415
193879
213167
203512
213014
202946
213228
201564
201818
212654
211935
212736
213765
204370
211928
262503
191015
198252
230831
212077
194249
212947
197711
203980
194839
201728
211661
211168
206957
207690
268019
230745
225931
215548
210225
218965
215157
198033
209994
214282
211135
245822
221932
201956
197452
196214
215821
246243
198903
192444
259742
199230
212207
199746
219345
220769
216134
204158
213565
200888
204899
200788
215119
210656
206702
201378
209514
201597
212323
224896
248628
201487
208835
226710
204817
212051
203731
210978
215560
208259
211239
203990
202911
202727
209528
198197
217421
209429
206278
218334
199993
204847
216685
204309
217855
200774
201088
198974
224065
213914
208876
200033
270858
191005
199078
203424
195892
194352
220994
212657
212444
210764
200106
195628
218187
210638
200085
222428
202279
209224
202942
216717
245992
214574
199648
208110
250645
197806
200558
182192
203712
229131
212548
202402
196136
213149
228157
215969
194237
216281
212399
212746
199788
196439
206884
221631
200011
245600
204270
211152
209834
196558
227724
258184
214974
201973
198789
255143
257417
234298
218116
190568
195527
204723
188500
198601
206024
188567
192161
205126
264968
204050
204792
216544
209984
217091
203592
205505
201623
210385
203971
212611
184729
209190
265451
204407
236047
191878
212996
214284
213398
199706
193807
205678
263099
238619
223283
267069
272658
197953
220882
194924
186175
200209
214326
225748
207812
248994
263187
212703
213737
201764
222068
201244
185143
226118
256505
207132
204879
210904
214032
250833
203616
205555
258480
199524
192937
212266
201946
216490
214812
210516
198894
207823
208045
197075
198700
263101
187762
218348
210088
218240
204365
204201
214688
209587
197898
216044
212961
200446
190435
196854
194157
243552
221870
194325
195784
200320
210731
193229
197582
213605
202510
199576
191208
197086
198291
205400
198504
196781
206516
213989
266270
207631
203076
196831
211744
210489
215245
212789
206117
250557
196730
208507
208013
210379
216026
219135
209187
197332
215312
197695
205101
229803
207279
203752
206430
263101
196661
220078
196420
193895
202286
208314
208350
232761
256854
205427
188097
204228
199910
201736
217033
199774
203965
198320
230633
206783
211443
199072
207865
189382
213115
263814
261771
188381
205473
209546
260630
254739
215361
206833
259955
211411
209953
210500
198476
200063
205487
200103
201621
206793
211931
202848
250832
205357
201544
199569
205257
218132
208405
209496
202484
208793
213749
229002
192031
214418
269429
203747
212954
201238
218680
256576
222873
209913
210054
208077
203932
197987
199469
220362
195944
199862
217616
261761
217989
198172
219975
191673
232668
208887
199062
192417
211208
200890
199388
217000
200975
200341
214019
219163
197884
210393
190407
196773
208987
206595
198114
216973
195805
208550
232561
197908
212412
196637
197361
222494
212053
193524
210398
216841
227032
241989
211142
206616
200945
221045
195934
198875
205389
264689
201095
266489
210170
199516
204856
203968
257663
222518
196384
222625
200033
211949
211623
190036
222175
215366
199165
207703
271488
250131
195273
192208
189668
198759
206937
201078
224425
231182
196488
207522
205867
208840
200155
187104
186574
195874
209504
202005
202804
209032
204064
208341
257170
210233
211614
202634
204974
197085
256358
203370
204130
198358
210929
201022
194455
198502
209699
212262
207503
206519
204739
250111
198776
200534
208856
192855
202334
189558
248752
195301
201641
222646
202369
216483
192270
197297
198824
246412
211174
208545
184945
258136
254978
198308
213274
209131
208793
254035
207429
254744
205647
201095
247488
195856
211255
182043
198739
208805
194327
262675
201848
199499
206546
252601
213735
203784
190157
205338
220739
203251
204539
194857
207050
214799
213335
188939
188957
215844
200951
214108
195173
251711
196714
208417
198326
212160
195978
201303
196382
206672
227566
266730
204170
199452
196869
198834
201929
209002
206899
204140
205856
213792
213808
204544
221186
198308
188668
252090
185320
194328
210502
208606
202337
208879
205282
255998
199058
232637
199583
197638
199107
204720
201973
203558
198644
218119
202836
198547
190238
188839
199685
263354
195662
221668
214953
190926
217623
282360
195822
212290
190586
198090
209248
213051
203615
252559
209142
208602
206936
201268
198184
205019
191374
192852
191918
213789
261041
190790
207159
266317
218871
194120
266237
217692
183009
202503
188545
205691
207637
204377
185390
208974
195834
212301
276613
196108
204813
195377
247721
205400
186017
199015
260075
218928
219608
209403
219089
205229
212489
200211
200587
209800
207125
189893
208491
201272
197893
205393
194422
186707
215202
224302
196086
213275
198706
196725
203223
189132
207099
259553
249648
211836
201665
245032
260367
199526
199567
212011
189696
203878
214607
237816
212183
245599
204839
286209
201501
187113
199311
206797
194203
213312
204887
256640
194460
194265
212444
198586
205728
200699
195086
193262
211993
219381
203064
204713
193526
205477
203967
216443
192829
195375
218386
196435
192748
192301
266672
227463
203210
202705
207084
196265
218709
203586
209906
192978
204521
245080
247722
197794
208010
201517
197085
203540
204354
233860
195437
204025
197903
248139
201051
203898
200380
201766
205535
202355
206672
250673
204854
200662
193495
233725
263515
202891
199873
200142
239967
255538
219848
238096
218225
199039
217910
194359
198665
198292
196496
198329
192037
195706
188631
206426
197844
250085
188843
189934
209089
208258
272417
197494
203276
214145
200871
210243
183903
195792
207872
201616
195085
223727
238875
186906
214046
206107
195616
206059
202787
205371
212166
212656
249871
190301
211144
223596
205847
198542
195681
205317
197123
202310
205989
198637
210883
214026
195723
199652
182935
208727
198232
191066
204681
191957
188539
198009
188525
187898
199047
204791
204413
198067
194796
205591
222305
202276
211067
201955
200658
238482
197950
200201
220780
209001
201159
268461
207463
234109
207029
197167
196774
197945
201979
205579
191104
200368
206687
199196
199350
229880
181884
196933
208947
200308
214282
232547
211465
225058
202715
196792
188229
189125
215462
237474
186384
197563
202014
184186
190876
207264
197509
206405
203031
200383
196791
211080
257717
200592
200334
201267
192884
205692
185343
199829
187749
206263
198170
191535
202115
196562
244138
243628
248788
203799
197660
222852
222070
186153
198345
205452
197717
184832
203275
186231
190016
201938
198091
191670
222632
199333
192951
196280
188303
198041
196461
254000
201940
193417
185161
190557
197074
192362
204285
206609
205360
238271
202376
207103
196098
198067
210397
178030
200237
198848
192669
200145
208536
210211
198208
254252
201019
196427
202977
197640
204060
197466
196692
217733
186496
207790
250664
199760
201239
204319
198918
206834
195970
206834
189668
197749
190268
195039
220787
225219
217933
207269
221892
215607
204384
192171
186819
191890
209985
202293
250313
208822
197107
209169
190774
234496
226265
224784
195095
219330
258738
219853
186236
207895
200809
188756
249611
188226
196952
200095
190051
189160
206531
191701
256184
195966
224053
202458
194826
197804
191245
191989
194072
206429
185794
208018
243767
185047
261262
215003
199558
191615
191251
208738
196798
190633
201112
195687
214196
219469
222389
191507
196784
210481
186288
245813
230619
198835
193389
204556
205865
186069
199407
200323
180201
202279
192501
192879
222017
204543
225569
258998
194503
203548
197041
208574
198057
199425
194177
196753
196322
200565
203852
202422
182537
255348
211556
182808
216708
237367
189554
203165
253940
226033
234952
192697
205132
199884
195660
194124
202311
198596
185634
191125
199205
199879
190731
200980
228646
191035
193439
217961
233065
192472
205221
198820
187666
192538
203113
182977
201946
253075
205738
227590
244023
209880
195182
198573
200829
215640
201432
190063
247435
271117
189270
201278
192221
199790
186491
197084
207710
196891
204023
193233
249369
200009
201619
192131
219115
206250
196711
192968
193074
199043
197461
183615
245586
197602
250145
203626
197965
186842
202396
196993
204122
195824
241667
197395
191644
204212
191369
206518
239311
230232
177035
209751
200386
203117
200024
191159
199220
221822
260417
195122
192376
189801
202897
197839
205218
251414
201922
194073
193334
225735
200103
221169
198573
204760
185450
198889
202747
212820
195599
211595
209753
239009
229912
215192
205465
203983
193279
181909
196766
214516
197281
209715
206984
205347
207886
225781
195476
209026
214279
187531
188032
189047
200921
197989
184643
205866
202938
179677
195290
168959
201991
188684
177338
229569
257777
184840
193810
200275
247683
185267
205001
201621
196780
197651
184778
191224
201491
197679
192586
219008
205372
192544
194558
231239
185144
201449
241980
200500
202614
193108
197170
197775
189087
184676
195452
237750
249379
200114
179982
196086
191969
196712
200654
195246
260500
195457
179425
250614
192350
215516
203300
209411
202676
196869
187875
207557
199211
206650
203070
198377
185196
197442
196951
187537
203297
191747
191882
205579
202325
196054
247619
193188
211178
262177
202064
217322
236135
180234
265767
183300
188449
195841
212625
187350
214782
187138
250667
183999
194285
194428
194221
193773
195344
206282
209393
202731
207074
210925
204759
242525
247052
220355
200672
191204
191189
190264
190982
184871
185766
194475
183275
194179
200782
193031
229783
199828
200681
202662
204695
207225
204879
200141
195500
202991
196378
186303
191659
187223
198394
206694
192952
194227
193773
194592
193972
185908
196602
193040
259203
252271
232361
202961
196439
229987
196003
212334
190291
172530
196836
182532
204779
193580
194672
178276
189472
210960
201388
189950
185242
182608
196774
194342
244964
239541
197507
208204
230427
263120
214135
203855
195226
194716
189624
239664
200069
201665
191237
205822
204108
199508
188853
186290
195713
198087
194096
198779
209962
195400
197825
199872
195298
195795
194042
186773
200901
257602
202061
256742
195062
187454
203216
208575
224167
211149
218955
193665
194983
195712
249191
186345
184330
185669
227775
197962
194081
193709
201661
184868
196650
202918
193870
197025
199642
194579
181535
184652
201645
185878
178558
196096
193879
226405
258651
237552
263096
195894
201555
191553
191721
193430
187766
220560
186665
233589
222087
189992
202706
188931
236649
250414
185736
256563
191817
226268
249830
198114
208234
193036
194671
193162
196673
192691
189092
197455
205212
251767
197809
198553
203905
238434
195180
197691
193460
188055
209839
194202
195457
195051
196064
191257
181640
193484
178822
215077
196759
188809
247194
182484
192908
198106
198437
194249
195784
199258
187347
193344
197274
180027
224699
247625
206230
185990
208716
189731
176032
188559
186170
242353
219036
209118
194142
177463
182641
184682
210561
198812
259203
199264
202411
209267
188802
186537
193573
175672
186130
225609
191407
244481
193825
205163
190425
184878
185331
192917
200242
181381
207583
239819
191569
190204
217237
252116
196440
208462
196090
195955
203082
224515
188231
196073
192920
192169
189758
198006
191978
222122
206959
196855
194616
191902
200538
186468
181479
191996
188739
187754
204064
190926
230840
190778
191808
258264
251825
195425
183344
238259
202276
179900
194432
199475
267983
239653
212941
188493
227613
261797
198198
198685
203575
186002
195416
200038
192003
182698
197304
218197
210086
178328
177387
200043
192715
194108
223043
194187
193063
228376
198811
180910
190352
186677
187269
191756
206774
181697
188229
187216
191269
235440
250672
183299
194610
188699
189835
187656
193636
200349
210598
242228
190055
190692
198152
195657
191965
199243
193955
196108
192993
179180
196703
198282
196632
199037
185189
189845
186246
193070
190926
228282
221252
192428
207628
187261
252335
191963
196497
190107
191996
198893
223975
236394
189919
189858
183360
208027
189152
195361
195127
206530
237800
197520
201811
193152
258592
185065
218130
193136
195667
177398
187203
177534
248137
189169
238556
222966
258972
204790
190095
186033
195895
200764
214316
192015
206574
183237
194348
203400
215719
220378
192893
193182
221713
240430
177558
194816
232958
188413
217984
169400
210506
196217
196921
192621
244221
202689
174631
193463
204068
195800
195626
240145
191807
221538
188122
199677
231230
250350
216452
187464
201494
201091
192700
198522
191819
200459
186998
190164
197631
180684
197487
182446
216113
234501
218142
178089
176940
185526
191603
189501
187621
198247
208243
189508
191726
189717
187823
187438
208788
254930
225974
200143
194318
232854
183768
190372
195660
204295
183351
186548
191558
192185
184900
182663
174553
183985
227066
208078
254760
230212
197962
219051
188546
187345
186135
198269
179684
184285
186299
198856
182519
184343
181483
247205
173050
196116
206769
228801
178486
191762
211890
187686
188991
203807
187625
196331
186416
181060
193356
188801
197774
187571
188732
190984
182772
186157
190309
180750
207184
184624
190891
194101
201020
192685
179265
187959
196883
194248
204984
239989
240369
196192
172193
180111
218770
217774
235019
189624
191432
213679
266048
194697
198443
202273
184097
190612
196624
194721
183367
177582
178552
197415
177408
215355
178234
186184
245667
244485
183286
193960
207974
193112
199201
193576
190929
200296
188931
190199
193819
181595
202524
188552
193013
228846
173960
183638
189356
191342
212425
202969
179976
182734
184761
188808
179954
198622
266721
190534
226594
215588
247194
212133
194330
215640
184791
233374
242082
238165
205694
248408
188985
219585
191223
178445
210175
191097
189412
192240
205061
199123
204375
246420
186740
191969
181486
199546
243483
186671
199843
188058
186812
184519
235699
195250
191362
188516
198814
185864
204697
188638
179227
193707
198027
197663
191357
176702
180879
215947
221000
197004
190523
191724
223173
194903
189435
181696
236355
209194
249001
196671
192950
202748
195194
189190
178514
227228
192851
192804
175075
182013
199887
195325
181488
219030
202346
196430
190535
183278
191579
194006
193228
191244
184920
242292
186439
196262
238441
195878
187664
204160
200834
179606
205989
183843
183260
199503
187807
185451
196508
225902
228523
186662
212242
191169
197135
203560
227959
251107
188228
178041
185438
196436
182383
180751
251798
218916
193434
186989
177067
192802
184862
181994
181944
197794
192172
192709
187769
193902
240119
190506
187325
176821
198216
202182
196263
239697
214103
194963
201285
187743
188968
215995
212335
244547
186874
185264
199577
188902
181508
181481
240497
223950
186713
220036
188776
185710
184222
178481
182397
189974
251717
193502
185925
184252
178338
233960
186631
248166
181777
181160
184322
182415
195295
250350
193177
182412
193361
181275
179263
185120
209702
236822
229334
235667
183102
212270
197541
182530
180508
240295
209332
196407
188919
205437
182046
192059
201920
178373
186775
249079
255115
189326
189005
193498
183983
186892
175798
174584
184480
202161
182907
195328
186769
183316
181583
207888
200176
195209
183073
191194
184342
171020
181427
202668
223431
231103
209766
243824
193175
178617
252025
191203
181313
196105
219086
266350
187144
191093
185716
187586
188003
186066
188213
190881
234397
184227
193869
173897
181702
177489
193009
192356
199181
202384
186769
189610
176275
170473
195019
181737
235707
180102
192266
187522
172461
197788
197274
189564
245171
180322
187727
249829
196670
184265
209736
188909
194726
192999
218778
195254
184780
174184
197742
187010
182624
190382
181123
244850
194972
208683
201231
188784
184295
219231
181242
198340
192979
181206
204496
202648
188218
185432
195258
188374
226309
189978
177481
207593
191514
170631
192043
186699
178479
183441
230991
189998
197499
207276
218034
181392
184900
190034
193380
186870
192068
187553
224936
182886
179416
180558
184806
177999
177638
208460
177958
196061
170315
181727
181419
189820
189102
192335
195288
182746
251637
196383
220350
181235
186604
192406
202757
185456
177175
184463
217218
184199
195064
182289
226910
182552
181233
181057
177669
190452
187816
185561
235769
192540
195192
184807
178032
185447
180355
202978
209912
216075
169957
191287
175246
222562
229570
181810
202233
184193
214393
229410
245464
184443
188548
218239
198759
188532
219545
182098
222397
200702
194602
232764
182165
239070
185882
188268
228748
178395
213899
215814
172833
193829
194803
182946
176967
187404
192149
187022
188035
182790
191421
184843
245516
178304
169563
178144
184934
188566
178215
184966
192848
185453
224514
253882
221944
189819
207499
179907
188639
197978
222081
191289
190956
238677
242455
193864
193067
187040
206617
200125
218803
237035
223233
202814
201507
171888
239496
187920
198952
180506
180956
189460
191475
184665
177486
175119
187892
224885
178450
194248
175129
181605
186489
238003
188791
175840
178034
169538
183365
185250
185444
180642
177074
189559
189328
184211
183114
185249
225388
247638
244507
247433
178491
190490
186627
193713
183450
191426
232202
189248
196629
182666
187396
230017
220076
187318
185124
222348
174061
195914
182907
200819
181839
192023
177593
190861
187175
194227
182738
178711
187075
189392
196519
175530
190186
181134
187263
172717
245238
174317
184757
184827
237361
183587
189027
190224
205082
192363
177870
177275
221183
199522
185161
202068
196580
178989
181489
186229
181157
218619
234681
217415
171146
209301
216538
203815
214709
189877
179908
188110
183944
176965
185712
167661
213631
174353
183675
190400
180392
174701
222648
234628
231592
185358
185051
182691
194261
187441
189720
193742
185755
190479
189619
183404
169967
176138
224611
234657
179848
181947
188026
189383
196481
242708
186968
188925
187963
177931
176923
176286
183247
188529
177822
177703
189441
188107
185608
194733
180492
183469
183849
192483
212617
229694
197434
179714
202820
191980
181660
189407
173705
181229
195061
186689
231099
213052
180484
231354
197827
192466
189779
217504
205243
247160
179801
249011
174101
174356
192395
185736
183127
226858
176272
190594
225796
186168
180782
214409
238202
226252
201562
220539
192167
212311
191682
184026
180642
176902
181041
190226
173206
192282
180681
174675
180159
176625
180377
190197
190351
187444
190113
181289
213481
211138
212203
234762
185047
181473
186218
182772
182077
195432
181824
184570
188360
170239
196703
223824
216005
240829
188896
223225
173285
192535
185546
183945
187229
193861
208514
221801
220605
194422
177048
179428
168737
169473
193635
180357
186027
235008
211836
243988
186108
168068
189881
174114
185750
180865
176836
178629
174339
223900
251196
181263
192177
218860
208885
183522
175383
182015
214195
184392
183633
189769
184822
182464
174727
173419
182957
183566
195490
177919
176045
190734
192437
179217
227393
238985
213593
234014
204301
205114
224075
174419
187542
193206
205788
216376
169131
182742
184756
168209
177304
175858
200553
176343
175873
221585
193652
191176
212118
237775
177954
230031
182334
185028
234569
191995
171802
171016
173057
180121
180231
179955
185053
183334
181394
179538
222549
210012
180628
234015
195380
235422
202912
227645
205490
174911
173127
178735
167866
176099
186429
182470
173033
191307
221752
213913
192544
188301
247649
179701
178019
171620
171494
185632
182893
185866
178693
188852
187274
181185
214544
215332
207730
185127
177069
190719
174698
171922
181196
215737
179025
175680
164423
181639
186225
179062
175924
182584
182605
174660
180315
179832
200610
211506
226899
226775
228311
185946
181089
185022
164660
177061
184029
233516
178061
210247
194101
185268
190659
188704
185539
175815
180491
182785
177210
181015
201416
172525
183064
176519
217919
216537
182741
175999
179257
166833
230536
170677
212805
175999
181060
184037
201889
203091
191754
223048
211582
176992
178696
191602
176669
174485
180299
186400
184144
177583
178913
193863
194687
188078
209560
181472
183067
244870
230653
179157
177897
216135
227805
192578
188130
180117
194128
209872
194455
195918
184190
209940
244627
172878
188211
180306
188926
168843
186675
180761
194172
189526
180459
170209
162118
171598
177497
185559
176788
179273
211893
223949
216038
213071
182296
194593
176862
239615
181764
221448
182419
185777
217664
188975
182731
179317
227562
209670
181493
170133
181867
199873
176927
208716
248006
201892
179170
177790
169722
174717
182422
226503
175756
190740
176213
187545
241137
183775
176073
175131
234446
175897
173824
179452
168771
174181
201357
186023
185390
237367
181290
172066
183141
201481
174418
182633
169247
189163
180352
189162
232707
182889
184053
187700
237337
185970
196355
171920
185666
182003
227575
229483
174972
192270
168970
178830
180623
175093
170189
185026
181747
162178
186838
181970
168800
167928
233202
205661
223426
217239
189937
169302
199160
220056
225595
182018
221726
182438
193005
177589
176383
180457
173268
176520
176280
195111
179801
180238
204312
186183
173297
244003
178566
185464
174227
188786
185415
179004
178682
178600
219690
204966
219207
199167
182220
187700
217862
180062
187093
194405
226959
190591
179462
187589
183155
184758
225012
179551
172628
186744
178596
184826
173021
181680
183176
187422
238753
213863
210181
185987
172829
172400
183686
190031
176155
194299
179242
215936
165990
184904
180996
171826
170089
179985
173176
170432
181969
202961
226015
217129
184167
182243
179842
178242
172736
175292
190276
170427
185062
231138
167068
180464
203424
183399
190534
176216
174723
177566
173357
176098
177403
210529
178266
180419
182453
180024
181993
183244
178829
243364
170056
187123
171449
205917
182587
192746
173762
173168
177367
206036
212871
184980
178263
181274
179770
186219
182730
204875
221941
189524
176559
168954
230678
220712
200989
191629
223081
181968
222259
199202
175356
188353
185279
175862
199600
222941
176066
210153
192779
180546
176969
196759
235567
169900
182478
173353
184148
187916
180479
206291
214618
209844
185161
210382
179858
169218
209626
235959
178822
183493
232711
170886
184546
170146
174660
167415
179930
214856
208995
220246
189127
173206
167137
224991
180569
171634
179404
187038
170705
169940
234439
182795
179304
176824
167076
188225
174567
182840
235866
181090
175410
175909
226772
176590
186375
188466
173810
171666
183833
180883
175676
217851
216784
174674
177462
186866
178512
185852
177146
213326
207671
235733
189668
181980
196794
223880
178375
213390
170923
174609
185639
172765
172142
224194
182400
184052
180134
182589
181992
171850
186037
215139
185204
220504
185807
235807
210923
168775
187916
165286
174279
187764
171232
178052
180057
170347
172367
212985
178510
174705
205876
172336
207905
176358
165812
178389
182212
171308
182499
184389
195211
209644
173943
225977
230696
231869
179114
171226
175162
179785
247621
242937
172132
216288
179997
172846
176876
178681
169064
234986
178946
185498
162207
177337
164952
170885
205802
215576
181976
167809
183028
189010
231518
172807
175484
174912
174906
182678
186530
179040
168020
182007
202690
234764
175399
193833
178312
178542
213602
190396
208506
195758
173894
198025
180397
180877
175901
174662
165060
179852
171327
170143
177348
181389
169744
197302
230002
181049
165730
168263
184757
216978
227893
188386
184006
167076
172692
189657
209528
218145
238126
170583
169303
162563
170303
169366
207366
229982
228690
177890
175632
173414
179589
175511
176521
177328
169809
178057
175599
221226
219272
169209
171199
169421
174699
178647
171247
188776
237698
219461
193933
179350
168472
204946
205082
234353
170895
177035
189192
177597
170678
197885
201251
215023
179702
176111
159129
175810
175482
175146
177786
184112
172262
174482
221453
174677
162836
166368
171207
173653
166748
195172
221242
219511
226751
172218
174517
158417
176961
233570
193897
174280
179555
179189
175332
176997
187432
177426
212084
208682
209380
178092
233747
168617
166770
206924
187971
207468
191217
184768
172480
176552
168121
177746
198934
243570
208819
213239
165865
166385
175450
194929
174646
166294
182187
183487
173167
176642
179039
168496
160417
168769
174636
173010
176837
176238
230285
171069
176945
207482
221298
181421
225350
173137
165190
170746
169133
163168
211899
175908
208521
180361
180532
210773
239641
183692
200311
201078
179763
164683
167141
178927
176365
175694
218681
187296
213462
217794
165114
178857
174570
163968
175720
236672
165539
184145
176394
187724
164793
232221
169999
179266
171491
176328
209588
242904
180756
174541
173535
182081
178755
178192
173911
177077
225193
173461
180390
182087
166215
174600
170421
184638
165007
214224
162767
218406
171305
169235
183302
177765
166118
232397
170316
182905
185791
172864
167414
182631
173672
183020
179633
173765
170431
169502
178350
170335
180994
178924
169885
186979
236877
173671
173043
172493
172392
189331
177569
181269
171333
165091
168099
174108
180513
178917
166117
169131
175619
176405
208839
172953
189689
208199
170669
172175
172765
201518
174594
167820
170734
163561
186649
180319
210819
237614
163222
173215
168615
176455
172080
175746
167496
175302
184214
236083
179546
165135
168354
200782
222952
224652
175649
172880
183724
167015
198313
178468
167484
210858
168707
175648
229108
177852
173144
176184
180014
206173
172205
180239
174417
214179
200224
197547
165091
179648
213710
234226
160512
163444
185125
171278
181880
176232
215169
181666
181503
172315
167223
179819
203323
167979
172759
163726
167436
190161
179011
175760
238744
170818
183230
222431
194748
172660
183067
210845
229065
236466
171896
169577
172756
167349
168591
167317
209871
178099
174106
168641
174041
165847
208996
242270
203091
203378
214063
176599
181925
172913
211358
223375
169220
209442
230389
163787
160123
180160
169718
179669
177410
180769
174472
169684
172176
171492
165832
168214
163489
184631
172436
174839
176729
169132
176668
181012
178722
208569
233670
173510
176425
222897
167572
200433
218251
168804
174668
177195
170818
169723
171031
210325
179977
169328
166385
237801
217532
218534
185714
181256
186430
175798
201867
238485
171989
190313
167829
179700
229477
175919
159042
174855
176760
164454
173827
176842
167115
179278
220156
176277
171174
160066
196783
210093
173426
197971
164847
196741
196137
187343
188319
174771
174008
228920
240891
210457
198790
175224
166899
170298
165126
168826
210330
187248
198692
197779
176764
207439
234456
191101
218355
170648
170402
161586
177522
156588
168358
214164
220763
167526
175789
168822
173364
171239
180786
186526
212275
168129
226326
179393
201644
204017
162275
177137
202959
208125
217436
163930
172684
173023
165412
168337
172004
192870
218213
210080
219565
226379
210894
171680
164992
168143
162072
176281
168975
166363
165498
177207
211074
192799
166395
176646
174206
169250
176655
175799
171247
203260
171064
164217
230198
163308
166910
201370
167368
173131
170997
172753
210241
206847
177662
173422
173126
227502
171601
174317
177444
179324
165842
169515
219516
174119
172102
176929
167175
181580
210732
167915
168373
176027
211166
191980
171489
164233
176270
196244
212058
173944
164043
170812
174326
175509
167310
205808
213864
172856
169021
167587
164900
205369
195504
163562
169456
187796
233695
170303
164794
161099
212325
229850
166317
168479
170598
167903
171536
206762
200393
170198
204488
163673
169288
188187
163326
204307
193543
169251
168883
176668
200543
234634
180343
170458
162230
164555
168511
166648
193831
168544
163999
166933
166115
198821
176697
166208
170928
208208
164583
175313
199676
209810
171139
165965
163698
177080
182351
220234
181064
178010
171029
178865
169960
177251
163337
168514
174678
164551
230235
170209
171627
175110
220105
185168
218393
178950
177203
179666
169930
167434
159782
203522
173640
180460
163003
164222
184035
183570
172726
171313
180636
168747
176014
177766
218678
167463
172839
213249
177482
168905
207500
178117
222413
170335
172020
165262
218523
174921
160609
177015
177802
211196
179699
169460
166582
178740
167013
174579
160700
224457
167591
196598
180583
171638
241845
172495
211667
230477
211425
236348
198075
179080
175192
167849
175606
199349
203464
167292
168389
179010
178315
162627
173878
234490
166411
171375
168685
215363
205940
166997
171117
168269
167384
175360
173250
164093
167306
171934
169899
165114
221235
227973
167601
170674
200560
166246
203316
191954
198232
194469
165665
176829
164855
175948
162880
173158
168329
166689
169897
177885
168995
168585
166332
184690
169165
159401
179239
214171
214044
221361
203243
169172
172640
168220
166440
157756
166918
167818
211945
206232
195246
180897
165321
198441
224316
172731
218574
171786
168083
207761
178462
163816
162486
169985
154626
175996
173236
217933
202664
169477
192063
168334
214886
173544
178405
164210
223814
176032
214451
211733
214227
164332
201524
163915
219648
201990
166155
184692
168461
172602
165098
169524
179626
161137
164170
165618
206294
166581
196266
217797
169497
163421
160292
167812
170454
178115
165190
176758
214672
202227
173878
159029
168527
169966
203131
206969
199209
161483
170731
198993
173315
179596
169609
184318
169991
190979
198874
211083
197041
168632
160247
165983
204442
175322
166486
213003
195670
219629
180312
215293
163996
162011
198816
208028
164183
171815
161319
163771
172384
175411
164724
167086
168306
165689
192783
220703
171969
182714
171603
169956
185782
162887
173760
213024
166552
203424
199904
168188
171944
164581
215357
170421
164156
158718
197362
168432
166070
170898
168211
176669
173713
171015
169625
158735
165781
169562
169041
165267
164119
164803
169887
172944
173509
176244
165697
193005
198770
216148
212385
171627
205641
209167
216442
207432
194036
172461
167044
168766
167010
167336
159017
209115
212378
165933
153929
177575
182398
162488
214236
217852
226978
165757
224705
163553
172698
158033
209514
165990
168756
171027
210339
220230
222201
166062
166097
165366
159311
164795
168176
177593
202813
165975
213138
174067
171460
169720
169200
167451
164490
173995
210337
209604
203421
169663
231268
160765
164497
163178
174462
172024
174431
165647
176072
155622
181626
174467
171887
163767
172509
168112
177186
172927
183818
198621
193364
162180
231997
223009
198258
217200
200118
216050
195342
173853
188022
202184
207347
218651
205327
204939
166896
168528
165923
164994
167859
178022
165634
172258
204613
230226
176740
169035
227104
165198
162793
168885
237438
163740
169135
169737
171043
170542
165011
177247
215824
231126
168107
167379
193760
222192
174511
163640
159944
163521
213079
205153
196128
205016
162746
158047
168525
196077
180391
205776
158613
207216
167862
195621
190149
197850
211764
222318
210602
164681
165008
207674
173112
238318
208995
177113
199285
212581
168759
163897
168794
164381
167111
206914
162348
169705
162337
217641
178553
175549
159436
161728
154104
183206
204650
163450
175269
184345
177410
164094
169271
175963
166509
161499
171381
201426
165732
167187
176148
162364
173284
173188
187004
166222
203279
213343
224490
165361
194990
171819
169779
166734
159203
162439
168404
165213
150482
155742
167002
162619
172213
168579
176889
164286
171124
168094
208957
197685
200676
168882
191075
170355
168552
231186
198248
209651
172054
161845
164738
155924
174645
214997
170843
168544
200771
210743
161019
171082
165751
168754
165001
163335
174328
162515
196931
164851
162597
174325
171439
165969
166889
178890
172292
161220
232493
197051
206709
230335
173046
211134
166414
165841
168587
175101
219353
177894
161180
170569
173814
170460
160640
161148
174941
174518
160269
165666
195534
196809
160635
205019
218651
177139
173463
172599
201887
204265
179118
163493
165170
171054
173213
207104
173443
220380
190835
225257
174681
152933
166225
162133
160495
195701
160427
164798
212929
160813
160091
160579
155952
229207
164134
177152
165804
170205
209710
204403
200286
219083
212790
163709
165226
208888
161509
175282
176025
204037
177992
167715
205005
218471
177962
163223
168240
169080
162416
163404
162939
196590
170250
173245
197602
213722
220941
172140
170394
162123
168756
158302
170491
174610
193582
212874
212906
165995
156379
167875
164667
213090
199820
206844
206622
165891
178776
162769
198209
202673
167237
150178
217605
198438
193785
168713
169847
199702
205345
213134
222360
160318
168827
208503
218219
167673
170046
171732
160332
156069
156803
169278
164580
178467
161711
170019
172458
168704
178909
169577
173134
164918
207672
212619
192084
171091
212767
217867
167980
166172
159912
155089
177155
225327
155388
163725
175155
159882
175089
167867
168339
157454
163280
172141
172760
166956
160788
165167
175390
158481
200857
160180
167184
208521
221501
199282
227722
177891
218890
163054
169046
176439
167052
180553
165214
221606
166084
161025
159951
163475
161788
172101
167671
163533
197963
164637
164829
202961
167660
211267
202487
228424
213316
163790
168064
161528
176562
202911
173083
204651
213818
173118
161231
174095
224640
200841
172258
173720
163484
223198
216350
156487
160947
162024
163051
207676
175189
161707
176159
163528
162987
169847
173450
167422
199325
177627
158581
162726
161611
160930
160196
168256
166146
156276
154029
160505
174144
162877
206019
203368
171203
172099
164009
164315
160736
159427
179354
188368
198360
194285
200944
162658
150537
164741
180295
174430
169724
174109
172670
168795
164671
167861
159485
164499
188139
194310
166147
161164
191575
160499
168522
172810
202149
155610
161863
157504
161586
154930
160378
155034
162330
165424
173003
219572
156439
232978
174863
166456
160932
202376
163236
169241
162320
177624
172311
163713
157220
164512
158429
189497
162011
207218
230792
160307
202118
212996
197857
208575
159648
158826
171900
199711
195495
229075
171437
177782
163232
175328
171929
204720
200909
167210
165067
159345
168792
158937
163981
167742
166835
166610
165771
167897
165421
165015
162504
169566
158592
210967
201658
161431
164474
162963
158907
160229
197775
169618
206918
201232
162201
210262
159136
177972
196323
162897
215500
211423
154713
158989
174939
170065
166874
169099
155999
162227
160432
156820
220016
158289
161708
167310
163032
164592
167389
158633
201487
165395
170185
166490
162360
222095
200722
173567
156284
161086
158502
161785
201026
168100
205590
220872
162154
166103
167561
157027
164066
171163
168027
172201
175568
229957
163613
170253
164263
157228
171143
165436
200677
199549
160317
209472
166700
166014
202707
211976
188907
176592
159571
227145
207838
167227
167376
207377
166149
168933
167227
160001
158601
165234
214461
159703
159722
208633
206473
168333
156328
167919
161508
169693
201336
162726
168109
167433
170749
155223
163063
167096
170145
156503
166661
169589
167368
166255
148919
152579
173183
171006
211928
166049
169595
161565
153077
166716
162850
162915
170158
210525
202934
201907
164178
166746
177034
165997
170086
205352
198529
162752
154576
162907
209145
162010
168412
173457
164935
167646
168171
164640
157043
165224
194251
194061
167844
162761
164167
159973
152433
157710
207261
164548
171818
207296
166417
211797
207426
204912
168243
173718
168689
161203
208573
160519
174961
163447
165353
163405
161824
173562
158758
165429
170723
165081
167416
163585
160457
162435
160013
168667
166937
175425
208154
171873
162050
200999
170326
171343
199739
202126
210939
167822
163763
205191
211729
227781
164374
160789
168621
157662
168954
158907
161044
161476
165536
162478
163131
162004
171400
162272
155608
162348
204289
161737
201619
162100
163578
164545
166357
214422
197587
168917
159441
195258
158929
162357
201490
162791
195250
203764
215709
199433
214216
168775
162719
160466
164882
171550
169125
178366
165485
194027
164188
165758
166700
212841
202342
216502
162976
167944
221685
170468
159986
214900
156882
157625
158745
160649
205493
172297
212175
151503
163442
159080
162741
166048
161256
214106
168663
167222
159917
167125
162880
155792
203723
217893
215378
206760
211813
163129
219465
199812
162446
158572
192674
165302
208132
205307
162728
161559
158161
197577
165829
216391
218633
232151
176898
157680
162226
173540
155522
163338
162154
159761
155617
154695
163144
158950
160054
165306
158771
164895
157614
200829
203666
214535
168660
202332
167914
152058
157624
200013
218242
197549
204459
185660
162546
198128
207044
158840
215768
209197
212631
153830
160757
162045
157654
155979
168734
161266
166544
149295
158221
168275
164923
163267
172421
162762
169074
172381
195652
205823
195247
151619
174833
160622
167122
168868
208109
192537
202150
160315
199788
155162
153993
202555
160436
217052
207705
151235
162144
160567
159103
185493
157836
159843
160325
169160
203714
161427
206903
155090
166708
166098
151158
156091
155561
160691
215165
162161
165157
158659
174078
176588
159963
160020
158344
157261
166795
156725
203282
167299
159260
163986
163353
195754
214959
192365
162269
193984
163849
158042
200311
162713
211370
209650
162438
197272
192138
219926
160988
195809
201168
197414
164267
163341
156074
215527
153865
160065
154189
164591
159124
164309
162933
167034
158149
160565
154532
157713
163355
162020
162417
179669
194290
188181
195750
155975
149323
156726
154860
151567
207589
157289
153796
161472
165474
172698
152509
170078
159113
165434
206019
202517
164436
168866
155030
163190
157998
157291
210710
168644
162243
197920
165082
199793
196934
168864
154991
204201
165515
165077
194779
208915
158111
157994
160467
154035
159756
157449
189362
195233
220936
159370
201285
210029
196404
152202
161143
152019
217226
204195
161748
152927
161933
156728
157509
160357
168074
168166
166355
163537
199841
170883
165270
196367
213506
197484
199796
185492
198955
199605
156878
169301
167598
171144
207195
162901
154297
155533
161888
169739
159912
163602
163861
203503
199940
192056
206415
193629
161067
155958
164724
212784
166055
162657
153652
159005
161831
159568
155230
161823
161138
166150
165702
157991
156653
159825
155176
162290
163114
215942
187903
184646
176087
163131
162950
160812
169201
166260
199043
220753
163782
160744
154425
161282
156658
167051
207597
207661
198153
213712
164749
158315
163070
158737
163767
204505
160321
163014
169164
148569
165040
161638
164353
152579
158158
174373
170032
165151
162760
168423
157775
162919
159285
164864
199233
161359
195447
201354
198008
158344
202968
158075
219551
219840
157152
157699
165077
163112
156000
165010
171669
198071
199348
203838
201418
157010
162183
163814
166895
158252
210760
159837
154009
163324
157854
162897
158279
160252
163506
168982
205697
156027
160680
199612
164304
162314
194266
209190
202417
160687
191815
158687
186167
205487
204908
160859
221678
162314
157390
211620
202810
197093
202582
218871
152054
158520
207301
173375
198379
156994
150245
160270
156035
156074
164360
156244
154699
157350
156209
185381
175170
219059
160925
164800
172555
156730
152378
156810
183553
194172
154518
157105
154669
212472
213013
216461
165326
162962
157285
160873
153272
155447
161624
194960
199407
178509
165008
153667
161126
157290
161536
207326
205458
156907
157120
161103
150692
164056
163063
157957
155363
154693
157946
159749
155001
156265
154967
194953
162753
165118
168961
195842
159041
165154
166876
199383
159287
158077
200490
209443
207224
215778
156646
166127
162437
152966
166061
172978
159108
159383
167230
169520
212432
168230
156171
160187
168711
166177
162451
154040
160929
154299
157673
157240
159235
207945
162346
167409
158389
158224
151146
161472
168244
165769
167581
161435
153942
176383
208659
210636
158240
158651
154172
156746
166492
166892
162344
154267
157705
220069
160593
156331
164854
159075
214671
158856
160144
169899
153823
156297
157311
191919
167393
217244
161065
166525
162383
164946
205374
154536
161167
152227
160395
167746
154655
155055
200377
195278
191829
200525
197051
161554
154600
149838
155864
152338
158095
159151
160202
202103
164266
160584
209928
157221
156942
165581
183190
168813
198250
203004
210069
156335
151364
161551
162375
170835
193334
165557
169584
153042
159065
161011
163687
163360
191638
223437
154679
168245
165567
194998
157963
154072
164188
167186
162048
162189
155272
197392
151085
196107
206913
160431
163817
206940
202700
176448
201689
147153
156091
155774
158722
212077
167360
161416
158892
200908
164338
215410
163501
159762
153074
195464
210344
210534
166850
153292
160444
196958
157507
157238
160293
204366
200622
168304
161737
196692
184190
211387
214493
206562
208706
186407
154795
160366
151266
158321
157753
157054
202302
216986
158009
154929
164832
159701
154885
199470
157225
150670
167718
163455
196287
220880
186857
194900
215563
155756
155730
159026
157678
155418
154746
195575
203206
204931
163706
158275
156969
214853
196839
198169
163793
163371
159044
201890
198835
152508
169695
208117
209983
201325
153848
155176
156996
163330
159100
157127
162189
162257
160672
159571
155676
151080
156159
161110
159060
200755
155618
156539
213315
216194
170210
193048
200054
167692
163104
197481
205694
159894
185005
196372
207605
218361
166476
153522
157420
160334
156049
164930
159235
157734
155350
156073
169372
158235
160733
159226
161884
156414
151939
159154
205546
202110
198998
212830
181439
167019
171919
164086
151639
200143
195970
193835
188333
216398
165148
162238
167090
162018
163516
198783
180843
159724
160437
160648
163535
160310
158965
154900
159960
194818
163232
155768
157744
155417
166404
160975
203134
156123
167051
162816
189231
212064
153179
170428
208784
218648
193131
207955
197267
160642
152597
163499
160780
165000
195416
208736
161121
155359
152335
151800
157463
159486
165143
153334
160041
197228
158596
151545
160743
155752
163268
210882
200529
165539
153863
157796
153169
153113
207688
204594
193273
196543
153963
152107
157102
170711
157613
164356
165772
152305
174327
206406
166677
154619
151287
157934
167725
169480
195477
194832
153238
155636
159987
153637
154703
155706
160673
153781
156329
162007
159257
150632
202627
156764
184199
206701
157139
168534
159778
158119
153399
161062
152060
153603
159657
214855
164955
149588
164141
158564
204977
197241
197979
156983
156176
158227
158153
154703
191618
155617
165038
154128
151122
202585
159832
161921
156096
155143
152704
159782
152300
152740
157640
157707
158219
196237
191099
163327
193110
191837
157523
194164
156222
195768
196488
154935
204407
195610
204896
149545
151107
156920
153050
209534
156163
154770
155598
153842
157604
158742
156772
155029
163667
160509
154209
161276
201010
214684
196091
155106
150633
200722
205354
155937
152523
162003
154130
221222
159391
152728
159910
159421
154244
159482
197991
189033
182486
200439
199184
165624
158824
206296
198780
169207
159314
155998
207305
220914
202010
157203
197370
193589
195156
187770
192151
197040
190710
195882
165627
161461
152192
197945
196075
197565
155346
155012
204166
204193
206112
199356
202453
195476
204601
159065
191025
208055
156486
151849
202987
151868
201446
193955
161109
190047
155220
150323
156332
160113
156052
192976
153878
155546
157511
155674
202348
198933
162979
158846
161905
151542
163614
158658
152262
154043
153564
153345
159110
164872
151336
160062
157968
155616
211753
160619
154773
214084
158965
150195
163862
154808
152777
158338
199472
155106
163492
159728
203670
197093
187583
151083
150624
167323
154104
201032
167172
156197
159063
154957
150799
150928
160322
201128
154772
149177
164378
213154
161872
174481
222511
197300
160730
152393
154441
161068
156005
200832
206361
210117
192762
203395
193237
160871
193603
203370
203485
203304
207879
206640
161519
164159
161341
154339
157174
170125
164826
161817
152743
154010
197244
191583
155176
191952
201524
164302
157103
150291
157800
196199
160578
194054
158391
159961
154405
159777
157219
151411
158094
156772
203840
197142
171498
155012
150161
152875
198836
157684
161083
155299
157630
163681
169131
162800
154199
205216
165670
205547
164259
155647
160530
157104
153989
160686
202425
149283
195588
194720
162919
194393
195914
196920
201097
164813
210287
207322
169061
160078
157062
153251
151267
156409
201003
159106
201956
160448
157651
155584
148985
156500
153053
149318
157447
156811
160546
154126
152615
198656
150649
212765
160681
203734
212363
157449
157525
159675
152829
199560
197219
200970
191120
203595
166390
150175
159384
158982
160187
155217
158599
159311
165016
152751
154213
187988
204686
198172
207649
155325
167772
158915
151610
155829
157510
158800
158782
154886
155502
160321
155983
201985
159402
153590
162339
155959
160666
163085
153915
152126
159506
152426
154973
160710
155606
160020
162463
162638
195389
197103
158107
159919
157733
150071
156164
163260
197067
196301
162615
153785
156646
153559
159649
152261
204776
154938
155471
193424
200603
160852
154403
160012
152742
200566
150361
193619
203021
190977
214989
204393
211281
205747
160870
167662
162904
156759
199025
187410
197642
160296
154006
155815
155234
155596
152999
160846
152055
158012
150598
151098
158217
167307
164864
160387
155453
154843
151896
161171
197177
165526
204046
194129
211542
164815
157838
155893
155136
164565
153463
157179
150520
154601
162462
198707
192014
154672
152756
155675
202687
157491
152375
200631
165594
155168
151421
155016
157357
163638
162703
156859
154386
156285
155984
156551
155022
150497
153447
164962
183262
196314
157931
155593
154351
170043
155981
158557
154133
208298
199836
203084
151095
192810
212125
199503
146134
154374
160434
165957
206178
202729
191658
196630
153446
156855
160135
157239
163961
161485
157628
207982
198734
203259
202641
204454
157926
154065
153735
171993
206723
155727
155074
155463
169163
198625
194131
150657
156816
154116
186850
156406
205933
151467
163568
198206
207970
152640
193733
154419
158205
160976
163281
192069
203390
210169
201111
211753
197686
202297
210592
163130
159208
169756
167229
165857
191385
205892
197876
210608
200437
207817
213791
214299
163566
171803
156875
162418
190616
161441
173756
179659
207084
149517
151921
169831
203537
198784
160451
155887
154343
163820
160043
206176
200570
200679
202547
157092
152969
212792
163215
158203
161042
163119
156282
206947
185253
159123
210964
154011
160865
166544
154689
165405
186954
151822
153999
157110
159780
155671
151728
160528
196032
207781
155303
155828
162376
157001
164420
185243
170353
220079
164615
197664
207799
205760
203498
199710
201589
156418
168750
187379
176779
192539
214808
152401
151627
154112
154702
156364
201903
203051
191227
156604
155313
199615
190280
201017
165686
156753
153155
162232
156472
191706
204808
204708
203965
168098
201040
157195
167563
158696
159621
159318
155893
166616
197089
194121
157006
156381
154076
155453
154839
170083
177197
195158
155317
188133
189294
196060
179691
164820
166249
204626
155066
154212
163063
167642
163565
159373
201396
189673
172436
156368
156085
164446
166592
176206
164024
155182
201820
168885
163405
213856
189421
201878
199891
212644
214549
209468
194717
182971
195222
174176
195757
205210
209220
156299
167394
153090
158458
154060
159940
178503
180194
162234
152739
159305
159467
158406
163168
161684
157722
153872
159624
152301
162213
157706
159315
162583
153459
186302
151541
197678
205525
155584
155351
159052
162250
200172
204285
182036
200430
171739
159617
151904
157298
154479
165701
175689
151146
203118
199656
199984
197326
175046
168358
200211
193229
199820
196014
189121
196133
196697
212557
159043
160684
162613
156040
156278
157340
161245
162895
150241
152857
156952
156704
153908
156082
151141
164054
165133
209199
204243
161942
158509
163844
153105
155344
158926
158936
158979
162743
158538
158540
165054
200740
208350
178264
200705
162054
162996
165063
159169
159681
178053
192123
203697
197041
196717
156451
156630
160154
163459
155625
156709
178002
189445
168022
157956
153610
177880
203050
151208
158985
162762
159704
163784
160133
164240
157368
164805
163693
154703
157069
164268
158596
162148
159122
176528
196750
205518
189823
154095
157968
159567
173518
183414
163908
194743
155750
153945
161434
189616
205994
192145
200715
164811
162152
165679
162249
161774
164842
152056
154339
186420
197939
205022
200524
198986
194422
202734
205773
174436
162801
200647
199146
192292
199558
212066
202811
163887
162054
160933
177247
207566
157508
166707
197551
156485
161064
166079
197845
152550
154039
156477
152287
159098
163425
165796
160752
204237
209162
203289
194697
159674
158161
158333
203128
160758
163030
158530
164822
187817
197914
195799
195097
201994
206645
201870
161897
165359
164920
197403
198920
156820
161623
201160
209476
204173
165228
163597
157172
171561
202250
193846
208440
161465
164065
158339
165908
155344
152223
155963
161316
163295
160988
156941
156400
154134
163467
160516
166524
165765
156950
163667
167696
206905
191999
211372
157500
154686
157655
165323
164361
174153
204086
206622
180120
165989
202701
206572
204262
204156
157576
160860
196595
168968
158176
158843
162583
165149
160583
202088
153548
157070
157923
161314
162486
164589
156592
185170
204676
203137
206197
164417
177011
176088
212355
188939
164047
172792
164331
190263
187048
203216
192322
165287
166113
171978
171799
200524
203893
200437
206381
198766
204125
196664
197485
199747
211085
198365
165490
200412
215592
205126
186333
212053
163437
195319
201635
202817
159397
160412
206929
202941
166782
182000
205650
161505
162739
192334
190377
159150
199576
202986
206471
187062
159172
166975
206320
202302
199167
160335
193649
184450
185850
157210
165247
157738
161069
155109
194925
158295
200841
180003
157280
171236
174808
193809
203160
211345
207649
199861
207398
210633
201792
214633
210467
199399
208204
163801
199968
200032
159108
160232
163382
160104
159592
164315
158846
162152
161496
159524
161934
178003
205614
201167
182649
220931
189698
173414
212184
187675
159777
156419
169329
167840
159295
160099
161453
177684
179526
169579
177731
206034
211754
210023
198700
183028
213419
186641
162694
207759
182425
205304
158278
161811
165858
160339
164649
158738
177940
185080
209708
209158
165186
163934
162862
163511
162292
176707
190396
214815
158856
164556
161275
165761
161867
169650
162683
161901
162940
189502
203980
217094
197150
203640
209884
202774
159413
160817
163135
157538
163876
154834
162254
161769
179249
204184
200782
176937
160366
172966
215254
208661
214310
197309
189923
166936
180949
211709
189883
189538
193084
158294
159657
159308
159763
165747
173403
173664
211050
209115
201429
209132
211011
211319
162938
161320
160386
160193
157409
159479
156196
158479
164769
159416
163557
164450
159386
208947
178103
158569
206475
198925
201382
156540
161959
161968
166626
162816
174155
212186
202843
204242
214546
202446
206955
210732
211845
215323
188061
165527
208217
202376
169286
168262
202299
209789
206038
207592
209496
159386
159654
164581
164250
185451
166617
199188
161503
209432
189356
169048
165560
163258
208262
159741
163225
159513
161343
157865
158744
157393
186923
178416
204684
205717
211840
207418
203578
208901
206024
190336
199594
161167
164941
163445
161164
159393
161089
211350
205068
160865
185178
201451
168577
163559
161341
160264
164946
185682
181846
199378
173127
208101
209022
206502
204079
207635
205851
160892
167212
164277
158401
166362
163248
163590
161434
167561
169628
161468
183894
207438
213257
163170
201305
193545
207609
208729
212109
182296
212142
203662
204367
199144
199725
167179
160986
161097
160436
165569
158923
166155
177758
196608
170113
210729
209397
206382
204526
209695
168076
176207
204242
189147
211124
158155
160665
165038
168997
204721
210676
160232
161874
163210
163664
163165
199091
202696
211159
160712
162551
169000
166350
202020
162235
162348
161735
165966
176686
206010
206155
162798
167485
162819
160381
163943
169352
191022
210060
207993
216005
215738
206270
182719
206926
195941
162279
159570
161310
169028
163069
161731
162099
158184
163778
189749
196233
179739
212340
214344
213459
161682
160846
163478
167959
188433
191963
216687
207861
174728
193252
182746
206429
210942
203108
160013
160797
161119
163744
160701
162467
160492
160250
158524
164237
160402
161668
166923
183490
175666
197511
198672
211203
214198
166592
164075
159828
166559
219009
162602
166795
199068
173104
193976
183954
207983
213274
170200
218129
201048
192542
213424
204350
195942
200232
190560
194197
180274
213218
213083
200953
185470
165241
161539
163379
162230
164098
158940
216266
190644
190928
203365
177522
164795
204090
197400
205181
206072
208668
202855
181062
180308
209554
209498
203968
203709
169357
167422
163631
163158
160743
160470
169761
203631
171674
161970
159996
167906
170804
208510
207231
206256
211753
201624
218110
206221
212996
203093
160310
160377
167616
198282
168793
161702
169192
164552
171941
162652
162813
202833
194616
200569
185911
206306
163235
160347
167498
194788
210036
197360
167602
204367
207990
171985
215154
207188
210847
188553
211698
164752
163438
161610
162951
164065
161102
162054
167735
166478
163113
165009
164628
170322
185690
206481
162593
162068
165813
170509
205670
202407
206252
171044
167848
160177
159002
166743
162682
168680
171056
174433
213300
214387
168274
173647
216276
186844
164354
166445
169634
193155
162636
160278
164583
160783
176700
192466
208003
197058
160973
163336
161290
174809
169912
207392
214201
172079
165715
167101
203149
187842
187538
172109
173241
193750
194195
188759
171465
160969
200999
175646
159074
164038
160726
160674
166057
167539
163901
164236
169073
183498
176552
219293
203320
211965
205290
207113
185434
183868
180630
193927
209081
161989
165924
163592
160429
170985
204953
165945
164929
187311
209873
216135
165401
161903
163048
160214
156441
161434
167699
164175
160102
161024
169709
174936
205063
207737
209064
213586
217092
179291
188741
183500
206557
220094
206221
213057
166211
173220
191632
196483
204612
167737
163191
157739
164379
164771
171787
204438
215566
171931
189100
183770
192452
196803
196273
193030
196163
180077
181912
178852
164438
174566
191044
199158
216641
217149
204548
195960
167298
161827
164704
166615
174234
179533
211677
213827
211188
180467
204232
208696
212082
167316
196596
170500
191845
204578
165818
177556
184052
214158
170081
179723
192854
176842
191329
188903
166178
172416
172271
194602
206810
165938
161587
164679
163082
165187
160598
162578
166131
159049
166591
173130
176660
191113
207280
212965
172872
168116
160153
173844
178691
161945
181792
190508
192192
194655
200553
179615
179615
193312
187786
180858
180198
208748
222730
189509
169270
165560
169066
168115
162801
167306
162240
169913
164224
186941
193011
169842
163585
189367
202786
178902
208863
211183
202371
174387
195103
204480
185546
174659
177302
174739
210838
207539
175716
170234
210556
202927
169306
166459
163749
171841
179803
187585
167054
169929
173778
188792
206250
198309
189672
195087
176269
210369
206705
193757
184792
174336
211882
215060
191626
182347
166470
171639
160745
170121
177828
179824
196507
193458
192198
205857
190771
208254
186823
168351
167685
162811
211163
183781
194633
210090
215275
217443
208802
164781
164364
166265
181969
185367
211614
210736
161003
160556
171333
195145
211120
216826
167808
165642
173863
168551
204752
210655
214525
166156
163422
167213
188882
180839
217985
210574
210708
202645
201111
166925
170111
182120
203940
174920
184262
192771
203850
219353
183974
166564
161922
164476
196512
181259
187141
178549
220093
211339
212896
175508
168848
194858
200789
205121
214482
183286
198194
167644
167069
165872
188928
192811
162649
164260
187020
206835
186868
193844
207443
208342
168436
170853
176957
207524
183638
170266
166541
210243
217916
188639
184701
197439
177522
211378
191138
196623
190654
206939
193656
201581
179585
183058
209983
206462
163755
162667
161521
159744
162827
168879
163375
172311
172479
212890
208715
211918
204123
212401
206976
191374
165041
166137
160432
168569
171107
184509
201183
200191
199815
161507
179780
195484
174091
206364
215362
210853
210682
166187
162211
163560
167699
159834
183418
167024
211730
206399
206175
210786
213383
159654
164661
165259
162306
162044
165261
160880
174046
179395
184040
207558
197169
175465
188819
201132
209950
212535
209707
212373
168123
172357
181104
205124
203896
184629
210513
216017
171892
162629
167836
161639
161604
163912
164705
164479
163277
168111
195705
195312
162273
171743
179933
216600
205618
191147
176807
192204
195911
163955
166661
163636
168274
157147
169856
197521
176313
188651
197488
197716
209821
196786
196887
177903
214279
162622
164711
161515
160253
180539
167770
161487
167652
163618
163497
170662
165757
176861
185520
197262
210729
210674
211691
165003
162513
163361
166496
164410
163797
166603
163899
160912
164012
215144
180186
209575
212720
206137
185504
165665
182127
208574
218232
174894
174020
203583
202677
198567
175409
186094
172299
176607
209619
210346
205606
207872
209306
164665
161091
160659
162356
161256
166988
163313
163972
164975
164349
181891
204496
189730
192342
182753
193985
198483
215038
213626
212559
173103
190167
203314
205414
187347
218736
218270
210887
207541
217228
214167
205362
210485
185345
213991
211003
159658
166320
168536
161109
167589
165460
174616
173532
187512
201810
195100
178698
196553
199997
215435
172520
210071
199771
200129
187928
214193
212536
181323
177027
192248
219376
162545
164291
163072
161960
166499
163555
164755
166285
159156
172191
163537
167214
180573
193876
207507
206244
181291
164218
163732
163136
162909
160794
162512
162558
178376
184527
203450
217714
191126
202968
194844
192395
202950
167385
163408
163948
196085
179302
179440
200070
211699
191155
166157
174193
170429
179649
194023
162513
164864
170870
169962
191686
207002
203717
162802
162722
167257
161964
179883
186233
205110
209140
213885
190490
196972
200922
175069
177043
166658
186073
200629
211943
195855
190628
174659
208422
207100
208827
189339
196949
190966
168979
162928
204576
174855
172418
205581
183233
175010
161794
182972
207509
206482
197372
206159
188721
162951
165667
164164
160946
162654
164759
161854
163852
163129
158802
168939
162327
185697
180763
214351
209313
204034
190032
172780
173197
182564
196314
216291
214179
213058
224045
175808
167731
171835
185301
163640
174494
183291
180879
193299
215011
211237
214809
217468
170962
192911
196378
178472
208093
166255
163519
174281
162044
165613
166959
194638
175626
176841
192878
207005
193019
180430
209795
198363
199661
165910
186641
190515
183276
191161
189587
168736
173989
172361
168590
163499
193997
219684
190301
173841
178889
202366
209241
207021
208459
178765
187251
196595
167928
175679
190699
189032
182256
170786
180564
166406
180677
164409
182445
207081
172353
195189
208665
178045
166896
202189
196554
165396
180497
168665
202570
206683
209846
203227
185258
163417
204349
191749
178505
178129
207042
211572
183054
187578
209949
210399
212777
170092
173544
162128
160850
167883
165685
188857
183335
191911
189908
208457
196434
199006
220583
214128
206742
204096
198514
160636
162332
184576
193193
183799
203635
206830
208182
208372
179589
208838
210114
199994
163287
167727
163727
175080
196740
185485
177583
207112
187095
177095
164852
161731
163122
161836
181316
203567
209253
213746
217211
212549
211325
203665
216103
208438
207645
163444
172202
210599
205745
168578
162382
167468
162130
161289
171114
173079
163261
178962
214933
208325
211674
218589
210275
208960
163482
166822
167591
182076
185748
185688
163936
171202
171845
196215
214920
210525
164008
165064
164342
165172
166244
175750
167610
164817
172844
189747
178294
199166
213823
206764
208626
214399
217240
207598
204317
167509
173150
160137
192714
213898
188882
160156
162707
162079
172470
180502
187711
214002
208974
182067
214623
196738
189517
184678
216852
186074
208526
185448
181581
169368
170665
176325
176780
216747
197249
171497
174110
193692
177792
185482
210971
211869
208385
202841
171385
181321
202845
166341
164524
161745
164957
163031
211857
199389
169876
209709
208943
212710
167790
165230
164302
163181
162079
177660
185330
192327
166775
168923
160553
168499
169021
173354
180219
188768
197754
164301
196378
197746
211709
205519
207096
161871
166621
163112
162200
173854
162488
165812
162372
170253
188704
206807
186763
203213
203660
210828
211837
186874
164184
165904
164953
164567
175205
164396
213665
211448
181435
218007
209375
177181
167915
165025
164384
163454
163680
166529
216938
187756
203869
169781
200383
207735
173834
189925
182384
181472
211994
213068
207450
214096
209627
205135
164524
166260
172698
203335
203721
174106
199752
209075
196389
177808
174779
180032
187137
177456
177924
207476
214040
192738
202953
188288
190171
190665
171994
163256
171711
195768
214921
205388
174837
164674
159585
163997
167060
165101
177362
204847
203493
213951
201962
166397
159727
160607
163493
161897
158547
169545
187654
192199
208084
212910
186367
166856
198657
181625
188765
187176
217361
207627
204251
197963
195679
198354
183095
200542
181051
189750
214194
201349
175026
174655
187701
183798
193744
211482
174603
161167
172928
159234
167252
162496
166580
183225
194684
195709
190472
208220
199621
209405
176060
175676
182306
178048
167320
179654
182212
179364
193837
210553
221187
195579
178976
163818
181997
194592
191166
165531
169405
180256
187900
188335
180860
202607
207502
189184
203438
209360
215741
206599
175845
163121
189395
178549
186481
215717
207256
187747
168053
178097
186619
194908
215605
180812
182074
199881
188708
162824
161052
184913
179902
196265
207413
206412
201275
203179
173650
193487
218379
165739
177501
166402
166572
160244
169747
175376
180892
208685
208731
215892
206329
203614
203464
163808
171445
163261
164688
162670
167471
164777
195545
170900
200748
211261
208368
177877
169161
165908
161735
169283
