220879
219952
218530
239811
216394
218051
218244
207542
216728
217148
219971
230268
229812
219556
231780
214170
208793
219467
221240
219380
213374
229632
215823
197151
212412
208925
237743
225345
212874
227952
220214
222804
222618
220101
233267
215197
217733
213408
220226
215248
217010
225929
228928
220987
212690
202976
211387
226050
221271
215995
217739
214787
230037
230195
234994
198325
227127
239177
232053
228149
223479
237447
238042
236948
241263
223175
219623
227392
220360
217153
210498
206669
236492
217301
224929
228667
210813
212823
231677
221312
220382
219607
232615
217022
230800
217900
213863
227442
209784
228074
224058
223197
220256
198923
206666
209218
212771
219470
216059
225575
210053
246928
229028
224713
219369
200127
223102
214749
213469
208044
225734
211996
219157
216823
213548
209866
230357
213100
236465
221528
220414
215516
220598
215157
238442
215528
229176
221405
211906
208074
208141
211640
208945
220498
219440
221611
218373
214603
222846
230902
244575
234566
222955
224952
210319
221267
223609
217136
214321
201412
211334
207647
225634
212189
214669
214309
218355
217637
221652
213067
216145
232767
215439
207654
219900
230609
210108
237986
238678
214323
218479
225029
210556
219192
208402
231355
223077
221091
230260
218496
216209
233673
235891
238432
251803
242298
248653
243914
232897
231998
241780
247326
236596
224036
221279
215519
219166
224063
219863
221091
221793
222388
216503
214136
209005
218022
208661
226567
237657
209534
243285
239542
228558
228267
222701
248949
219089
219453
222826
219383
228702
227564
210788
213681
221820
227373
227836
226291
222797
252826
249397
251914
243279
238023
233782
248127
223597
201849
219592
226802
227073
211867
223162
237368
210006
217547
208079
228456
214940
221493
211814
223183
206433
219651
249551
216849
208452
223289
214743
221384
226975
207390
229970
196851
211680
222575
221448
234176
216264
208396
214125
231696
212303
215327
214183
223511
215453
225410
248163
256030
247308
236466
244826
261166
246278
219117
195014
225290
219854
216839
206733
214259
219369
207081
221688
253728
245930
242172
252378
244352
237413
242006
236675
211336
229391
219965
228355
216221
235576
209564
232849
234975
216953
221639
214951
220371
210433
219608
209972
217750
212867
207184
200983
212967
214233
210275
220072
218354
218565
226882
214800
227651
209638
210209
225554
222530
248982
240060
233338
239623
241823
241009
220253
213421
214737
205008
219153
223589
217037
234431
216457
214225
224390
212809
218539
204533
215908
223451
202274
221351
228268
207938
211289
228386
212127
207543
212572
215163
217508
227342
223021
207645
217990
205900
214721
206064
204177
207973
223882
211003
222424
202612
221141
219182
208088
212715
213825
223481
205333
226058
220922
208585
209753
210511
199351
204748
230805
234023
248061
234864
228734
218894
211654
215649
210995
218513
224454
230306
246381
244753
250656
240038
209717
206196
210599
219251
218695
214107
214339
203419
210062
207458
212890
211752
212847
222826
215637
218738
219577
245697
247196
235794
252200
258974
258189
231719
212512
213084
221826
210574
218044
222260
227842
219528
212529
208872
222132
212544
221258
217693
222479
212927
211419
209391
218819
219074
224726
222973
210239
208842
208967
224836
242761
217086
229349
209499
226730
211867
215151
213221
204883
214379
212069
222922
218661
231609
206567
210771
218778
213179
210924
191758
229790
214955
205735
213204
231582
213854
216023
223491
219062
222772
222904
197762
212875
224194
212678
213449
220901
231508
230191
211896
206894
221213
224735
231389
215342
211327
219660
214541
220012
237046
201379
207235
217860
222655
227179
224790
230966
229225
230459
229790
232548
244588
225289
206558
212250
247293
255696
246369
252004
254999
254926
251684
263401
257902
266153
247349
213779
211885
205861
207089
223570
205798
222770
218685
227054
216318
215412
211162
212357
223965
211428
207501
214677
218585
212245
210888
218832
215769
225139
217764
224711
223102
217556
213746
213065
201395
212851
220596
212172
229295
217858
197811
206056
218849
214059
217336
220289
217508
217959
213198
217349
219447
210285
223275
211381
223492
200843
212081
203209
216400
214785
212535
245314
217787
222268
204972
216773
203901
212858
217566
224140
244305
218645
226558
215860
216033
226817
221250
217890
212523
213167
211724
222857
223108
224328
212465
223075
232803
202209
228606
215392
226446
202303
219215
214207
211711
220421
208567
209580
216617
209991
218957
214796
223641
221127
214212
211891
214036
220203
219449
198455
210266
209778
224757
211192
208819
210189
207718
202389
206308
234698
213375
203731
215225
215538
200661
213856
215375
213719
222665
206153
203723
212000
213588
227088
222256
229723
213989
226679
222250
221211
204695
198400
220456
217274
224364
227633
256970
257354
264377
270620
248193
231636
233305
234267
221204
227997
206187
221220
225209
214886
201400
211076
217336
220352
206582
210362
220024
219773
191195
211005
208531
225356
203159
213144
217889
206909
210182
212698
206220
227336
209658
214742
226562
241420
212287
212900
231272
208022
234374
212738
238235
241900
228834
239870
241372
293773
244671
258851
264381
249234
257823
266845
258052
276322
260853
256229
253595
195826
195184
203323
217699
209304
223833
201654
212486
210436
214069
241078
251012
240243
249647
233823
242106
247220
238104
204249
222469
209256
202412
206893
208989
213912
208717
206277
207445
207647
230304
223904
208396
223045
217322
219521
221632
208939
211866
211722
201889
214846
194682
211371
209668
221518
207774
203517
214944
210336
211538
211884
227931
215152
212014
224330
211273
215197
213224
215981
213573
190593
210391
219266
220985
208562
227198
212057
202884
211828
199864
215292
217920
211988
214116
211948
202443
207800
212953
225302
214312
217449
212393
209257
225395
232617
224939
197211
204579
228498
210718
220562
208929
218934
214273
220685
209738
226744
215110
236480
217049
215019
218623
227016
223858
206792
202911
218172
218777
214430
211970
208751
223080
209907
232853
215058
214246
234245
227068
227022
236613
250240
242763
262370
260149
252820
276714
260118
208154
213362
203578
224546
203592
231041
214731
225957
218763
209594
214611
217680
198248
191939
203814
218446
214737
196930
203762
221919
205247
214656
212343
210676
222040
226388
203035
208907
206364
217835
216412
208299
222680
213917
216244
232391
208831
219352
213788
219970
209787
217768
224480
207174
215699
205985
221286
197992
205756
217677
202636
203401
230608
204201
215899
214004
211541
214880
203173
210034
211694
229282
205672
217545
208661
206598
201274
224951
216011
203576
213902
214304
247904
250392
254602
267485
261417
263093
245542
247634
248680
249054
256135
216082
208299
212189
203621
202121
205908
202129
201664
215300
260736
234600
246382
242835
255778
262259
262665
259476
268013
241837
269731
251384
257696
257193
263306
250019
258711
259548
220440
219019
212044
205601
216261
200385
218491
217828
218960
207309
220563
216414
211422
199305
194537
216805
210729
230440
193839
208375
223104
206301
220668
209074
255445
242655
262678
242842
232068
267135
267393
247960
214451
223885
223326
197446
215972
218403
210058
212798
223066
205049
211612
213060
214396
232021
203363
211909
234480
216500
209910
215987
211601
207340
200404
231558
202317
253216
252617
238020
259933
270257
239041
247775
261595
244122
239522
196366
205763
195475
263790
264373
268107
253722
245830
215064
213057
214885
207280
208654
208517
209668
201803
215295
199455
207713
221547
214024
216987
209397
216653
219459
245938
263610
254657
277091
248273
254209
231848
230580
243142
217492
225060
208053
221378
212942
222379
206848
205525
218727
197959
214441
224584
208500
220052
205251
207935
203291
208610
214899
221564
208036
211215
202268
219124
212055
207433
222598
209809
203082
191830
215460
200566
195563
218276
217940
211273
225680
201116
217700
215715
213532
214124
215277
204128
215075
213745
204720
208993
214497
211889
217616
203190
202927
199298
225680
221923
209290
215020
214290
220967
261028
251418
246279
255256
245022
253546
251935
252991
244882
274092
244699
237529
215851
208456
216613
219558
212074
210124
223310
217861
215439
207592
215140
200671
202839
202871
227277
210869
211357
210391
202649
202036
200193
212048
205396
246619
264013
248543
231011
251243
269490
267491
265286
251123
268535
262137
262677
240272
252076
224509
197728
214276
218575
215153
215822
216599
205626
218474
212179
214581
209453
215667
219306
217563
197307
195952
219094
212482
200873
216048
203074
203250
193210
204202
203114
213341
220932
200922
219957
217310
223150
218024
203125
226619
207603
219902
198419
197965
202852
204686
205746
208588
209400
208687
196870
200216
217538
204142
204400
203190
232396
214165
225345
228684
236877
248224
261465
242676
241978
278356
248779
251499
214319
211836
196228
210438
203484
226136
208705
201481
211886
207146
204780
224825
209827
211278
197847
198921
223921
218380
212944
218665
207423
203865
200891
216223
204909
212418
203782
191710
211693
206760
218135
202580
201635
217402
204800
192776
212587
217307
201911
209142
214273
216415
219740
233784
223228
193412
211299
239010
218793
216701
251622
261059
267680
242784
206831
211399
206650
215104
221121
209903
207445
217325
202775
200805
206125
203723
208808
206752
205455
208257
213984
208994
201195
202473
226714
217286
203260
207789
215079
210060
208522
209374
211504
223617
249777
233018
217276
204661
220324
246364
256184
250931
238443
228744
245299
218859
209604
208845
215902
212927
192734
222601
217764
202875
218998
211791
213922
203689
214465
207194
210557
202124
201860
197352
192789
207435
205708
217571
209721
211515
200480
202367
203021
224297
195319
216048
205076
248505
209594
210533
212804
220017
212055
224659
215259
197081
211557
210874
230389
208633
207969
196671
207129
216395
205840
217441
219952
209560
221796
217677
202472
213877
195786
215052
214109
199067
220914
203278
210973
208150
211942
223781
204056
212505
200733
197932
207518
208188
209330
219046
206062
207513
198953
204805
216052
212550
196159
192874
195336
206426
210991
213957
211833
207853
213240
204362
219320
203439
206268
197748
219381
199497
234180
235433
236902
237582
239364
230306
250647
244563
243789
247946
241361
213018
207703
216943
211252
197880
206622
200698
199700
198921
199581
208659
191860
209810
207845
204284
221217
201675
199537
217906
221311
200274
201229
202851
197871
210362
208292
209860
194346
199230
211215
208375
206089
198030
216336
212365
214616
204875
194266
209612
264473
249513
267383
232192
202138
209037
209279
204026
208452
207057
213388
208915
208150
200143
219443
206230
195041
210847
215301
206029
207755
213897
208129
214903
221397
213116
205829
198811
219112
212786
205176
196305
211447
197124
194895
194243
215296
204670
194368
241713
265164
246465
258781
252625
262214
275886
282499
268243
275072
240435
250624
248345
254508
236129
237994
227347
243538
241786
244208
226183
224110
240489
243224
219182
197106
204603
225333
221281
227084
228201
223596
217913
186948
208806
214159
241128
203125
225771
227432
215782
215052
212006
197626
196416
213666
198315
231062
228185
236316
199974
210323
184626
205701
196221
198956
198832
193171
209703
210189
202216
223064
207790
200997
214276
203713
205744
207549
214638
198118
211211
194767
210959
196880
194333
210741
203957
212245
217099
213786
225165
199104
198140
179905
197114
197401
191426
208965
212185
203251
203465
210545
203464
195802
216344
217422
196785
212809
193547
205066
251533
230167
231531
261043
230800
250065
248055
242793
242904
248756
233221
249619
250543
264406
249878
248283
186683
250985
246487
267807
244797
257879
261482
243360
249269
214515
221405
209856
215003
207165
213976
197162
195313
186069
195819
202319
198852
210709
209024
209310
201048
205480
214549
201134
205434
212301
190134
217935
189816
206231
214267
228371
211019
243948
228919
234052
255758
242913
246155
230847
226675
211684
222873
260751
257521
240782
254490
256057
271643
284757
262298
260599
256037
209141
195444
197198
208407
208650
198074
201042
210753
205253
199915
197616
204483
203546
201524
206853
216758
191323
198603
208347
190262
215520
211671
221044
198021
210560
193857
197057
208275
202771
202471
194460
220081
191163
207318
212216
211184
207122
236977
245764
260223
208421
215852
214728
207968
201171
202216
205254
208938
221519
209936
189654
226653
190309
209375
227161
206815
195284
198820
198204
211485
205230
217520
212989
211907
208309
224557
202082
194094
204106
187973
221238
209356
200368
199532
253981
237352
241557
259838
241885
252399
255026
254624
236412
243304
236149
251696
258888
251709
238805
264566
260702
274285
256289
268848
242810
201836
201025
205928
202382
210121
206282
204985
214439
225203
211313
201836
195223
199522
197377
209672
199414
211047
199225
205062
206902
204753
205719
202055
197766
210498
192186
216977
206659
214485
205359
219192
218394
221286
242226
256380
256989
260207
250891
250595
256026
243846
232851
210313
207616
214639
202540
200194
210654
209612
217089
215011
211057
198265
201450
195692
190525
224052
202870
203101
199415
215105
200778
200573
210264
212726
203731
198661
204223
205054
195653
210463
195275
211104
209755
204977
193265
197923
204440
207674
209646
199086
191875
201063
202520
198488
200240
199191
200411
201780
203383
194606
215435
215161
200522
197042
203265
205931
239713
207873
217955
204365
198945
206342
205205
206788
192781
209153
194200
211161
209579
206309
194242
188135
202825
207675
226298
218243
240031
200168
205166
192546
205523
204916
199112
196385
198501
189669
205451
202890
207913
200699
198313
203190
194183
229572
228178
230267
235007
235452
247378
259358
256981
255400
212776
214882
201772
198794
197351
204396
195248
201518
191929
203521
216865
201299
239558
224021
233755
238340
237292
237790
222669
187349
201815
196780
204512
183960
197011
197599
188786
202588
186220
203837
208937
202224
208422
200890
194597
195797
196090
203469
197641
214282
195340
210525
196236
204778
217520
219232
206424
204456
213336
205279
207625
209461
202313
200625
201665
196407
219642
206556
202306
202702
199250
198616
195374
194190
203609
197923
196250
187188
206359
191677
194062
198892
209119
208817
202225
205542
203755
198927
186595
199664
192433
208075
220037
199112
200099
212172
256720
245896
250999
249763
261246
265248
248662
251454
262955
245596
252149
253357
241072
255202
242512
259448
267414
256724
251509
251418
243096
255083
251016
198955
198564
208285
209722
205367
193821
209679
197543
202080
204990
201153
207428
203781
197123
205248
205854
200464
207642
197530
207693
208470
208310
194776
197588
182561
197062
194788
201084
198573
213193
190045
215212
200157
206010
186848
199403
204541
194078
203478
197333
200214
201850
190168
203834
203748
207158
205311
204460
207002
195579
202600
208157
222124
211639
205149
204721
213882
199815
202328
199459
196272
199916
209718
199841
211261
219751
213610
190202
193259
207530
186049
185339
200166
202000
187400
208057
186942
215608
201223
197153
210629
205281
194891
206937
199438
199978
194605
219860
210172
223280
227675
230309
226199
239702
252867
243776
257635
216971
215905
240141
264568
239139
246034
237118
187619
204377
193564
190422
197261
205397
203493
200677
207957
196268
192320
202099
200370
208757
197150
200060
195089
204205
194779
198810
196051
203307
203487
201515
191096
203585
205806
211773
219694
228271
254690
263435
259415
239592
258808
261766
249087
243870
246984
199876
208829
200789
197684
246108
244279
255344
236963
244669
246889
255185
264330
247442
261401
247673
247044
252393
251341
239654
240083
244184
233417
240434
240202
218991
224308
226661
205095
200018
201172
207843
197139
198295
197955
209517
210133
206767
198770
185855
197193
193661
183098
192585
198367
187968
195551
211549
198449
194548
201803
204547
195083
188328
203995
199200
198227
200386
195676
186960
189487
201096
202456
200893
204552
188029
200309
191675
209303
194721
207927
212048
202093
220793
205860
215523
213042
201389
206487
199373
206083
196060
192789
201175
196349
190684
209337
192598
196180
182160
195420
200766
203160
202156
207534
188355
197781
199049
206016
209127
187821
187837
206399
185459
194707
199580
186750
199320
213667
215629
205398
198658
196965
204064
217392
210582
202276
227968
244027
241413
260496
233494
223310
211860
211262
217257
222487
204667
224379
231880
207068
194115
198157
203940
207363
203270
213333
200765
203738
201722
195131
199600
194301
196295
195194
194278
215994
191649
202473
189741
209018
218047
206072
200951
180017
199882
213019
204565
198403
198147
194669
203731
195898
188793
187545
191628
191831
200088
200566
186128
216617
188478
200182
193506
180067
188941
204099
189893
195577
204360
196008
203850
192151
194144
212946
215660
218099
201732
189149
230456
221064
214764
213903
196475
203217
213100
201884
205736
192951
210832
202895
209145
229957
217168
238405
232762
251130
236082
259273
238427
263839
253074
257654
242905
227925
222806
226361
215315
196010
199677
202356
210264
193802
207949
191439
201394
189535
192143
198645
209864
206471
205671
199761
222680
194256
195116
190792
186564
202946
204794
202791
189969
214647
200276
214403
198480
202550
193617
195280
206502
194776
213248
193068
216111
205699
191366
199686
188912
201925
207329
212136
204574
201641
202750
190719
186861
198808
191354
182799
195602
215171
192995
200184
202868
198226
210394
202462
197600
199781
195231
200054
198654
196317
196023
202692
203097
188679
200283
206666
207000
195122
194959
207445
201259
224525
230521
227523
229437
224526
223652
215972
198967
194417
201479
188373
213989
203317
206024
199459
196709
198761
192231
207267
190398
197776
190766
200411
187938
195177
203015
206979
193651
189776
196668
189393
184101
188848
191512
202126
198878
189116
196253
198058
198622
205494
240433
264554
234433
246309
264938
249113
220012
218851
248230
265470
240501
237279
252038
203169
183817
200149
200251
197899
204038
186530
188217
234067
232991
223731
239524
222521
227187
227208
217275
226868
222990
227319
211375
228916
222397
197432
193211
195108
202977
196960
186246
195306
194217
197629
195402
194241
195159
212721
213861
215909
217806
249802
252981
249862
236991
244852
239299
249507
251325
256738
266655
266984
249586
256689
221386
221323
217913
198185
184354
192903
194390
197881
197471
193599
201350
188115
203576
195411
210122
199053
193452
205505
206075
206106
192796
194280
195985
193869
208267
197729
199300
204506
199179
188741
195438
197666
198603
205153
192784
209444
195855
198631
195101
250892
258659
223681
198085
233882
192779
204639
205495
209676
205717
213819
216930
193568
194675
203215
209979
211348
202019
194678
216084
198585
206950
206119
204395
194531
203292
203857
199375
203798
193787
197872
192080
201937
193764
201606
194300
202010
215379
220081
215671
196424
214340
194205
185634
187048
216281
230266
247360
234904
246684
230690
232794
219289
224395
230587
225337
235799
216559
239510
210458
217182
235772
226335
231116
215040
227890
225819
238791
227521
216268
198257
197369
196062
196987
192425
197360
198121
195496
200779
186810
194876
200168
206287
192853
178719
198856
189410
186396
187292
185476
187359
193694
185535
197515
179364
199721
205934
177028
202261
188714
193074
204045
205175
191658
191860
185531
201378
197121
196172
191332
193352
190397
196105
186510
191300
187922
197775
199338
201307
201367
198437
187353
196128
190772
222218
234573
255740
243721
260032
253796
244351
256408
250713
248235
251333
210730
182824
192590
203224
196025
184112
188310
198379
188169
187999
194954
195539
193640
189634
183692
190741
207756
193048
211579
210088
185888
191244
238847
243473
231109
241218
234991
246089
242304
240682
235347
233611
233359
205968
198599
189423
196325
181699
192214
197704
202935
214675
193217
235209
228201
193844
204688
203299
194056
194438
194832
193681
198672
184278
189962
202093
180925
187163
188600
181458
198515
194727
183216
195103
199597
183453
204939
209956
211823
200078
182209
207134
187908
186450
217614
214884
201375
191492
188591
226274
247311
246081
247462
224831
226585
213467
181821
209356
189665
178517
199760
199168
205043
200008
192658
182561
192234
194180
191294
185723
192529
210380
235774
252608
246285
249927
254981
260682
261131
235541
233802
188182
196385
192248
205191
183767
195427
194830
195856
185123
200531
194924
187017
197338
192508
197615
187776
205766
184483
195401
201794
198153
187303
183150
189300
189193
202823
230413
218292
207637
232134
229931
222519
212349
205888
220164
225978
223358
224909
213675
223284
211824
218942
225896
222260
212703
217449
210350
212954
218552
218855
209832
223913
211326
182628
194848
192744
200460
211037
201316
234518
226658
224552
229779
253163
232058
268833
250048
229917
218617
204694
223469
228933
184378
185578
195999
200573
210456
181521
186219
189832
192395
188654
193247
191620
187778
208469
181054
231227
224614
228678
213620
215139
230688
245281
240526
254330
242108
250648
215858
192739
196692
188309
213153
201041
199336
189399
201003
202754
208655
203610
192389
201630
187708
194746
187118
186834
191046
192176
193466
193783
201437
193158
202995
208799
203492
199335
186800
199151
195970
193977
191141
195670
195560
180967
200781
187840
186901
209913
187537
205555
221301
226755
213840
224000
229677
221437
233372
210404
219918
216568
206327
219735
202281
190127
189072
188757
189149
186321
189921
189127
183588
177098
196345
179043
192852
189752
195486
187755
201252
192949
200497
191729
209705
190294
194675
182536
199072
201864
186007
188599
207070
202716
188036
187502
195844
182465
183369
183073
204327
186673
195080
188058
183377
223941
236231
231386
237765
241623
244042
253878
238027
226813
235567
218601
218749
207405
180075
201086
185789
174539
189052
183316
193715
193940
189483
193302
183540
184146
187981
201556
205011
181399
186329
187230
178674
189452
199213
183853
185348
187001
194372
194408
193993
188878
181060
192726
202658
193962
194352
185476
183515
177344
189734
181710
194682
181922
193068
189753
205627
198795
186730
187790
210374
188950
202265
191641
197217
188657
195542
184092
187812
195987
194499
190566
190006
192521
186262
206878
191219
197177
185720
192953
185534
186132
182681
193817
185625
176680
189154
186616
197856
206819
192689
188308
184609
194197
196276
193040
189686
187672
183906
186268
184292
195721
189969
183140
181725
192269
196007
200567
210074
206794
219240
213203
245068
224518
235872
234718
247224
228283
218511
234846
214911
222223
192742
180954
191565
182742
179893
184444
185222
180130
181968
189502
205168
215404
190695
185601
202407
220612
211521
208056
201427
185875
183404
203433
205385
212086
201360
219887
192263
184396
192123
192735
194666
198166
204081
184609
193960
195233
188851
198604
213836
207482
212594
224725
223228
229874
229820
225612
223659
220963
222994
224558
226306
212807
223935
220580
223831
215209
207264
241599
226346
237813
207794
200540
201130
190622
206410
203151
194877
184188
198721
193643
193854
195929
200127
191706
200198
191698
198476
191692
194038
222130
197483
185569
193901
202435
211684
212109
215629
212886
220140
220368
218799
196895
194261
190771
186951
207266
204611
210203
212638
203984
207492
194305
199115
192270
189004
203516
185432
208955
182026
194038
194908
191031
179450
196287
195671
189376
179991
181832
187526
182258
193884
203442
206890
194838
189364
195054
234039
221653
192651
183311
186769
195909
195626
187151
202536
188695
205378
199288
194057
189477
192846
209173
187884
199204
185694
182613
181461
184858
179831
194480
193453
194611
208753
217056
215595
239081
258108
255963
248897
227718
216778
231334
235077
229226
228324
233025
206973
222637
239842
184985
208230
210947
213149
205670
220753
225176
221386
222578
245779
244525
233082
227411
239225
210209
204578
201023
208791
200414
207569
204833
217839
204889
208772
202045
201320
193045
191896
183116
180461
195029
193052
181048
189446
183618
197514
190998
188304
179754
186599
198502
178532
189890
190317
185568
188317
180052
191333
193273
186116
181961
197664
194303
190042
183316
186580
186340
193839
188806
201627
179459
182902
180573
181024
185979
186425
178663
190664
183220
189919
190502
194073
196883
184042
196469
185791
190098
186979
185908
185982
186576
193615
186071
190138
189966
193930
197819
184010
195121
194540
184019
195581
196714
186902
199255
197606
189672
195263
182096
190054
179238
191046
190879
186229
191813
211397
204143
211523
218528
230334
249510
229945
212488
210752
223804
223772
214962
227486
241771
248472
222636
227051
221731
217684
221731
228495
227398
211272
221285
207637
213134
209470
197455
189320
183121
187445
181539
185752
189693
173018
199914
206703
189821
194062
192599
184094
178744
185248
197249
179806
184939
185244
177516
190450
197582
201477
185834
192946
201058
202057
211787
206565
211095
210359
204149
221890
231195
245274
239401
232227
225041
241354
234166
246672
238522
240608
247715
247653
242397
223640
245518
236408
226051
222123
225738
223420
215385
226801
222910
222945
219859
209657
188734
183857
192641
189935
199856
189484
199033
196221
223197
220048
208237
208776
220601
233345
242333
234384
246635
247488
249261
243802
249956
227820
253030
240715
246958
241198
258838
249288
234933
213355
205859
204585
184525
188024
198210
181849
187585
187301
186001
188358
193343
222714
223017
232707
229924
210635
210723
202131
206916
185801
182147
178655
178348
181298
181218
173038
173276
173188
175293
184004
190235
212492
203774
200379
222014
216574
247984
242178
230385
250940
247105
243264
247110
239922
215452
224894
221215
176976
174761
179049
186600
185950
193718
190023
189861
194935
182747
188305
186700
184242
192540
202608
210390
229532
224890
218891
236411
238705
240088
227147
240293
228141
232803
242904
241274
231346
210768
215865
190031
179759
172929
176611
175386
186245
195364
190876
190523
180280
193574
179537
197483
187460
189961
188945
191145
187471
191327
187730
189164
208099
211167
213879
209433
205666
236271
231000
212900
234605
239233
229412
251028
237769
232335
238171
232034
217372
216563
213808
208966
205408
180193
206962
213470
196389
199804
198489
185767
188825
183231
180158
180680
183084
196254
184538
180722
196648
196605
184730
200043
177303
187918
193110
183973
179161
186913
187249
182017
200208
206195
188956
179024
185158
193517
174076
182252
185729
185425
189125
188375
175746
183231
194484
179366
183001
196783
185369
196957
198200
181194
190238
211065
222557
218192
215512
227338
232634
241967
219722
236205
228915
237425
226116
224301
214688
214022
214934
221106
208687
218779
218274
237771
232584
224740
231824
232492
233637
242523
222721
212701
209321
221781
215907
199187
195964
204670
199400
205716
197807
184681
180363
189784
183123
169057
178398
183589
181436
172904
223085
223629
211619
214368
201981
211554
225627
208067
214123
223183
218302
235210
213857
213087
221121
234632
248821
239040
228177
264972
244326
212899
226674
209379
219272
208645
222901
221207
195122
210874
204516
211989
215827
222314
214736
223575
218451
211025
206719
197753
200330
196048
200518
192412
180030
203469
219993
205034
226912
225269
210146
217403
219380
232147
236981
224328
233437
235305
231923
235082
232612
211432
222918
221326
226025
236640
218577
219794
209461
201090
183230
193337
186089
192102
205399
195200
205663
208187
207886
200952
175793
192651
185761
174850
177776
194365
203387
189628
196615
201505
186682
187035
216277
215686
220558
228652
215734
232161
229492
232036
227309
220430
232060
216208
232466
231677
231461
227873
237258
212836
204469
212307
200002
213159
206724
210565
200500
175567
184821
178889
178768
192449
181112
171634
220483
232681
220399
211539
220792
218989
218035
217658
192050
191410
193412
197452
190083
200585
209072
225176
222524
219615
241772
228756
243185
226642
207129
206466
227430
213356
228926
216548
217316
218521
208325
214164
215686
216525
221942
219567
218557
226668
222004
240876
231091
226048
226859
222844
214372
227400
227101
191138
197618
179241
175594
182344
179343
182449
179182
180360
167884
179945
176229
177125
180426
210003
192452
207292
206343
213035
216663
205500
212350
223059
210249
224146
228131
223378
207364
210405
215988
191241
194110
189842
190392
210522
211673
211734
213009
218395
214064
182328
179583
183832
180508
178009
175479
179125
176573
190473
187298
178354
181314
180125
185696
210470
210686
211379
227255
217191
233208
237104
236624
242053
243167
239515
230520
231134
240395
230615
217677
229398
234306
231212
229294
231008
230941
226590
221880
214209
218280
192071
209411
204135
203416
201639
198046
203987
194006
195327
198199
202391
201700
210981
200327
212542
208314
222797
221438
213197
218686
218212
222363
233867
218563
223673
228535
238395
238822
233295
229999
226972
222070
226832
227882
229438
239354
211673
221281
217154
232714
228792
235185
231472
240312
222297
207529
202681
201320
200416
200574
212480
215703
212025
217004
233117
215027
220122
217097
202013
197009
205816
210426
195423
196439
174410
189399
186516
176928
174915
182888
179178
179163
183536
201654
198413
205762
204670
218342
214088
210377
197852
185781
185549
178827
170901
172717
179431
184584
180501
213790
207954
199711
215257
215191
236875
227259
231086
216404
214188
219302
211255
221431
215576
232554
207017
213690
201159
212036
193165
196114
205791
209685
223721
211814
229445
226423
212176
218690
217557
228192
228325
229762
219072
223133
224606
235417
222739
230990
224594
231430
206651
208016
205682
205913
188820
182772
194274
190008
180077
194622
200179
213810
208304
213968
214512
213087
198918
188434
189172
188145
181979
178561
178546
185435
185519
189749
193046
202430
191723
200347
186294
188384
171796
190250
177517
179737
181665
196779
177411
178493
187319
198175
178238
192072
190588
183000
197971
196264
172608
186827
175588
172607
190486
182664
178005
186799
190337
177854
189461
172473
174146
161424
181276
172098
181857
175820
171743
199263
218270
207334
211531
207102
216730
224075
241547
227853
236492
244043
236558
236309
227778
227061
224259
244187
232887
239712
234869
232562
226157
185182
176873
180401
182273
188063
218873
200059
190838
223099
215679
227531
228079
228203
224930
238343
231873
230261
241408
235311
229531
208686
203044
182550
178973
188625
193842
191976
198490
201900
221737
203117
214185
199365
204321
215027
210214
217367
201904
183851
192285
160704
162412
180611
178634
170451
177404
178141
200249
185847
189600
177130
176569
171135
203150
207396
201627
211231
205974
194878
213308
214855
222306
206053
183306
181576
184554
193030
186090
170191
182713
174283
180127
181024
177488
176213
178814
175545
198397
200808
206044
209027
205126
214437
202181
216662
218651
213679
194026
187855
191730
196664
183092
192882
205688
212655
204606
210252
204837
214204
205544
212193
208841
216889
207681
208992
214617
201103
204756
211656
218452
221975
217933
230638
232732
234056
237943
230992
235246
245021
232192
236788
241125
239614
233704
235506
242979
241395
230219
230558
190868
185115
184268
182673
192425
182886
181084
176027
180269
175061
175965
176588
167393
174102
165840
189851
181590
174810
175778
182831
188272
212199
195395
208404
220638
217186
227024
225374
229811
231357
224366
234436
232049
234276
226581
219225
206663
184225
178229
179983
198769
184358
182555
183079
177957
180474
177999
178517
176526
174635
189938
177668
184025
184723
182272
177973
180605
178599
183257
180564
180728
172416
184364
160671
170610
172629
169996
172108
174846
178420
188529
183678
173632
188267
171390
174930
177464
183959
172430
182716
177775
176680
169748
188518
167609
172544
176290
174345
182737
179689
177224
178421
188908
174616
166552
171827
170726
182350
178883
188981
183941
177081
168747
183454
166860
163418
177340
166989
179460
177490
167989
182569
178503
181685
177033
190343
182060
182006
194462
182747
174006
181783
187359
195711
209148
199449
201678
181581
183492
206115
205348
196493
185716
184112
186047
179223
181700
191186
179061
178918
181864
196766
177296
171098
186268
200253
211364
226164
216851
230504
204974
235619
196302
195969
181212
195334
217946
228965
227706
223282
218048
215205
212085
234910
205652
212285
213229
205081
171199
180806
168360
200972
202562
194922
208224
220743
211717
219196
193734
215212
206408
214714
197409
205058
192632
217928
207347
205926
194650
186432
175919
184712
180162
184106
179977
181144
184766
173363
172151
182566
178431
175519
176841
185668
181594
167211
182770
167577
172242
177719
178233
173646
169323
201054
217309
209992
224519
228259
219613
218634
229862
229796
236989
218668
222832
206681
186822
174228
179541
192279
195512
202743
190822
173012
179991
182514
184898
197226
209325
220461
223070
234613
236538
220250
233242
220469
231685
226851
224891
222349
227368
224198
199569
198100
219575
205842
214777
219699
210590
190921
201197
195678
180064
188195
168507
175587
187654
172005
171124
177680
164312
174951
175539
167871
168168
181874
167534
174330
174858
187155
172695
183672
176082
175781
181524
173934
185326
182510
174196
172028
172032
184230
193834
170746
174079
176897
187702
174620
183293
181769
192193
178046
173369
179772
194759
184115
186373
180129
189742
177228
212074
175734
211232
223744
232500
206091
206946
215620
214539
210386
220115
214029
219314
219620
221034
244043
233871
232865
218220
210589
225844
194939
177903
175816
175624
168332
180000
184863
163669
175160
170596
187589
175484
167127
173853
186088
176255
175098
162578
166830
177021
197008
210942
208960
219822
212328
206969
222614
228758
219781
218731
214261
206982
201953
206226
215053
198314
209986
209913
208085
223647
206346
207386
214139
211877
219637
210314
212724
232175
232813
218517
218912
198421
173978
178697
175462
171770
179613
178096
183003
174098
175486
171577
166551
171825
171478
166694
174372
178064
183764
182929
178828
173644
181894
179161
171041
176785
172465
166422
175743
198477
203118
194298
207240
213086
214674
194879
196404
204000
205541
201673
209542
214979
220386
204267
217813
217070
209179
212414
205824
205789
211496
233508
205905
213599
215554
217301
218844
207216
205810
208404
195802
199791
183297
201735
206849
210964
210861
216340
223742
210903
218739
183688
171657
178218
176574
182097
189180
181987
189942
192801
184553
189906
206829
205994
201391
194584
191562
199016
199843
183728
188329
194930
209560
204515
203619
193736
207340
200846
193375
198886
213387
213919
202132
213458
210236
212123
220969
217637
213799
222396
220794
222805
207604
206851
211597
209323
198521
201419
201840
182237
178131
187795
173780
183571
176784
173813
175494
174801
168628
167633
175914
206905
213471
227748
235872
214780
237578
226149
222617
245793
236051
242699
233412
229709
229500
200746
175515
173174
174617
164384
169481
190525
170788
168312
170950
183042
167965
180550
172084
175045
174319
173810
186759
174235
182911
176106
177387
166847
168180
176567
170599
178230
174246
172303
175534
171153
173266
171359
177058
206730
169445
212818
196867
197606
213600
200054
205225
204039
199775
205995
203773
205630
220128
222956
214390
219758
236796
230542
234403
220305
245521
230501
246634
231239
230955
231805
230026
234407
250230
215322
228420
203328
168755
176833
171885
206825
228332
202239
205878
207480
215633
230997
214748
222239
210835
244372
250448
242627
235129
245820
239740
231563
239064
246417
215118
171464
175540
172774
178556
177865
181550
174610
181279
181927
178773
200280
214127
231833
242005
213404
222274
217833
209518
169918
188640
175032
181821
183167
175192
183492
169163
172924
163448
169448
178746
169589
170122
221813
211787
212024
215045
223064
233920
224312
203469
169765
162802
169809
188279
171875
203268
200917
210595
224058
204496
209308
212736
206160
213407
166347
172771
163615
169903
181635
179605
167370
175465
169305
171969
178101
180609
169199
180849
185287
169450
208802
211898
224917
213791
208331
223539
221555
211877
221397
215011
211002
213189
223589
225738
213478
223490
214983
201253
171282
175202
175264
181790
179363
169993
175594
171737
168177
164574
197399
206160
191834
203434
195558
202851
216478
223567
203061
227740
220731
213097
203551
201830
211693
207604
173327
202139
206184
203129
226236
224636
218969
211621
168435
170212
166013
167906
171867
205053
194487
204553
205750
189397
198575
167670
175370
176594
165131
168548
185998
193504
204673
201686
170619
167841
172079
162531
164799
166369
176089
203244
194256
201328
199092
202566
206103
202452
183573
167041
165991
167528
164619
155797
169083
165867
176413
170355
169788
165055
175765
217467
202850
215322
211768
218111
231562
215984
217186
217010
230786
214790
221386
215674
219270
213189
222989
232776
251783
219968
210069
216581
212352
208635
215828
219224
234678
230120
238722
221780
202427
188418
161441
191342
171333
176020
183203
174519
170459
185854
199384
205599
217187
206297
203220
206399
210883
229988
222593
220735
226023
217304
242139
228864
220087
221927
216430
194435
170028
173241
168840
169205
182598
165539
169553
178894
175192
184840
170669
174088
193671
203801
211542
211321
194553
193939
213930
201084
225439
224989
213247
206585
210350
188522
165285
178881
170068
178284
180968
183737
169566
170863
173296
166532
164391
168187
169129
173060
172367
160513
164743
176042
170781
173954
187567
173851
180324
207578
182887
197287
200624
217963
213303
212840
211840
221115
223460
206954
204837
177559
178562
162737
167692
167404
173690
168970
158294
168597
164213
173902
162278
171358
168636
180351
162479
173492
170220
171227
173126
177069
173624
173494
175640
169873
166191
174960
166340
173975
163139
174352
170082
163999
164858
193565
203456
221402
216673
236826
217346
230874
227134
210168
214883
210280
214132
199457
167891
169291
175213
169814
202252
207764
193108
215603
206059
195704
210120
193485
198194
198683
175785
173496
180934
185992
186171
179447
212247
203037
214502
203055
214935
200284
204279
198824
200093
196582
196544
204885
204743
170918
171856
179601
178393
191566
199154
208621
210279
194883
164581
181151
173974
172983
171428
177179
201413
202375
203983
194001
207204
195856
207018
200676
197546
200279
189973
161997
207534
179657
171980
171557
184219
178750
174250
176030
177332
181263
172984
168609
190070
203289
214540
208685
209655
227726
221728
218369
211353
216811
205187
214607
160066
164167
172016
167837
169511
166706
172268
159039
163424
181230
176808
168722
169122
170766
162029
173408
174177
169900
176951
170869
163547
166512
200444
198831
207602
207892
213408
219144
217884
214628
209739
205434
208816
206943
202554
189272
180966
172954
178425
167184
182344
161242
159853
170142
162544
166212
165839
204692
213740
198534
210296
173845
177768
177509
174243
174793
168946
188182
174874
171599
169147
171912
192071
184694
165700
179089
172557
177230
177474
176141
171929
164424
174665
160104
182941
170541
172779
172216
172945
171983
171650
194168
208944
213192
219723
223821
221892
214881
210973
216809
172288
160637
159122
170269
171542
170496
173402
169592
202558
197507
202533
215754
212601
202183
205162
202996
209041
172769
203348
203362
207151
203970
194441
195461
201678
187245
187622
189496
173825
174996
174075
163439
158886
163536
177700
216382
201199
162185
164648
176971
181066
171801
178810
177639
171258
177649
173179
174334
176749
184444
180856
210175
200154
212020
199273
199290
216790
203860
200408
186251
168793
211877
157441
173491
170223
180372
182753
168626
172554
162827
173080
169277
173098
208887
203385
207081
205515
216788
212379
218118
223650
217426
217313
217664
213466
209846
218397
231480
219027
220957
233007
224991
213824
233351
222959
205768
196808
184739
177732
173832
165043
169420
181748
173035
179070
167729
180743
161604
167640
164903
167816
172630
158728
168845
171142
168204
173623
172846
168764
170323
176253
163379
175303
184805
202435
200648
208176
178965
178527
177107
169229
165477
169521
165451
165991
222852
222684
221398
215999
221631
215893
208807
200623
202721
207406
211522
227781
203147
222927
226375
212218
222526
233611
204047
217017
204889
221341
230689
231934
234705
225512
213677
204455
186616
163295
174153
172686
170282
168232
163206
158081
168989
164270
211395
209296
201341
170535
168624
171869
168837
162448
173890
169502
161840
175544
162851
171865
167004
175149
172113
160380
172194
164985
168816
171325
175528
208244
213281
207890
211492
170238
171410
228552
232376
226531
218838
217525
204852
187807
179678
204804
187591
209524
195844
198723
189728
195171
195338
195575
183766
188780
206578
197246
196055
197436
207412
218096
213243
199695
213204
219234
205388
164997
166407
164620
173268
175098
162267
159500
157641
164983
162105
166012
162463
163148
175641
178502
171644
167617
159860
178303
170554
177224
181391
172578
183441
175460
185438
167324
168754
163878
172703
166014
192642
176951
174887
202891
213760
205847
213218
232978
217599
221714
218030
227670
233428
174091
173161
172027
181252
166934
170349
177269
164162
169032
174589
161538
174031
174176
175503
176788
181662
168384
170521
170692
174611
180937
182894
179358
163483
159889
158024
166834
166006
209476
198563
202818
210253
218191
217224
226130
191666
218329
201425
200864
198285
178798
170099
172747
163824
166515
161253
151245
163922
155133
174175
167892
170610
170330
175846
174996
164811
164110
163196
166046
177852
169736
169220
163269
161628
164880
172436
168448
175371
180244
167170
173825
158531
165581
163420
156812
205450
203300
223411
208302
212864
214873
207040
218233
229434
217104
217856
211296
197438
160273
163363
169629
156230
161330
167095
168147
178871
172428
169742
176448
164181
166143
175547
171299
175200
176969
169973
183280
174235
182244
168815
167775
166122
190802
200342
202688
185416
163399
156652
201250
206004
200035
209184
210652
204520
211597
207187
165508
165035
200953
189604
197995
207414
163071
167242
157871
168366
160454
204795
197556
208890
199567
209580
214244
209749
200296
203853
196954
208291
165441
166833
174573
159723
204366
197208
203849
197105
199193
171609
159299
167581
197318
202527
192932
192911
200856
169407
165912
163578
163482
155319
178964
161810
163068
169949
157389
156030
167947
165473
168234
161177
157852
164002
166219
158157
166261
163561
161758
166441
168793
183676
198273
208357
213807
221512
207639
206961
226172
230657
223194
227548
204330
214213
224025
217479
204595
200127
196213
183217
190016
154140
160389
164367
158538
164481
190633
198762
197938
191661
211130
203843
209175
228376
220711
208413
226224
208830
227995
221173
219041
215970
230105
239604
233468
238453
215449
213838
211661
212703
195571
201624
202962
199856
198364
207967
161093
168033
167546
166310
164729
166119
169187
160082
162825
166302
162897
156483
169621
169215
223759
208520
216897
223294
213871
220417
211250
217990
227972
211915
226387
217402
206129
208013
206830
206268
219551
213303
194978
203547
209723
201515
209629
201976
202304
205589
209071
211281
212069
206209
196063
207792
202071
204376
211439
211933
206017
212031
206264
210555
210784
202905
219850
219020
211919
211162
213175
219424
201784
199932
216040
203231
200598
202713
202607
208085
203128
191201
207977
210939
208296
180625
165178
172035
166379
159613
166919
162279
169641
162909
156116
195335
202463
210761
205400
210402
201464
202320
193073
208656
206571
204826
219263
221841
217711
212324
217750
208040
208362
207295
205517
161267
165131
165309
169646
167435
155908
152046
163168
165457
157450
164339
167121
170177
162238
156093
165568
172525
159666
167322
173642
170593
161960
164575
162099
168981
165015
166376
157099
167875
168239
164781
161258
167329
160113
172474
160209
157937
173255
168435
166023
211558
199218
196060
192596
163683
155668
168061
166856
189550
178873
195449
195157
208188
216750
214824
211657
214896
218884
218393
232854
207904
211862
210789
202760
204049
195670
197191
191826
162929
178140
174511
164148
174972
204936
205048
208516
206665
203792
202564
198857
198192
210167
226036
219801
214300
219580
229268
195495
216892
214304
218170
212705
208972
206280
203465
217738
218061
217388
219963
209906
219746
199777
204085
209011
209768
201415
207540
203469
207692
170228
169981
166224
158480
160926
163690
160574
157219
168901
161997
165818
166948
164673
157933
168496
162386
151651
161186
163626
161961
161450
155356
159249
162131
163610
170435
169996
158234
162597
160433
166996
169339
161359
155117
159463
201931
196142
208458
219540
213180
198732
207439
218568
208570
203708
214124
210802
218321
206631
161003
160974
161467
155479
164127
169296
166128
163457
156256
167135
155981
156931
158686
173223
219755
211979
222301
214704
216085
214781
213295
234071
225545
221908
205933
209073
220639
205831
214394
216215
199518
202513
207026
189501
155821
156784
163646
161490
194884
200691
201245
202660
191465
200649
215258
201744
194957
215648
201246
198208
210090
197481
208596
166423
164657
153081
163802
157878
167374
211671
212800
209953
204997
206803
220072
215300
210244
213396
207626
152729
165358
158680
161703
168490
154832
162529
168710
173420
165794
158930
163104
168728
162633
173160
164640
156025
164522
157789
171345
160618
153207
157260
159559
155662
164768
160370
159350
162480
158208
167606
220667
207190
207663
208234
215915
206701
204807
212206
190318
157020
156020
162069
163871
160141
164865
164521
185527
189780
197803
210307
192085
195386
192919
209128
204450
208593
214480
200506
203805
203269
209968
207445
199058
204746
208287
206875
214678
216605
200265
207043
155910
158741
167584
162248
168175
177594
165832
158883
172095
182248
166608
170951
167587
155725
162312
173912
168544
164844
159338
160333
159849
158451
170166
167664
191114
193934
205735
197576
198183
181599
194949
196037
188022
199512
195398
203049
195114
197697
199802
189428
197753
168146
155754
154821
152256
161748
159378
150952
159116
161645
166165
158292
165216
175298
165622
173978
178912
161456
163846
164440
167004
167233
158534
170424
164313
160602
163175
159333
148858
163532
157763
157689
168242
154083
165535
205201
206470
193763
198864
199378
206892
195468
196812
206798
212161
197729
165855
165552
158761
163716
168159
171505
163484
155942
156644
169470
169203
159947
170094
175184
169334
168152
186379
197282
163956
163308
160806
157936
162761
155961
197147
186848
206235
203819
205020
210961
197574
200274
156418
166869
169893
191046
204511
194695
166302
160363
163901
169937
158936
168175
173703
163555
170374
204332
207395
201292
208054
206098
203282
205912
207718
224294
214020
217286
216478
219535
208380
204853
206530
211468
204828
188875
201377
202944
203896
204027
209288
208610
160481
154628
164687
178745
206940
199133
197316
191344
192162
200971
201624
207636
217982
200892
192860
209917
220186
204019
211127
162615
158345
162384
161866
157190
162313
158161
152587
164342
161078
165520
164542
169644
165988
170559
171618
170106
169981
169856
164321
174556
167449
162399
157232
171299
158910
164157
163038
175434
168279
172968
166901
170708
158962
167793
172289
168607
166364
159236
208607
211239
216044
212218
211151
209955
215072
221076
213042
212335
198664
207787
201283
206071
210377
208553
208155
214153
216228
214314
197842
199288
196071
172660
160368
159639
166365
150677
162154
174949
165085
153241
152593
165816
155914
156987
155978
155308
155805
169411
162713
160138
170672
161090
158690
164393
168707
170571
171374
165357
168681
168079
162308
170849
157743
161689
161353
160298
174133
174095
207391
191350
203976
210743
188777
198649
195142
204102
192223
194411
199361
202818
203750
211591
214520
210459
221300
228411
206765
216200
213749
214514
205063
177282
156500
162899
160999
154534
158684
155603
157942
172400
157004
166716
176767
194044
165871
158331
164845
213577
210036
208219
211261
203846
156086
160187
155243
161094
153879
158237
156967
158890
159048
157323
150905
159217
160448
151913
158572
164170
149607
159041
148653
155847
156887
153079
159935
163497
151460
154806
154027
156652
160143
151776
153231
159180
162247
157306
155266
164320
164959
162483
164169
166101
171000
167441
162884
163036
160597
165318
176922
205410
212754
202284
204910
200309
192926
167042
154023
156168
164596
160333
176321
205499
207294
208261
205274
209110
207069
202829
166968
165799
160558
169658
165325
163717
178044
197787
185715
167150
161696
167449
160350
156537
158766
158770
161699
167519
172921
204901
202450
193603
196757
204825
190683
176637
174749
174099
188945
197452
181800
190743
203606
195096
202693
205110
199305
197488
192870
160022
158334
156265
157583
158689
153342
154444
161326
155127
152418
156619
155290
160711
159950
160807
151880
159909
155773
152552
157711
157222
162798
153954
152889
163153
161753
158356
168645
170144
161662
179294
166866
171231
162454
162485
171206
166297
161385
165722
163321
159838
164016
170912
163503
164077
161262
168547
166522
219275
208106
211188
218621
222859
223026
210618
210459
220481
213064
208208
223137
212763
216841
201212
217469
206372
219102
207507
214037
212567
205901
202559
211170
203259
210578
204070
163879
168685
162376
171610
162481
160605
173498
163366
158931
171936
165738
166908
165785
170067
170316
158853
158002
157486
155315
154548
163206
155480
163563
155089
155917
162377
164768
157702
150459
162523
163374
161403
159305
158444
166476
160518
159822
167410
196468
198075
199463
197398
206800
192914
177763
178088
161334
161366
158329
166929
169493
158863
165443
169677
164671
172483
163391
162241
159634
161985
159743
152973
164732
159170
159296
151483
168805
199650
200550
199110
199417
197598
203096
203513
206076
208622
199617
216932
216731
218662
219347
227555
226231
222677
225915
223113
216963
220521
219360
216707
216276
221563
218019
190885
164689
159597
157177
154279
153398
154826
159185
156866
151304
163430
163805
164808
163248
161088
162030
168409
164366
164538
171123
166523
166404
168869
168668
162899
166276
148990
179265
165158
169145
160654
169430
159275
167012
212088
210330
218764
205779
207984
190177
209425
198188
205266
219764
172411
157231
201753
200253
198693
204396
199602
208746
192305
196118
199010
208272
199777
206288
199892
199285
217716
193690
196400
147346
165065
164533
161102
149727
153870
154661
155853
159877
150460
156981
160879
155774
157568
155262
153235
160732
154145
157961
151729
167350
190187
189815
208496
199440
200777
196869
199636
185132
205838
192177
198616
212103
199015
201724
199391
201785
201618
221179
210514
207443
215675
211610
215475
218617
214785
204539
206833
219650
203579
207335
212821
213268
206823
216878
206805
210400
205904
209986
215705
202503
203685
212107
219126
202499
211199
221602
216992
217202
216479
234048
214147
221607
226466
210820
218114
208297
211921
227811
214043
203646
205786
191100
191342
207500
205645
208806
204630
195883
203127
201380
211207
213233
184093
167864
163071
168941
176468
196159
216516
219427
199707
211549
197929
201018
205118
200760
202781
197273
197685
162705
163677
165944
155938
165607
167306
162718
165214
164800
159625
159864
168656
156186
163971
162871
159116
156878
158511
157183
159392
152338
155678
153027
156619
166768
160951
157109
161532
156528
163965
161127
156885
156928
163034
153002
159477
158941
159879
153540
161622
159755
159800
165895
155697
152799
164600
158035
157073
162044
152122
153641
155199
154326
159648
162538
192700
199766
202785
204726
198601
206355
206021
202664
207736
204484
209257
215262
213039
157964
159785
159177
151957
161805
171220
169616
213239
206334
210137
203844
216608
206751
198060
204429
200549
198866
200411
196701
201694
205772
202199
186562
180314
160483
157424
168921
157989
160331
158864
160964
160831
154805
192124
201409
214768
207425
218525
211350
202926
205875
204758
198556
207779
204759
203836
210989
208329
206653
199330
206594
185450
169669
165679
155766
153685
154170
154286
152575
156513
157186
186858
213675
198127
204557
191638
206252
205560
204266
193228
199506
202759
203007
192904
211058
198304
200490
202614
197944
200411
202181
211524
206106
210654
205588
206091
207239
212299
197455
203716
185885
190419
170279
159284
157653
158919
214921
211175
208422
204482
213474
209007
205463
211816
211723
204846
202668
223095
222029
231566
222320
224148
229859
214112
220523
216272
207246
213214
214281
207008
192384
181117
176834
179535
173865
174324
174465
190202
204589
204601
214096
208889
204539
213178
209414
211434
210035
204325
199597
203426
181329
194507
206923
198385
215384
208320
209755
210723
212310
209807
219180
209138
220763
217296
216936
204305
220240
202504
214779
210391
220234
214471
206407
213775
201893
215881
213902
215189
202405
212616
203393
193037
212594
197481
197633
208928
199487
204076
199035
193982
207116
200143
201191
194047
193177
209696
214397
215788
221387
219740
219860
232988
212889
218516
216199
219814
220486
218675
218203
221214
213392
220269
218529
229159
210308
229844
219086
218338
209715
211348
200516
204006
202696
197918
196802
161124
156913
149700
156881
153988
161475
162715
160553
157580
149648
155600
152557
156529
158081
155954
158242
160413
158124
159443
154618
157352
156600
169889
175053
157132
161924
161021
149750
157574
170646
183865
195045
202951
202339
168689
155153
156246
158419
166340
156935
192248
206757
203770
207986
220823
207744
217416
204613
213397
218621
207342
217194
206398
206824
206120
204738
210140
201165
200495
193996
199558
212046
197798
200743
209273
200543
210918
212803
212324
199545
200053
193182
210976
200558
198095
202058
194839
154309
157631
167061
172205
175970
163337
174877
177721
155231
175264
156996
162811
155285
162218
158874
196722
206754
208221
200721
197009
211234
212812
221271
217416
225394
211790
217275
231234
208527
214719
226672
216959
207430
210324
209758
201871
203270
204815
217367
200895
211328
208086
215428
204387
219406
202987
167082
169024
200749
206305
190738
198970
204814
193160
181898
171990
174550
190745
201431
205793
199695
216601
203812
203251
205912
206173
214719
210038
211847
211790
238382
210946
218230
210800
213698
216303
222819
206697
204787
209036
213222
214276
210382
211233
216871
214600
205513
205380
206015
207548
199897
216564
209330
207732
171440
158918
163891
157829
161380
169038
166579
156337
157486
161663
160139
162117
166351
207242
204445
199348
195532
197348
215116
205349
199596
210054
215651
201218
197870
205097
205578
168054
157317
162683
159022
169289
159608
164749
163737
164916
166609
170814
168174
167660
166430
164440
161983
166542
161505
162042
162490
157620
158780
158696
154893
158353
161081
160437
152407
160395
159248
153229
161119
152252
164501
153002
150655
155530
158997
167507
162428
174669
162422
181614
165801
165356
171521
169883
160966
161790
164587
168558
165586
187206
219879
204634
208431
209087
204125
205867
207216
200746
214328
199341
207081
200041
200096
203764
194366
174984
158633
152781
162353
155779
164591
159547
164173
156663
154073
198131
200681
205290
199868
206463
209747
204696
207648
207998
211624
213409
197919
186899
185720
183729
164346
168043
160010
156539
194692
195978
199902
205692
195688
204623
205324
206990
206179
204297
188710
190569
200877
201686
188351
193480
203645
188727
207196
210952
204453
208276
209300
176295
203777
211315
197769
199804
208182
202386
201553
189961
198028
205358
208552
205627
194177
199778
203653
191941
198571
185462
164396
151180
157158
147925
151757
154521
158282
156104
191450
194691
205214
210787
220798
208378
209400
203965
202677
151743
152462
156571
149043
155488
152574
151021
149116
151204
154049
157173
149438
161720
153082
153718
155802
155892
153341
149904
151770
158245
152106
156367
155342
152507
157072
152202
153584
154927
160813
156685
151982
155285
158883
162017
155857
166022
156493
151847
158179
164737
162711
161801
160236
166164
168087
167907
169028
160626
167228
170591
163463
163209
170809
162340
165863
155968
152969
154080
159495
156807
157313
157971
155938
159158
160813
155510
156352
162055
168796
167703
167713
167939
168679
167158
168620
180357
175397
178948
174322
172462
170341
189670
173817
175715
164585
186999
172816
164876
177089
170920
187325
198773
205151
211018
208600
191319
188051
191412
204316
190717
215664
200766
205135
209628
204524
210298
216100
221409
208302
206774
216906
208023
211389
209323
215484
212890
186488
165583
160756
163176
157468
159326
155383
157689
157401
151849
158629
152898
160750
157033
156870
152595
156950
157300
194436
193898
187918
206804
213169
204818
203431
195681
218932
193543
195727
211468
203264
210494
202859
206064
217174
197544
205072
194626
204143
201214
207932
193483
205391
221871
202760
182927
159188
161579
153895
157127
156414
155462
151474
150189
157202
154577
161413
152242
156168
155502
154450
157318
164053
162438
160443
156518
159047
192501
214697
211160
197873
208152
200582
197841
210875
208734
203884
162904
162845
153949
154061
155502
159125
155181
158192
159416
158936
153366
155442
157367
152765
159336
161297
172401
163667
160011
197974
206478
196569
194246
203579
206177
199280
208511
201212
208570
210643
197849
204581
199037
201968
179949
158482
159697
152091
162014
168194
181934
194495
211773
198933
195216
193960
185666
185448
173374
163184
163298
161648
160023
164206
160803
161174
164371
156024
151337
159232
155522
154516
154578
155785
164711
158903
155197
151546
152494
152367
155994
158552
166724
156470
158707
162052
160872
163117
161275
167615
156157
159220
158610
159512
161026
153219
153884
155737
158944
156465
157856
151730
156644
156150
154227
153628
157127
152912
157836
156424
160329
151557
154962
154721
171696
176799
178301
177489
198573
204521
214969
208107
198452
163701
170340
169961
200327
218607
206475
207553
216347
204331
208957
195515
197109
187587
200638
182622
180446
178255
170102
166130
189881
210649
207121
208527
195886
198270
213882
188378
184034
156201
155294
149221
156819
161335
149304
162080
162447
154725
154068
156815
157884
151765
157710
157481
153490
164362
159320
167959
160865
161610
160631
163986
165878
160546
162929
153386
156689
151974
154852
157150
162062
154661
161108
159136
155275
162763
158651
162335
161687
167209
162196
165171
159094
160018
159554
163018
164155
162087
163351
155615
155082
157615
154511
153936
153935
157932
152433
154611
152731
153262
152500
155971
152271
157884
156044
159656
159374
154806
163931
162709
163437
159595
162982
160569
158075
163436
164408
181790
161963
158193
160581
195146
209268
200510
191922
197800
198124
195800
180242
163554
168454
170144
168837
167274
173328
163113
200745
199618
201544
198664
203738
206371
205231
206833
202065
193850
206906
166009
161146
179563
171574
196642
198627
203394
205654
202868
196262
201116
213332
200698
205065
205012
198967
203583
186948
178232
173659
170898
163804
175697
189019
209694
204875
211691
203646
203464
195925
202280
209484
200250
203298
211431
208866
207096
201249
208260
193561
207156
212778
215347
202177
206070
209905
208322
202606
205922
197953
199452
199791
208878
202887
197339
203177
203746
196874
196581
200651
209386
155066
166958
179545
179003
197474
203336
203339
204281
204499
206081
209624
209479
216017
218089
222228
223707
214681
226978
225653
221024
210476
212113
209879
204411
212102
214461
202072
207067
183511
181552
169819
160442
167492
162462
166917
160624
164856
166407
167369
166587
170146
163443
168403
170383
165145
162577
161476
161477
157398
157645
157342
159283
161658
160302
154891
155199
153029
151548
154877
157690
156018
155634
158630
161069
157328
158939
161311
162525
160343
162388
157090
158513
210230
213625
212601
206916
207947
203727
207868
213063
206177
219170
214105
208074
197249
200336
155065
158009
157060
154096
158233
159568
174107
189134
198782
203377
208494
201500
193580
167941
173273
178126
174541
178766
160821
158904
157365
154204
155457
156076
164801
162592
164368
164182
173980
166631
170245
167105
170531
174413
162897
161740
163042
156450
155394
157975
159194
156250
159251
158069
171511
193520
207745
198725
196068
204457
202451
202061
202900
193808
213167
207070
206286
216363
204237
204074
203157
201345
200866
197973
206964
204210
202965
211673
203025
199847
195608
206853
204729
199071
203944
201136
200121
208281
193172
199343
194374
200871
193724
208491
178955
201965
198416
183945
167377
170048
163535
164324
163747
158402
161904
158357
160320
159526
169834
176287
190646
199649
199862
196123
207770
205900
201953
207811
205508
204858
201184
199696
210126
202277
206270
199844
211980
202124
202561
200595
197207
210149
205581
199490
196928
206985
212422
200853
199913
203906
203982
201275
193769
199925
184367
168940
170838
165575
173501
168191
163404
166938
172312
169833
175193
166968
185155
172966
165084
161943
172539
178466
198109
201887
216228
209503
213089
201543
196421
201450
201338
200026
205874
206611
196238
204599
202330
201121
198391
200399
195182
199376
182291
195629
178970
188740
178717
188630
182870
180283
185800
205518
197551
197386
197639
206092
203179
207987
201152
196297
195013
197316
194443
202256
201829
212986
207255
207410
211198
207946
202773
198043
200924
201157
202728
204710
207574
202237
206984
190759
200735
217394
200121
192999
200662
186323
184077
184650
190218
196058
209092
204314
198968
207009
199191
195016
208489
200504
198022
194681
205935
201459
194493
176849
170446
171384
167104
164520
166276
163240
169248
161366
164265
164343
162358
161745
161684
161291
158643
153118
154582
151623
160715
154368
154539
157728
159179
157142
152691
155091
154096
152009
155121
153387
157847
158444
159369
157044
154932
155242
155622
151904
156974
156224
152365
156821
153866
153775
151534
159500
159258
157112
153488
153379
157389
151984
157041
155610
153132
156813
159137
153836
155186
153231
155139
153713
155535
153837
155070
152392
152076
153386
154856
154334
151467
154634
154628
152059
153559
153072
153324
154755
155680
150343
151933
153586
151034
158809
150790
158001
158099
160413
163204
161128
163771
164888
158199
158823
160586
168673
160796
160365
165818
163818
163603
161936
154728
151981
155417
162035
161171
162997
166888
181345
181385
199396
199832
174762
187620
186921
195767
193871
176775
162512
161160
163834
162548
161833
164547
159919
161660
161015
165825
161126
165492
166370
166897
167508
179407
175347
176577
179742
182575
179615
188396
198141
186276
185813
191245
175775
178787
182507
177393
184516
173219
186096
175198
168003
176207
182570
195344
202930
215215
207398
207471
203518
192259
203573
190894
190748
180528
172498
171818
175068
171482
165622
165565
165748
159974
172607
160456
172275
171511
179925
171465
180977
179702
176214
169992
179160
175482
168339
167630
172902
162178
157468
162517
165016
164500
157917
161798
163166
162294
164686
163216
161839
163229
162418
163631
162729
165250
163409
155859
161598
165318
163241
162284
156065
155182
154776
156364
157127
157253
159019
154921
155880
153806
156479
156264
155725
156475
153084
154629
153700
158157
155836
152493
150933
156623
156395
157400
158983
159753
155145
157875
157650
155014
152936
155712
152028
158201
158994
155982
154989
157342
150685
157908
156253
154663
152990
154062
153896
153332
158993
153691
155285
154152
156048
154306
159032
157505
162673
162635
166439
197403
207489
212844
206119
213114
215205
221153
210369
213646
211049
216922
204061
209600
203539
211754
210737
209234
219328
207076
212775
206473
209104
207192
210377
211551
179387
184130
178540
179089
179558
176306
191067
198799
194351
186592
203583
199568
204082
203831
202249
210193
206725
212985
215630
209306
208590
214716
209846
213667
210079
219112
215575
207861
222638
219233
211611
211245
200332
209729
219042
217181
208588
218032
210489
205379
205904
169640
161792
160433
165638
162223
162141
168134
161496
161592
168051
158626
166836
160948
163097
159507
163213
165644
164979
165608
164016
164040
161969
164023
162532
164716
163910
162859
158226
166223
162376
155072
158119
162339
156648
155817
156368
159700
152942
155520
156251
158912
154938
156314
156378
153082
154524
157010
158670
156543
157499
157478
154735
155818
152813
158122
161148
156259
158190
156493
154819
161063
155830
159346
155024
158757
154180
156106
158155
154867
162494
158303
158820
157101
161168
157142
156605
155527
163394
162404
164929
160420
165950
164025
162194
161271
167399
173051
176282
186463
187533
206178
196996
203241
204220
205485
215303
224477
188020
186554
174866
173956
164272
160469
158163
161862
165533
159972
155355
160865
160061
157291
162916
158452
162999
155596
157990
159609
155223
158901
156746
156650
158464
154592
186676
215127
204034
210939
223170
157570
162850
166077
162360
159805
163494
158571
162575
155929
157262
157687
159863
160430
157812
159956
161499
159801
157553
163972
162215
158313
158729
162638
162263
165914
162928
161088
165408
159200
162544
154217
160210
166038
163825
165197
156424
160856
162675
161627
166093
162608
159379
157595
164078
162663
164002
161030
163409
156880
160292
158731
161274
159362
160188
158557
155995
162315
158254
163800
159274
157959
161122
160549
162715
159153
161659
158353
160076
164183
160944
164299
163686
161004
161624
159816
161015
156995
157969
163453
161397
160553
163813
161796
159394
165486
171803
176529
191075
188177
186188
188468
182258
176174
190389
182551
188438
181897
183841
176112
175194
183472
190264
176980
185239
169157
176549
177051
176565
168957
174122
170561
179809
177345
189765
180913
189366
177078
175191
186798
175189
178127
175436
186578
180795
186313
173357
166279
160329
160711
162402
160525
166858
162708
160246
167281
176077
178321
181003
180775
193281
197237
171712
178292
175656
164381
165921
161974
161692
167845
166324
169171
164986
175524
178651
192244
191352
185671
192825
194008
190803
189172
191249
193179
195770
203382
197218
189558
195590
191790
198027
199571
210090
199523
198478
186464
186425
181126
177218
174074
180032
170602
169864
173098
163862
160314
160132
162437
160893
162456
158631
162014
162196
161516
162505
162340
158630
160154
160119
160748
160832
159874
165108
160954
162389
165523
162049
160844
162924
162842
162094
163180
168841
162757
164413
162089
161578
162381
162204
159509
161070
165737
164869
171623
202833
205864
206006
211500
201854
211442
210022
183987
167818
163236
162311
163511
162023
166902
164322
164116
174262
170066
174510
187262
189073
191857
204376
208624
207952
193602
202933
190034
192663
186073
185921
196080
204634
202930
206009
207435
211943
217895
201489
190175
181835
183485
173615
176357
169811
172490
174021
165126
169058
167148
162527
165538
161332
161722
170136
166518
167181
166034
160787
162917
165722
167863
169639
168095
167686
163668
164971
159655
165150
168706
168409
161598
164086
164024
163012
162723
163833
168435
175180
170467
173866
172034
175073
179091
182552
186308
171912
176989
174932
184312
175046
179033
172900
175612
175469
180134
185962
186573
203977
205705
213232
200137
199402
202036
207908
194896
204820
208453
197808
190041
182351
180259
179595
169220
171178
168181
168367
167981
165514
167168
168620
168457
170849
166764
168308
167100
167372
169354
178249
165934
177052
171051
175067
173203
173538
176968
180300
190897
198942
220534
217168
203012
205424
200730
215733
211348
210821
206996
208435
206113
206037
210990
204925
210622
208130
188196
174636
175851
170996
166635
168213
168259
171206
166054
167686
170327
168500
166064
167546
165966
164225
163538
164716
168272
168908
165256
163472
168411
166067
166788
165422
174214
163683
165882
163115
164520
165409
179728
173511
173784
179343
179728
179489
176208
173056
169617
175527
183951
174753
172688
172195
177053
179414
180717
182166
172838
172173
173926
176438
167352
166228
170762
171790
173249
176554
166850
173346
180031
168884
170145
169674
180091
165497
167512
168002
165528
174534
174932
181564
170078
165895
170606
168448
168897
170017
168689
170165
168864
168294
176109
179032
173376
169727
172409
173431
174429
170215
162803
167803
173173
178423
178582
187262
179339
175694
186073
179951
173235
176428
172636
172211
177047
176856
175973
174327
176800
182064
175729
176376
176237
187245
178729
183192
186502
183034
185064
180411
185476
169819
175932
185432
180734
186254
177814
177307
181601
181700
176890
182700
179498
176615
175104
186573
178340
186819
192969
178302
182904
175829
179919
188483
184522
171219
183060
178949
184499
176721
178234
183099
184809
184912
185240
181668
183365
182708
183609
182973
187795
187222
183308
179840
187037
184001
183953
189011
188528
183549
182623
179926
189397
188588
178923
182590
182724
186540
198523
189096
196127
191760
192113
189683
184438
187501
191290
188462
197624
185602
195929
187926
189369
183140
192971
179285
197781
194632
198462
188056
194493
192311
189798
188850
193881
202121
199051
190758
196988
187455
190419
181417
190605
195862
185365
188743
188294
193304
193774
191728
190851
197653
196528
195020
200112
194653
196650
195944
193528
205856
187465
194357
197480
198954
196412
197416
197559
194981
196826
190275
189287
192068
195680
197234
199714
202166
198439
191420
192056
195704
197974
197231
200645
205674
190746
198911
196684
198800
192176
197841
197771
199391
201909
200554
193482
198097
196861
197428
192404
193002
194539
199348
193568
191687
195448
191979
195276
193780
194925
199823
199586
204506
195186
196841
190961
196731
207639
199101
195486
199533
196312
200551
184686
202371
191921
196186
196608
199552
196943
202235
205207
196206
198604
204203
198147
205214
205363
197573
197127
201579
194873
205404
199630
204936
197891
205840
204449
201347
208283
204331
203159
203689
203521
200361
206294
207338
207698
212704
206798
208145
206109
209703
208083
207890
211101
210805
204878
211285
207312
207802
204884
208459
202540
206735
212379
210947
204108
205385
210073
209025
196730
209429
207631
210854
208985
200688
206691
208796
199386
206741
202817
207916
204562
207116
204941
198056
201610
206628
205501
199291
209058
203120
205841
202146
200273
213067
213146
205677
208112
200910
209781
209016
208975
209346
213070
205713
212432
208539
202433
215766
212894
215659
207608
210952
210975
212837
209219
208007
211852
219398
205102
207344
211042
206913
210274
205114
213159
205706
210505
215419
208932
207817
200537
206887
202117
206959
207766
204852
209365
214559
205816
207443
210344
205655
212298
210276
206087
201827
204655
204416
198271
203384
206808
210962
213057
207161
207796
213833
211273
199500
212302
211656
207484
213307
202236
214411
202728
205905
206333
213541
213258
211898
214642
206000
211015
208346
207593
217343
202754
207350
210411
205447
213212
211312
212629
209192
217304
208012
213739
208720
213028
209396
209582
216327
208463
198257
211043
209681
215143
216022
209586
201788
198148
204893
