223983
218888
227293
211951
219750
232814
193541
207791
218882
227002
220479
218591
215503
205878
205519
219194
212747
218982
215305
217363
224987
229807
213841
225830
229641
218686
229604
204879
214881
215072
228365
207566
216024
222289
216065
214230
211045
217167
230584
212436
205025
215559
219827
217643
225146
226369
228359
231679
232361
229807
213489
232169
212010
213941
221864
214310
213381
208625
223693
234486
239341
220993
225815
219225
224549
221259
213509
219232
216877
225256
223677
213588
221357
231669
211851
218741
217993
234962
224810
219343
219718
218979
236923
231368
223850
232939
223497
232210
227181
226237
203591
214426
205163
218790
217956
216205
224833
218174
204983
215160
224329
218655
215735
214723
214350
216608
222080
220726
227850
240547
227121
224239
225240
226764
225840
224416
218527
214752
233177
226524
232856
252961
244345
233559
233389
226535
218057
217792
231450
221021
223441
212576
214586
226642
211985
218039
206554
217357
206724
218635
226285
217889
219682
217642
222337
227147
215446
215245
218791
244826
198816
216208
218248
224625
225017
211074
224146
217372
263362
266470
235284
219798
199836
222671
218993
217235
223981
231697
227904
219854
205927
216491
224955
220151
214902
232482
215702
221454
200808
216534
230019
217756
208765
214175
226268
206655
209351
221341
198412
227098
216390
210603
225624
234365
214613
249665
231389
213849
223299
229433
207075
213394
219710
214811
203096
227477
219475
215973
228470
247857
234306
231685
218239
225770
206447
227088
213751
218201
202261
221391
215907
229262
213148
224680
203399
209609
224715
236391
240438
236862
227868
222197
214833
218923
212433
216286
226459
222511
214466
210041
225519
211906
218539
211674
210511
216712
238080
220615
227680
221446
220885
213711
202235
227484
218455
230857
225019
220990
217464
253664
234229
201381
221312
217393
214160
250791
250465
240949
230623
207769
216497
218278
224532
231742
205451
225921
202957
213703
206335
220236
215019
210051
214683
217060
230023
216600
214732
224340
234558
213639
218149
211273
213581
220398
220156
214113
219055
247452
208461
229295
226179
226109
232223
217141
226845
251218
242148
245369
221134
200382
211029
224852
248291
226883
221184
215495
223873
211697
221164
210576
214557
224296
209710
228740
224151
221574
221916
221891
211705
212241
215701
202086
228516
230108
225997
206873
220985
206080
211573
224572
221308
217199
223108
235273
225214
218873
239438
230291
212446
203854
223400
220948
215934
217371
203840
208185
221040
212248
245426
234576
254056
250012
254877
253264
255855
234149
246226
208885
267217
230348
199286
205348
205110
225136
213304
218500
221665
237736
265068
258499
251879
219497
208418
200636
213024
216355
230452
218846
231164
214110
207371
223468
216398
215550
229119
227305
222631
223827
217721
213775
217878
226374
203425
204448
237285
221128
217244
243700
214929
218624
222588
215330
210488
236574
196686
226086
208604
206901
223251
208313
227692
218785
204507
235231
214233
219698
211952
192499
242953
218038
234936
205539
220245
206969
220733
201382
206375
223073
209338
208674
201280
209654
217687
207046
215230
214050
208721
212626
233379
237875
235559
212147
207402
203295
214933
220794
225188
194369
230609
208957
215234
209984
214485
219931
253969
218692
221111
213434
202488
243143
243043
212871
214598
229780
214566
243959
245325
243876
219178
216729
193801
225059
207777
215064
223616
215668
210462
205821
216591
217617
219384
214085
206753
214776
208218
212583
205639
217961
216959
237885
213421
212963
226542
220797
210888
216335
215550
226108
210925
208895
229656
219505
226858
221367
268780
252587
251505
218225
219259
237224
224731
236681
224213
216996
210683
238881
237292
253426
226717
223937
217329
221147
212477
204778
210487
205475
223345
223691
211032
219043
197673
213370
197201
223544
203730
217064
205710
249169
206399
260043
232454
243971
206233
216163
223458
201659
215636
231243
210117
217754
249264
244296
243799
256634
257162
260866
240704
216874
199803
212628
212685
231771
251779
252880
234441
204485
207840
219728
222188
230535
216175
210796
228841
221094
219677
215148
199822
213503
199482
208178
235624
220204
229692
224351
215922
249968
261590
217314
213602
209878
203385
219991
203280
218392
227372
212404
203326
231441
211332
206240
214068
210968
218422
226893
219473
207970
198373
204052
212209
209748
215392
211526
212136
212409
224323
216807
207313
227506
215363
202219
216897
218675
202069
222157
242277
207676
207873
251674
217176
222576
199674
221203
215552
220495
246312
213798
222441
226524
248347
202967
261652
265601
245214
211003
206234
211111
202300
207449
211377
239057
212033
208254
222585
208980
222997
237144
214542
201126
202407
209486
218589
211489
200663
210254
198859
219377
211415
208289
201431
220561
216097
220278
214581
201491
216670
206260
218398
218359
212641
214365
218109
251700
213334
210692
203514
213991
277527
257115
212749
218605
219893
206334
211288
213555
238154
261963
253431
253529
215444
215533
205693
208415
214959
232369
211439
248931
246415
195415
258040
203459
211470
233202
210969
221554
197127
228992
213737
205699
245669
237494
217221
258349
228051
215688
213101
246912
250044
217576
219018
223977
223420
207686
198542
211932
219239
215683
201609
201799
255409
210306
220507
205469
212777
217617
206952
212895
214356
227480
211348
215183
225277
201558
213908
206491
211407
213255
209275
218563
216996
221462
212394
204218
213754
216679
222255
205763
204732
203216
212468
208581
207576
222806
205627
223380
207452
212110
221941
222734
212750
202511
239011
214010
244721
198977
222100
205423
216207
255501
235560
205562
212552
224548
205461
214221
222869
214724
196624
210577
220285
213549
218982
203870
216901
226239
204594
204257
212054
214030
196868
208440
221702
219748
233580
201467
211747
228760
218457
219724
220595
199157
219021
209358
222858
214699
220655
205691
208870
207257
209944
219088
233671
215700
207482
215904
215398
207866
215465
219247
207637
222494
220979
219867
206829
228982
221778
212107
203733
200427
229709
224748
208602
247205
208677
247442
221904
255438
251854
197306
204645
212301
245541
214893
218126
231045
223625
217581
221648
228461
214281
204514
198797
225894
215810
209895
211344
204186
212583
227955
207899
210857
221780
211075
208908
210506
207256
199721
200597
213458
242529
221237
214331
218381
225936
210371
216750
221767
251102
251345
213918
208822
217409
214055
221712
218758
205964
222842
213756
217817
231487
258892
212120
202636
218293
201714
228934
210403
207723
215504
206999
213897
204796
213975
229963
207832
204172
210249
231342
242524
212177
213745
201677
246623
216166
216449
223772
198948
206931
214858
217007
210049
215935
205876
221696
221676
242725
216914
219279
231419
204179
201156
204247
208829
250995
271521
246104
210187
197032
213369
207143
208863
202533
224415
221484
203230
214232
208338
201438
212194
193971
219281
219982
216939
205798
211119
256842
251248
235991
214293
213818
216835
209627
211291
213562
204287
233600
245943
252368
198719
205709
210121
215183
212052
211703
251441
252497
260265
218740
222905
254874
232876
218383
217997
214274
256857
215087
202035
223453
247440
252463
208676
205927
208922
199213
223037
207884
220181
199720
207884
206658
210511
215996
212218
202209
197614
211726
205170
247965
204731
271828
225506
202525
216500
214093
208729
202206
202862
194986
219643
213156
197052
214636
210712
204606
203959
215061
211053
201792
202094
229069
192068
207090
214030
249271
201491
251099
212095
208463
199145
211324
223613
232634
215780
205414
206516
219812
235837
259862
269757
261648
255180
228970
226467
210285
207683
208812
269129
204589
200560
209025
200792
205060
197705
210894
272493
206640
220951
219732
212057
221088
213626
202070
258701
238790
212993
203905
206459
212559
213018
197506
212113
211456
201135
200380
220667
237795
200139
219611
201948
204806
201794
207758
204733
238913
224372
200352
210460
233330
209177
254863
233076
203123
202192
213700
206400
214827
207450
246981
215235
239316
211194
204109
209317
214408
242469
247779
205238
206387
208901
199877
212824
212377
222000
210226
225216
208505
223133
204168
225855
257997
262915
259656
207784
192391
210546
242847
240581
212523
210435
188265
198960
214348
203952
233328
212015
206995
211518
214169
243083
242773
223535
198813
201923
198978
212595
195923
204992
214538
213891
211904
225423
219341
244455
247893
202581
200231
209377
210351
235733
213248
211719
224869
233345
241165
243880
220859
202789
227694
215691
206233
210333
211312
232390
197812
221645
270972
280041
219080
205948
201365
247403
207002
219587
214039
204797
227246
223792
258578
219264
220688
213471
198779
198417
212219
211039
213605
215206
216924
211202
219631
204797
217887
245979
235443
203025
200758
225455
218851
199073
214307
210268
204584
201361
194537
208086
218505
202567
214719
220499
212543
200561
206875
212157
202131
198927
200593
204312
202162
194224
256196
250172
225093
198441
249982
217240
208575
206304
198806
202968
206752
203968
210535
203504
205281
204050
217722
213041
225851
212407
198416
209691
208668
214518
201990
199501
245842
208982
216994
217079
210055
198001
204262
206514
209714
209416
204977
197760
217604
212659
211523
191371
211202
208190
203358
218662
214235
217173
226705
235101
254741
194222
213687
214421
211903
235439
213026
236550
219289
201213
211182
211086
214043
261979
227903
221106
220045
213704
212705
203328
217649
203695
223207
204925
217685
201634
200737
208513
204226
192276
207044
214704
211783
198706
198587
237953
253174
193545
205553
203531
215907
214365
211398
214222
208543
212882
214597
202313
220431
248496
216016
200412
259918
248000
215056
188896
199966
204882
200626
212962
206853
209078
220531
191091
203104
203074
207948
210858
199263
227347
215085
194072
211963
218443
208166
210765
199298
208866
219217
214233
210806
221569
200218
201150
219025
196656
208593
249620
210553
209122
197808
220544
217910
209267
203534
203177
205937
262168
229012
206336
206121
220280
205821
204263
204181
208849
205191
205698
207972
204694
211874
232722
223324
218378
210549
199087
201551
215976
205868
210610
210517
191128
211242
250541
201500
188828
199962
227760
220859
206877
236449
202372
208334
209207
203450
196437
195132
219151
213190
212106
210740
205660
209326
216939
211259
246446
203061
192004
203422
196102
195167
200514
208836
207356
203372
197515
207089
209138
201106
202359
199637
210554
217618
211872
207575
209967
208910
232532
240353
212554
209189
207311
263409
241513
208495
206366
206359
196992
199959
204774
211698
197756
226925
208289
193350
209798
191420
210433
190993
209366
199598
195610
218818
221688
205898
205961
236659
235378
219019
197016
191419
210653
198400
202679
201706
210257
219695
200416
203110
196093
257801
212761
201771
208166
214457
196962
258957
234105
196486
206966
206473
209037
202352
194217
205370
202478
205852
203933
192116
191893
222043
204401
206701
202880
202182
198976
193531
196203
274414
200413
203177
203367
193956
255667
206120
216318
225672
199432
208965
201850
214210
221543
258520
256922
193368
201781
251433
226101
191878
196665
261379
205112
198069
215569
237379
196147
235555
197941
205064
200048
209651
206928
209652
244786
204747
212289
255363
247083
206870
189433
205041
193127
205009
203891
240187
196195
228481
209192
223576
257744
193965
198485
210886
201508
198206
215732
240944
203598
195263
206976
213590
206468
199336
210616
227371
206592
197659
211340
239462
207630
218235
199315
214351
251227
243492
202909
204390
239470
238526
209040
205787
203905
194226
214296
206619
208533
211819
201077
216168
240631
192920
195935
213327
198557
208490
205737
219821
218544
213777
196410
213350
201871
255195
204564
194047
265254
265491
206574
211764
200358
251210
205008
203849
200671
195099
208822
216571
214443
198713
207970
190147
208774
207275
207162
207162
215534
199526
194528
200728
207186
213294
212235
205769
199308
204832
213175
234138
206650
194471
248295
235002
199240
196436
242623
253737
244179
205989
207579
201015
198368
209908
212638
213013
253330
206807
206315
207779
189750
214566
202368
221052
201620
195660
213015
258011
251465
265765
210058
226769
224151
213290
209096
219416
200197
200063
211589
202895
198336
213301
216001
240874
205561
206867
211672
216444
196032
216861
221231
205747
211242
224378
206091
203029
223009
217753
199675
194921
227125
197327
206120
205622
255941
273926
208524
203704
195855
198302
239655
196357
217470
215538
195337
195775
217133
259866
202495
209773
198981
188432
253559
228791
198709
200411
208158
193965
207800
208595
198194
188360
192183
242994
208856
198866
193064
201064
201922
216636
215080
225075
198196
207571
226106
199456
204680
186877
207037
211612
216477
195986
226917
210432
205678
206982
196327
214029
203107
203377
210055
225533
214211
250348
186161
201417
190225
197469
185901
212667
204792
205577
219478
198487
204161
196110
199276
195033
201331
190359
189343
215037
211558
192424
202030
208426
222275
208256
258532
200608
207391
204039
204866
205351
210849
207398
210470
224176
200324
197780
248465
237122
238424
198460
219377
205919
247977
235969
223919
198427
208342
264541
245959
201829
206778
197551
244632
225572
189186
207123
199197
201799
201646
185852
194499
194345
210585
196925
201262
226613
244513
240224
196952
209433
205160
203791
200818
191461
207099
209124
237485
203758
199727
205932
194386
204383
204572
209736
219986
254576
264185
262837
207218
214591
193845
204308
213077
202711
233017
193949
209518
225703
206985
214603
195605
194738
233246
233499
192328
195041
196963
209664
194588
197486
211871
198899
205922
250893
246318
196313
213082
199634
196302
197651
195022
194902
198597
192035
202412
227392
210603
207270
208334
196790
196740
229102
188915
260043
216531
206220
245497
205274
192585
238997
200468
209898
203401
217376
253893
209232
225662
218576
218720
218657
205772
203352
252314
218663
227619
228135
225198
217148
246942
195546
186772
195604
220290
239270
255682
257008
202214
193198
221327
248805
210300
231734
250075
200973
202090
227239
209307
197556
193935
209351
209169
199740
188882
199653
203661
210789
208473
195691
192426
201075
217048
203653
222065
192788
209209
205432
205623
190649
217910
209212
193574
198853
191423
202703
203043
193993
199183
198583
209099
198730
201475
262735
255430
209265
197304
201471
211373
192200
201510
201646
205233
210878
192197
197346
198963
182885
204926
199993
208856
221031
217567
209015
220118
207690
220080
224145
222592
202096
196232
196443
238596
199388
191368
219200
203535
215759
209448
199810
231435
236364
228231
230882
242674
200061
203765
200772
245727
216109
197758
205759
204067
243540
218306
202399
222277
211879
187986
209477
224030
251432
214331
201453
197532
192291
202740
225228
196370
206063
199712
203275
216139
234616
210916
189087
191802
193099
205992
195854
191294
225668
236319
215589
212369
208029
202335
194198
214804
188945
220936
224269
235732
232322
246920
204169
248917
204625
220849
219188
247949
198459
200542
190888
223735
193569
205684
200834
207130
199723
197615
213046
195509
198645
197199
239300
189704
223093
188496
209859
206730
207690
194163
189968
216744
222788
217990
198060
192531
188650
185457
225164
228415
188876
206211
222641
194491
192052
199491
199249
198518
217606
192563
198245
198370
189078
198334
190326
234887
199862
197995
183207
197595
253128
203890
218128
203741
207634
215226
239243
214638
209374
211148
206834
200384
197837
211092
217576
205783
228520
199749
197910
217626
207143
195223
201116
205151
195091
184265
189350
207763
200600
213336
185525
198552
189561
197774
209405
235935
196189
200968
194873
190072
206405
195261
213898
208954
207321
209666
186264
204891
235442
217044
211984
187944
203639
216874
241774
230581
191952
190426
204605
200417
215170
188611
204414
195388
210258
197842
189905
199480
197744
214132
208176
202380
205618
205043
192245
199600
206689
233888
234378
212750
181357
213381
203809
201846
193782
201186
199373
207506
199478
217171
251886
249792
233969
269540
197699
198948
241765
255416
202828
207915
185139
207736
215039
196372
195212
183430
182484
205553
201931
253403
244567
183836
199600
194515
190374
192110
188630
204007
194639
202215
208388
207669
193842
192718
253722
209035
193491
203832
189896
210118
197398
183614
199407
213693
201253
204451
193616
207169
209956
228565
199641
212659
200982
198796
249083
216118
207854
185034
198369
200498
209881
224667
194540
196776
205814
180128
199107
207569
184015
210120
192549
202909
211249
199156
200437
244050
205224
197923
231050
203142
202066
204188
204762
199813
202068
203854
214656
222185
195932
192231
192425
225870
230169
191697
187318
189792
218396
189849
255621
215332
185343
201629
207995
188955
195325
204605
199719
220866
193172
195881
221229
206645
200435
200010
206234
254049
214798
194230
206002
193724
190736
197687
219593
258249
191934
201879
200304
231756
255819
212982
215614
195490
199947
194171
195194
195294
196912
216031
209570
199732
191331
233739
199505
208144
196712
184973
192441
198976
187037
191595
196265
201244
201481
196762
212759
191344
217238
244324
270679
219542
223671
201275
189346
195942
193673
198586
189459
192205
199900
202907
195854
209441
221334
226971
211839
237131
259576
204418
193481
190178
196835
202431
203495
218726
204113
187983
234225
208671
195664
243312
204231
225509
191218
228899
212366
200250
195423
187245
185488
210674
202022
197358
200587
208113
201331
206835
212448
196479
203914
204813
210255
195866
192133
192440
192666
217149
206499
181389
214223
193584
228337
207371
207317
195559
194775
193474
207631
185281
211320
186573
198055
196493
188502
204397
208254
194945
199509
201991
200516
189605
196724
197669
192450
222496
186992
203367
200954
182833
204371
189184
209995
209900
250911
246918
222528
197892
204648
189319
196130
209589
244996
199466
223293
195037
200823
200809
204630
196790
183206
184603
187089
202309
196715
206995
225006
190477
185312
219165
197190
199863
230568
195763
207255
273575
226574
198636
196456
179301
196396
214917
188164
196342
177725
185680
205432
180478
194535
230466
181098
194550
206815
200487
197438
218627
265272
232982
256838
238032
217600
201255
195377
208710
184438
205124
194979
201928
243321
219136
182798
215991
183540
193762
189069
214208
206599
258394
200736
211057
192985
198988
196128
209259
251898
231723
211063
200299
187552
191940
201310
200095
198154
189442
259160
243895
206809
207843
197988
226792
226509
197483
185189
218605
207864
180813
185344
186691
258299
201961
217226
236531
232068
207244
195162
187448
213072
193664
214641
219073
207678
191139
192632
194948
231071
210514
217810
203087
251437
186525
204234
185268
186851
194644
190021
192798
192655
204680
193426
214475
190147
188129
222112
219166
193206
212101
197464
203980
194116
181460
195690
204573
203142
195565
196775
197215
181417
197495
184632
204316
200507
191520
202676
180582
190155
197039
193019
195050
190088
193549
191891
200074
188002
209868
222791
205245
206924
222589
235667
214406
195458
209580
216122
207740
198553
196659
201906
198803
191920
209116
196124
214006
212312
185526
201043
184985
188492
188570
190543
190427
184541
207334
194660
226855
195546
194729
189489
192213
209677
200469
206656
197042
206535
203606
232028
221042
194426
184567
180260
186302
213908
251391
202291
221788
214627
217542
218240
232644
223971
233745
240711
217081
190162
197104
188787
185039
191162
178628
194678
188786
221378
222800
192700
193796
199418
202298
193229
194884
190097
189507
201992
219037
213715
221709
237870
206153
201384
231110
213653
177098
213937
257418
229475
194476
181510
186762
192593
212137
189294
192270
194611
191534
196636
190111
252228
197244
208188
190811
202877
192291
181683
219022
192781
200133
182783
198012
179517
193260
208874
232583
203266
221426
246935
194414
192395
189241
195498
196549
199867
210712
186905
222558
229863
189732
190947
191844
196174
207870
201702
191068
225360
244349
191269
195489
203639
194973
243718
259260
204853
198385
192207
206592
187766
191088
193556
190050
185312
184982
185079
179803
207509
201920
219589
198698
239175
192493
189001
233407
193638
186592
183842
198150
190790
203240
230591
208990
201559
222453
230248
210840
230462
201508
193161
204135
197242
190899
194365
206783
236128
185506
202355
220760
208500
209416
211826
209842
190983
195661
180081
185315
194038
201405
199562
187479
192914
185174
197622
192565
188767
186034
202140
195774
239802
222353
213829
177437
197109
198279
173188
188970
188386
173115
180437
186371
183906
182037
194574
193944
194186
187047
171218
183117
200952
185964
218534
233117
214859
197964
201307
193765
225958
224675
215630
219684
230882
223027
236024
210464
217235
184259
190149
188878
206767
229546
207211
189826
202606
195335
204449
194090
225344
197456
213515
220665
184812
230122
195649
239684
228599
212960
226392
193818
185781
179864
200962
190898
228767
238985
240468
187671
229741
217785
204866
245887
200327
198872
192455
181563
231393
193586
177848
191407
192123
259108
215653
227230
216619
184064
244296
196207
193103
202106
191264
197653
199259
193475
187034
194785
191369
205007
219110
192334
250308
221247
216474
220402
204430
213398
197927
185375
210710
191562
197061
240480
226666
200539
190689
191199
190849
228134
199429
179302
182803
182185
194066
183639
190004
195307
213665
187113
186081
207950
184019
183775
232202
189913
219651
205347
198089
210349
188949
186296
184553
235002
182230
218377
214356
233645
232655
199462
177255
220204
183144
226430
197822
190999
190359
202171
181640
190309
186369
207568
227538
210652
187098
182761
197712
220336
196576
236004
225991
200951
186427
187847
182938
208808
228308
222545
174930
200819
183886
204527
218025
224994
251106
195774
188634
187345
177197
233730
227943
207571
190770
197518
186272
179675
208389
201670
215081
237069
231293
190962
191220
201030
193592
190162
198955
205792
196992
189778
190464
220430
222470
219274
194206
212941
204674
201543
198169
190110
196518
193563
177112
194958
191125
190713
186948
188828
209598
191736
197157
176699
185566
189383
208733
187299
200974
206339
234337
207186
259855
243828
200601
229131
235823
190596
229597
200592
234114
237464
240935
222748
187992
197349
188138
200298
196868
182271
201121
182099
196476
224134
240601
243188
241216
194838
194019
218517
221100
208529
210292
195837
203544
240980
176356
184595
200539
186711
190143
189549
199133
185089
188028
175016
200804
197868
198093
182832
191806
196776
229591
218531
213084
201557
214815
193763
208452
191025
191515
196098
199247
186673
200109
207638
189413
222830
193233
234498
249780
191728
178430
196411
185456
192224
189421
185785
194804
201029
183225
223715
214757
177555
187458
192493
183936
190163
182260
193597
181792
188086
180302
186232
176058
197499
189900
205199
196963
251825
191691
214900
186004
177104
186425
193346
225628
187089
192135
182659
200843
198310
197408
192994
205346
220346
191066
227062
196854
203917
229943
210897
184079
218450
208590
226433
217420
176676
180941
217755
194727
198668
216621
215961
206362
188853
198619
193476
179182
223497
178127
194329
208217
219133
227421
210540
178013
185514
200382
213381
247341
181315
221838
191141
191786
201637
205902
205164
220707
239888
184030
182474
208956
229384
172674
209950
192264
185363
185146
183344
201374
195906
186990
184527
188083
192308
188395
206996
220513
223689
192652
200514
210288
221854
186397
196542
230992
183245
239876
223556
188307
195558
187317
184300
184660
200099
222688
235303
184223
192555
198261
196953
183837
194855
236159
196978
193689
187911
201572
203734
201398
179989
231953
198980
177422
172116
185984
192184
188029
184796
195895
201360
187114
193252
189276
226210
212807
209354
179166
187314
178131
184380
183662
184023
193432
222799
233324
173473
175701
229953
188780
186480
187695
184555
178233
233116
187093
233701
234011
218156
228283
190394
180697
174541
176754
179322
174336
196967
178320
179673
198345
191519
185353
188367
175476
188061
194613
191412
207778
249028
227399
185190
196309
201309
217876
202845
220949
178053
196609
206537
185077
185787
184667
195253
181127
187985
190004
184379
177794
183983
184546
199311
216632
197504
176722
224761
200256
221013
182100
202169
214203
180733
182501
258710
217173
176162
213530
233299
218438
182687
194718
189195
208108
192728
194882
199677
180941
179172
235317
210922
229504
183832
191757
185856
221861
242933
212955
200407
181291
190761
192971
191908
173934
189653
238517
216051
223736
204245
202755
210385
232230
178944
213231
198369
231122
196813
208022
200038
197116
177885
184967
177828
212103
203091
183002
206140
216988
179168
181744
208135
198305
205610
219614
183362
210988
231172
231837
186242
196401
187566
194365
184685
185041
181683
206956
229332
234821
205229
214276
218968
185682
190738
207855
212707
238864
186619
210353
188656
195437
187076
185523
224782
212448
215850
189467
207858
241834
246817
222065
229113
185713
189885
181329
204474
228574
242931
194389
209443
180635
188135
179524
179212
192345
180783
191120
173335
213748
212177
234635
206759
183198
191090
245275
221949
232579
191341
195740
179656
200017
227427
211728
183259
188718
168853
218192
189755
179815
213290
186081
185004
190644
178889
194080
181391
195729
190550
183046
190700
187630
181971
200494
185071
179609
200671
211844
254578
230103
192381
183037
190355
185717
180778
196708
192247
168083
182434
204004
174737
216820
215250
210760
221355
188125
223924
186244
177801
179452
185489
202655
211997
181136
188277
230492
207452
193304
217282
244435
186972
186308
181277
220808
229068
201767
209776
206451
219424
201303
208075
213080
202538
208899
186012
241546
224652
206354
188647
184505
233532
214337
230906
209690
189941
188971
190869
181262
187786
213243
208493
189413
205429
209599
176739
190663
184899
201728
186297
220286
189555
186257
184073
222994
228310
199191
210736
186343
191091
198461
187974
211074
186621
186428
170746
211197
227894
203728
197507
188601
181411
178175
190884
177597
187223
182238
194170
221091
198857
186368
182325
179485
185737
194742
179415
214662
206796
178836
187246
224296
217838
225309
184302
173401
180291
185941
188015
204675
184790
207455
181347
178860
183702
213764
219596
231658
227443
183046
183338
165128
193754
190545
192886
183485
181719
188211
209099
192525
182587
176221
181737
196240
181876
184200
192227
176961
201734
182979
192892
217176
187934
214132
231492
182311
197454
198419
185909
188548
182179
177509
180594
174707
236740
224477
184691
230353
187760
184587
177342
193675
184826
201206
226577
244878
226949
185595
190691
196459
193545
182050
178277
174506
196147
184115
205157
204390
199349
221895
202009
174021
183950
199519
220931
237687
193305
202753
188332
170488
189785
177966
205617
175660
194338
244752
181306
185188
241515
193896
177583
183858
195977
179116
184702
187021
187826
180361
189255
186331
194248
188654
171725
229202
187310
204853
185305
183530
173441
192890
186003
198057
187670
187675
177305
175691
194058
189226
238903
192756
184290
186118
194114
195310
188671
196367
188844
226827
240334
184473
171275
180305
178828
186643
180199
176073
180220
219596
217004
209760
235798
184395
213577
210883
217758
236161
179038
171804
214272
221799
181614
186117
186626
185850
178014
172141
214896
231164
209798
228426
181755
210505
204696
242394
221197
183264
184608
184132
181564
189442
194328
178937
179815
172603
193518
182565
187884
189233
181317
180818
186837
175696
176375
182525
216144
230639
178785
182279
210931
183108
189680
204955
219309
186639
199936
243287
262119
244894
244387
222546
189863
191666
183045
180624
185031
217880
232996
202594
232236
180833
185152
196379
188999
177405
201232
213918
220707
203265
176609
188683
182191
180599
182679
206392
249084
216324
233042
185820
190182
188754
178985
182034
230646
183036
177183
184584
191517
186677
188108
215941
195198
191338
196882
212113
210381
180596
177389
178391
201415
207411
213200
179291
193604
174114
178539
171626
224078
189599
184077
204386
221847
197207
192335
187178
196224
183048
185112
193826
179068
184998
185376
166675
221244
223466
218763
214264
185748
186228
177014
184395
184483
182928
184598
177613
178452
210766
179436
176865
179264
186602
178718
206608
225838
231367
181653
190183
220649
219289
217281
228297
221506
195216
171815
186144
182387
183071
184820
226693
233865
213143
177893
181829
187359
226799
179191
165645
192331
206111
211115
185431
210922
195998
230122
243378
208450
207223
205506
221070
185908
188268
196150
186660
184769
187731
182909
180420
192494
173691
183672
176279
181482
172075
170848
178183
184081
184369
185864
190198
177809
229586
176940
177242
192604
173895
183796
169568
193062
175165
239649
200513
193238
179081
184401
177412
174442
198620
217646
181675
193137
186191
170998
222559
204139
175464
183990
187643
181196
173627
184440
173113
183910
181394
212009
243644
195756
214030
236920
199703
181223
182238
217294
208989
207255
188238
186108
184543
186286
209423
210490
206380
183901
203260
217982
206656
185862
195287
217330
217685
179344
174008
186011
192990
186849
192424
183962
187912
175465
176032
181885
185755
168924
182175
190904
211611
216110
215418
226099
187640
181992
183214
190405
184321
229475
246322
215397
222220
194589
188877
188059
175894
212460
214424
180303
174732
182343
202669
175037
215376
216855
177620
181579
185066
188566
175436
183191
173467
190546
188332
214709
186497
171140
181643
185373
180794
186758
228085
223338
209545
207246
182529
217300
207282
213110
179838
184553
213532
191135
192769
181827
206583
222058
218095
167380
180389
175683
165764
175398
189931
174944
188124
172798
185689
183640
178806
163614
233809
214980
208029
183244
191136
179944
179815
183616
161653
187611
181808
215971
208438
210555
219493
183230
196077
199225
207768
181962
187582
181770
181730
178834
172000
187920
183297
180084
176714
167156
213226
218852
215462
176953
187378
207389
238276
220734
223722
212715
200007
182234
177570
176748
165048
176516
185406
189489
211314
205184
185577
187558
209133
205549
204693
171479
178479
168350
177321
189137
172736
186128
170654
167863
182694
186669
172828
176441
183458
185551
177977
170462
171243
176147
167986
177889
179246
184571
175856
237783
228565
235870
205025
204784
175116
182465
181986
212382
175134
228120
209726
190596
161102
174827
190266
193726
185112
224087
186959
179068
185164
211474
223361
216347
215348
228298
227491
180983
187016
177383
178502
184810
173597
167501
180057
209244
209128
233890
221349
179636
180220
168867
183124
178442
174850
202806
192602
206384
203898
193272
229501
217049
186297
178483
186137
176521
177572
183418
165750
178969
193012
223925
189911
169738
193311
172275
200438
186838
168455
190969
231316
219427
180785
217221
216695
184110
209336
208840
222404
218744
175507
183095
173467
199413
203093
179755
177852
184700
200778
210766
212845
216062
209732
204118
186302
194376
174457
213498
193860
178483
190949
183098
220612
215561
211449
177076
177433
174230
181081
188935
178628
176207
169227
223127
251852
228147
182694
195729
177168
209792
213812
188452
201468
175229
192756
219500
175030
216172
180221
183898
170148
177232
174402
187770
170048
176421
182659
170279
218549
208853
184099
174568
163352
183464
175846
178208
174475
181151
189571
182972
172758
179297
179508
197730
182612
182693
177118
184367
193333
202917
208088
220654
209005
183723
177521
171860
185422
173064
173021
176943
176110
168309
174518
183865
226382
251335
172011
187674
212422
184692
177671
175424
197398
198909
168675
187159
215651
211003
216424
239498
214752
219432
188695
178761
179640
190563
220258
207615
169268
191356
173028
185404
179126
216599
184416
217288
221778
191181
181628
184288
177807
171996
182903
196226
182354
176331
211520
202755
186085
202145
207855
178274
197527
227713
208059
222583
229566
209851
209051
212034
214879
187312
181824
164770
181252
182242
216684
173896
165842
223651
216307
173026
178903
186637
185624
184660
217713
215424
182782
198166
176558
231435
176881
171620
168473
208894
208743
208248
172505
173725
169129
171653
175744
174049
179407
165044
184223
170083
171365
169061
177769
177291
183419
199348
175593
208119
216567
240058
219258
216375
179201
218116
182231
168206
173325
181847
227018
226568
180671
206403
181116
203665
180413
172124
241439
241958
175364
177051
174669
179567
177054
185314
179845
216821
217069
222649
185422
178648
206385
169242
196057
176032
177093
168198
173492
174086
195240
184223
172777
185721
177961
183632
170301
210223
223722
213053
214500
220206
194192
201349
215246
182103
214634
174862
167271
173600
177701
166555
218607
202987
220178
205264
228291
220208
216044
199028
213352
172255
174488
198429
173869
179771
179170
174325
204426
223230
182830
176075
179123
174468
221771
201212
209139
207361
178758
180244
177270
192717
187727
169913
211237
233350
218907
215563
173649
179637
166167
171064
235837
167903
176141
174388
175370
187603
188250
182556
205740
202844
238757
211861
219541
183021
215942
191408
199127
186758
183666
181978
207025
180324
177208
177127
202995
221353
186325
192380
175635
217658
237221
180612
170947
193623
182547
174246
170010
217356
174989
182410
179104
173155
164209
179789
174240
181319
171220
171573
181159
172177
174445
180619
184977
173538
171012
176281
171572
176691
228816
223564
199130
160218
171747
189471
211846
233026
218768
169317
170633
161876
172917
174782
206706
206973
168307
170618
212792
192598
191906
209438
184385
196299
180161
198644
225164
207950
199170
205635
176900
183971
211274
171265
173249
175472
171191
177731
183870
183925
178554
185537
181274
224272
205032
186098
202822
204570
242025
167764
163275
161219
170230
167930
174331
178884
173722
203663
201333
177886
224641
176985
205936
203179
180973
187663
166815
192627
175476
177396
175215
181137
191050
202375
179785
212956
202525
207076
219826
212273
206295
205443
195249
205280
208767
199593
206634
184607
210655
207411
181304
189412
178525
190640
169592
192203
192104
223566
218097
193677
217169
218075
223291
184081
200197
193665
181922
174605
183058
155235
170392
174256
181885
171039
172521
184034
182964
170567
162131
213236
202477
181087
207040
163913
180721
168453
178893
175371
161473
160940
179972
166028
178719
196977
173104
177043
220824
193557
171830
177770
191958
176355
183020
171181
168161
177451
182775
199297
201631
199537
174665
175285
200507
190451
175552
179883
182294
179883
206407
226388
212853
227497
196819
170757
212026
172845
161795
214837
176860
208684
179123
186296
185730
173998
201657
223547
228109
185866
174340
182911
193824
177354
179523
174122
195323
169658
167890
208838
219580
213543
168758
176538
209846
173778
157893
182458
174565
161021
210177
158380
211037
209098
168585
195112
209404
157065
173109
202898
166479
217394
235748
193877
203410
170262
207185
211842
171926
205649
200937
199056
158164
169510
179216
174147
181652
216979
184715
206132
210064
176388
170627
171658
182728
203766
187576
208587
229329
175749
207529
200358
173609
170842
179780
210260
184150
186862
174632
177682
182751
170038
207043
213427
235075
216960
209063
205748
210005
174214
209222
227579
171372
203436
204010
171036
188297
177399
178295
169886
163486
208822
200854
216470
213331
170775
192415
169566
183483
178720
178130
175543
164571
199494
169220
174047
171222
165149
177492
177221
231623
179069
173313
176972
212078
210356
211602
173943
174993
168015
170971
177707
203270
217351
198036
222024
209338
202858
168184
189076
227978
216755
206904
166301
172676
180272
217438
201901
167208
170511
177674
176082
175835
167465
203093
187238
174093
169357
169739
233932
204810
203223
174810
176838
176940
166980
197940
206799
175835
188077
201621
182907
181303
218585
206420
187205
166566
166818
181525
167580
180459
180594
161381
186149
195586
206251
199556
179681
179970
175693
219798
201782
174888
176334
178256
223241
213404
216176
193560
168932
180411
172374
184867
172262
168158
208949
183451
186891
164613
167316
175536
172365
170446
172195
204370
209798
162032
162766
162403
158511
219996
196937
172570
177732
167056
174738
176473
169310
180424
202683
235184
231458
225372
212665
221931
169310
215985
206485
208147
171674
194741
179693
175780
181278
171411
220607
177673
171962
180444
176450
224265
166962
158989
201896
217729
170821
164755
211638
216802
231107
227680
203379
179642
180907
178986
207949
178605
169975
207017
179174
180332
169910
211229
209573
204332
197776
183941
183986
177002
200789
174457
173247
183508
165506
170791
238884
207823
218562
210039
170814
196788
176410
206982
231549
208198
210937
167797
172352
215285
197905
217905
210037
221133
228193
212397
172406
213170
218874
220420
191925
182655
177515
168656
183891
194747
209273
226738
215686
210195
192740
210757
228567
219571
169838
155653
206597
221571
206590
165914
175056
171713
179518
190375
170949
182086
162817
170489
172993
170205
208209
220764
203028
203670
196249
209828
172356
167934
177352
159057
170204
202205
217656
197106
174776
201981
211614
196639
176846
192552
204557
200443
174280
168006
216070
224816
186707
220645
196373
200224
200112
182794
214004
221567
225786
221415
204052
216270
179688
181612
169667
168407
168981
175455
179117
210074
207904
201392
211606
205237
200203
169437
166978
171751
183236
171277
210494
171629
170404
164741
177186
175512
162476
175423
167609
170674
164880
181311
184693
168266
195841
206621
199458
165010
176843
241109
221063
212697
182618
171947
161430
174757
161670
168370
223969
211950
173507
168464
171887
217382
214041
164321
171912
208988
188513
174961
231649
159997
215068
207004
174841
170660
167270
162773
203912
182019
214039
197362
203484
182537
176331
187826
215962
207952
213923
200563
176932
170007
198837
174590
177889
205856
211583
210482
169098
163361
166007
201461
215894
175413
189104
175030
172390
218084
171697
162881
199357
216298
215773
212912
186681
170241
162380
156125
167626
179183
173846
167962
169404
165499
170335
173248
213430
191003
209773
200567
202022
168068
210911
217261
205716
188905
179447
215632
173034
180432
167544
173797
168946
173473
171844
216608
170662
193123
195610
196748
169005
177667
177190
201702
201359
163586
164647
193133
197163
203315
194087
166321
179915
203843
176689
188007
180401
179437
176803
213665
173226
168655
171372
175493
215152
177414
174387
181029
174077
166469
170463
185091
167270
168036
167291
167980
170511
171539
167313
164264
165930
207444
210021
229759
222084
201730
213374
211422
175187
172221
219804
204766
172349
168690
166635
202492
200529
177349
171647
165147
177410
164264
200950
203590
210452
207219
165858
168602
176701
210805
205241
208838
202353
206916
203938
175474
168277
166864
202888
208004
162905
166504
200566
171351
197618
176144
178131
165333
179466
175360
177449
180739
215027
211043
209565
171543
186446
205500
167938
212254
213468
161685
173177
172869
167559
188800
205438
211188
205650
173514
201910
199870
166701
179884
176539
166637
171468
165145
177007
176823
203081
161805
183234
180244
173310
169704
161325
177799
205985
201279
177082
170852
183088
181237
168543
167735
161201
213368
204403
213391
162923
152578
166584
172236
195688
170753
213950
178126
163021
168322
164576
165147
168025
165890
175831
214318
222590
190198
169074
171354
197099
207852
172352
173529
168720
156168
188535
212352
171798
164582
162444
201462
182903
174644
213181
189982
159245
202766
211647
220831
223747
220749
231657
200696
175576
176762
172960
161454
171485
163209
204035
177823
176771
170473
209274
212057
178137
178522
209201
173348
174058
165914
171818
161838
163209
157356
196233
201623
206076
178768
177479
177180
170101
200339
219528
171566
166247
165126
200977
166006
162429
166051
165544
165847
171163
213396
229657
222168
201587
220446
209720
176692
174507
174460
198609
165057
166342
170140
173352
192973
210191
168840
175061
179992
214468
207902
168373
203307
218551
171084
169429
166829
218618
173975
205359
202114
210290
217089
216354
171647
177312
168323
181097
168476
186155
187846
171051
170290
176390
171585
164980
172360
165418
172515
157483
158304
176352
218303
208533
231161
168874
169103
179758
172193
171870
169927
178222
201842
195859
166254
176998
177624
206379
209708
205461
173374
157338
157456
178740
211140
169895
175619
206466
180343
202213
165173
170500
190848
220220
198151
200867
168466
172356
202735
204590
181971
173645
171948
171327
170463
175892
170676
176061
171976
204773
172689
181222
171483
185873
174177
165655
176273
171728
166272
180955
208188
222968
221413
206373
173901
178606
164401
162453
216295
222127
198315
210312
191716
206102
175584
161086
178336
164333
168197
169564
166497
171027
161040
171139
174257
168336
171449
173556
209138
208794
207597
194279
204183
201092
202168
199059
213801
193049
220110
198664
210190
215624
196978
210803
206456
182390
162605
161849
167287
167253
167418
170346
175652
170381
211894
182432
188113
214047
208622
190180
199845
168767
165532
172287
154581
218617
208728
194939
166226
173505
170841
174943
170882
167814
170946
171220
202805
178793
200543
175774
194472
163971
170146
165165
173412
173765
190638
202582
200879
217988
196801
202369
166099
194585
210857
210399
202241
209000
193092
203702
197037
163575
203577
196611
218522
215006
212783
218515
179605
162680
178291
160244
199060
160902
170991
158404
206556
162253
175294
172409
171419
164573
228247
201099
209344
213882
210797
164708
172100
187003
187346
171250
202661
230955
213564
207277
178479
170813
168313
175186
161681
207044
163450
190402
200229
169318
172733
170323
205879
195150
209604
206981
184335
175824
170599
199848
200026
204735
218997
212473
207611
200704
167305
194105
169817
174949
155754
160688
166875
168689
193981
181288
177654
170845
164285
177837
158098
206166
163858
193056
166863
165044
167113
163199
159814
154620
166104
172959
165668
160195
162929
163913
190386
160497
212527
155544
163931
163476
214830
168033
172287
157592
175883
172893
202885
199431
171457
202168
165544
166596
167882
172880
170059
203865
208126
208561
167357
162319
163960
171564
209820
220558
172909
176348
176243
170879
176453
167648
221319
199139
159183
207672
216483
219636
162976
200932
168483
168471
166381
159876
202129
195578
195327
158236
167384
167835
166594
170079
168005
167831
175055
166220
205534
221588
208917
193381
210121
165443
172290
160865
160628
220061
213397
180391
170477
168598
175286
212713
200406
172573
205502
199046
167427
183634
197341
213974
214814
209393
214410
205022
207251
159978
168984
171376
201605
171226
167978
168669
210966
194978
176447
171811
174987
174539
180794
176469
160942
210076
219057
162910
189554
172304
163094
168085
178283
165254
169599
161979
148017
170540
211694
206850
204610
169202
175066
215636
166154
162556
154475
159561
214363
214074
162872
206930
170275
159958
198598
212467
205813
195676
194636
209473
165401
168263
163262
168417
160095
217340
168493
169792
164670
203389
206545
205258
197792
158358
177109
204041
173937
169690
164042
160482
169652
185402
170180
203884
202048
204688
165574
166163
191162
197426
202529
185598
215172
222028
217110
209773
188946
176275
187712
198791
212156
200733
215242
226855
211790
206668
218440
218351
224954
173325
170847
167430
175056
171770
165520
209996
163388
159675
166429
168295
161588
161895
165199
174871
208091
207550
212035
209461
190052
205455
173240
165379
162395
163524
167080
163819
175304
164166
170574
205297
200516
177491
210658
206582
202704
197755
203166
197152
162438
168183
154963
170322
161941
162207
170136
176503
158804
205962
218163
191080
202735
211901
200508
175125
173982
224071
216127
168884
172091
177822
172884
167533
165011
165373
164343
157427
203201
196586
171419
173188
169622
168973
182537
163564
173282
208540
212329
192892
164445
174864
159598
157698
155284
174932
161483
205637
215675
163671
173890
168772
205607
197974
201483
201850
204644
205597
169045
212504
211409
194837
218909
217607
172098
172875
202973
201908
170206
167474
208940
197005
203870
168397
170210
149942
161607
174290
163519
209391
207706
209064
205150
205260
168744
165399
175321
184499
201769
199630
187163
203025
206791
165231
160832
161708
199861
205388
209109
204463
219130
207673
165013
161343
174354
159564
189316
169198
173528
169468
170429
164292
157394
161490
165590
181443
219434
203004
157658
197135
203509
226595
205693
197143
217279
205599
210669
196340
170630
171042
168360
171534
165041
213379
212166
166168
172665
165804
213022
197423
173564
168782
174479
207266
201705
208594
214187
202703
204547
169829
178562
167565
161163
179905
168937
171582
177157
157693
194452
155303
166702
164614
168567
221533
204016
167617
174429
167917
160781
202546
208521
176297
166040
164964
165087
204728
206713
162902
170552
174749
185333
214670
190326
201989
152010
170441
198781
207956
172528
196081
157045
156430
172278
171057
195261
164672
161079
171047
169309
177462
168058
224276
160036
166636
163835
198657
198723
173397
170409
165528
171031
197686
157044
171381
173738
163492
157899
169959
215359
170432
157090
202306
193120
207498
203414
217400
220963
218140
191815
175716
205816
193751
200186
205097
172482
163275
175684
170322
204568
209492
218415
218140
206374
219411
206492
157534
174704
170657
165814
172635
214996
175318
173118
166867
175945
169864
176403
161057
210654
205098
202501
173799
161203
211152
166130
157580
162778
173176
162518
168289
194919
217317
215481
203588
167734
160605
213579
164229
163363
165082
168341
202220
208334
216126
209341
193411
207684
175707
170022
191824
165297
187876
207002
207588
195164
160056
156173
161744
175707
205778
208501
192841
199202
238552
224086
169340
161920
159600
163322
202122
159039
163634
161115
168823
168005
208180
201559
211017
174569
171651
170190
207257
208734
219021
226729
208354
205656
160976
156203
168556
162129
169923
163871
162502
162605
160794
151390
200177
218673
160179
160965
161416
202314
193810
162602
169833
174575
162181
198883
178880
206785
198403
203236
209131
163774
200620
167251
173951
174187
151801
198342
166998
168930
166654
205900
154492
159769
210981
224390
223948
228696
236145
211447
168763
192147
201763
201213
204194
168345
164500
171092
207138
215561
178204
206286
198895
155050
156714
169968
174106
162919
206794
199512
164931
157560
162726
164254
166294
160907
161991
206202
198490
210504
206704
223085
163547
159473
209441
169960
192207
151611
158346
165025
166771
159557
172209
169251
166208
174787
160040
195105
203015
163541
170788
199636
172388
175079
155378
173956
167955
174058
192891
166674
199346
165749
160562
163363
171510
209896
203010
209875
202666
206315
170223
157458
166457
158880
156065
160506
162151
160648
171826
205423
169700
207908
177287
174489
179839
168660
166229
199416
160539
170927
199210
202042
218115
162906
164928
189788
187938
206192
205438
210091
174507
167154
165165
164157
212458
169591
167433
163629
162177
163591
174105
154836
172287
174457
163799
176559
218572
201838
184380
224069
168390
180367
193327
190351
204831
205337
180046
174597
160866
186946
212887
221669
213399
215970
202627
173282
167163
168026
167922
170728
168316
166494
169168
195533
168995
192704
210265
214018
209535
192715
208406
198855
192738
174897
191497
165141
197808
158604
204211
198898
193212
155983
164142
170261
161675
197317
218585
159830
161358
159703
206945
177515
165249
163374
170807
204317
198399
172117
204656
201318
207834
201799
160951
160559
156085
168704
205831
211141
156934
168441
165196
171925
164186
167371
170644
155167
161780
169156
204100
210955
220081
164767
172647
166665
171603
206085
227182
205428
152057
157156
196818
165140
164038
208268
168204
172577
204864
191659
221351
201472
199207
205367
168606
162028
163603
206313
156033
161034
159113
171385
162154
176569
165853
165722
157792
161920
162449
164318
164529
167546
166404
168609
164196
163320
180471
209649
182595
169868
156924
179778
212843
206034
181145
167429
167825
216519
160666
159252
191626
162353
182005
188665
157811
173116
162393
163351
165977
178122
211186
210497
205591
157734
157695
151099
164345
159925
148960
200250
151938
159121
185753
193722
160687
165103
160827
161204
172616
208020
209522
197334
198021
197905
177644
165194
163727
172555
170364
173437
164446
197104
195356
210527
182992
161888
163971
167073
160263
156479
164167
158694
200037
205740
170162
195986
194533
222983
213068
155858
162339
156773
159810
166848
156826
159895
207634
167431
164533
177588
179780
217303
211089
159226
164932
208394
193981
205951
166534
161199
163195
201552
217451
206034
167778
158974
160555
161418
159513
160468
162901
172033
158901
159881
156212
224696
167558
174356
197473
172004
169663
165544
160888
168525
158537
167020
161706
162630
159159
167883
163236
159567
203440
168816
208916
206942
158298
164569
165771
154093
158087
159491
166700
166008
170226
161081
208237
195481
208445
214560
205342
158254
150045
161165
166621
158858
163815
162479
168250
164348
161873
175207
209391
208977
182589
158947
162444
176032
185727
191610
199163
221621
212342
203906
207205
193221
212374
223309
201815
219256
198634
213544
223388
211391
161033
205717
165603
175548
167607
171697
162766
167384
167336
172631
162275
158974
204626
169223
164978
153538
168841
176884
203167
204016
165016
205281
167079
170614
208280
208618
171704
212094
201217
159126
162430
170384
158987
201740
169194
162340
160144
162419
154736
158639
180806
191914
206578
167632
159546
197717
168151
181690
214471
200133
199671
201425
196026
207312
206626
160730
155139
168910
203875
211578
214035
198097
162139
165465
164174
166492
166835
166407
164462
201112
203091
197593
208210
214524
209947
169467
189180
218256
165886
158511
163514
161993
163623
165334
162857
162342
201462
203454
205501
205993
211183
195110
161037
168326
172016
207307
211040
215659
216313
201733
211470
218618
197139
200422
208184
200537
163665
168030
159247
159341
206082
203353
163051
159433
157279
157448
168023
169078
201027
183978
155828
160974
155400
162235
159293
200741
163722
161451
160769
194621
202610
218874
229593
160911
166994
160129
155159
159152
161310
196361
181697
166169
175705
167240
214472
204463
162430
162262
160508
159250
167239
163947
163246
170356
204614
199823
160768
166040
162270
167710
168394
171409
171760
162875
164025
200174
198155
194220
198099
210569
160748
165947
159585
195485
158453
157733
200034
221826
205447
206526
160255
161619
164463
183570
205238
162976
164894
166436
163324
216744
165397
155390
187891
201595
202224
204300
197553
207246
180622
165701
217415
159610
168668
161078
159835
163441
162293
154802
209235
202080
206769
172159
164596
168343
170490
164349
163584
164628
164877
156360
153821
160195
159454
159648
153225
201886
199118
202015
168979
209570
197981
177040
162307
159790
165885
159696
155784
161416
201178
213151
170077
212796
176966
177499
176497
203239
162307
166945
174886
200960
216308
153227
169737
156298
167182
158348
207695
158338
176571
157728
205123
202094
168455
159170
153389
162805
155705
151914
171557
209663
212287
163620
162527
163121
163760
205422
165665
163329
154902
158195
152745
155790
160679
212196
169145
203685
157289
155940
188937
157940
165172
172443
152971
158399
200530
204822
206738
160481
160485
155579
161407
162508
211457
179509
195065
201689
205376
215896
203644
166562
161169
169640
153004
163833
157004
161770
165674
150925
199549
204002
162462
166009
160592
152818
163332
158472
157707
160385
196720
198046
202690
198127
201611
198487
156887
159040
162643
198147
190563
157071
200272
211119
159671
163454
164482
197419
205782
162177
173770
162706
159695
165423
212062
208614
178864
168519
165985
171219
198348
203435
162807
168200
169436
160514
167609
159895
173833
166059
202921
205029
191494
208747
198777
198434
163028
160150
157570
162583
158420
159464
156906
167558
164128
163851
162921
155878
160101
160492
161678
211819
205421
217926
212001
202823
166330
162363
209715
176772
171706
162031
163835
159674
160730
156602
164910
154363
200378
169382
202063
156829
168357
151530
155665
188877
219088
216408
219469
220779
200716
194391
206271
158674
161227
167381
202754
162570
161985
211798
165883
160084
159426
175072
195310
205342
200531
162266
167917
191659
208246
159474
157388
172403
202133
204884
180761
209261
181376
194888
208435
195036
159221
155446
153373
151002
207073
163637
155227
165756
155217
210980
163277
161055
164860
173544
208692
202124
176781
166013
157418
163712
167110
158950
160815
156603
168758
162168
200717
157671
156797
156247
188996
209446
202417
203502
196163
189181
150799
160557
170743
164695
161648
182912
199696
208387
191440
166576
203419
159152
165315
160622
162273
159857
209905
200414
157542
159638
156607
154623
199650
188776
168127
192312
200645
164556
171100
164537
173886
168502
177408
203634
211456
193892
177121
171584
172787
160368
162773
165160
168603
170054
164730
165832
165775
164094
168053
163221
164570
184550
191907
198877
203139
149830
160892
188940
162583
160811
163699
179921
171287
197004
159282
166162
191067
199832
188356
205686
194483
160067
161541
159103
156317
153807
153398
158887
152595
161297
217955
218022
216784
201197
165485
160478
166973
166233
181885
217580
219130
166711
164928
170693
168537
215060
165787
161779
161267
166588
206237
160578
172173
159516
166391
169518
159965
216827
161251
165535
162793
161830
160477
156391
171183
165538
190687
188485
204788
205511
166902
163507
168321
180865
213496
207507
161604
205713
194396
160911
164296
161240
164569
160677
156020
207328
204055
182569
159426
168979
159660
162092
161792
163728
204444
211325
172864
198485
183238
167989
160931
167780
183566
173660
200115
203636
203261
201289
215312
205774
168942
158525
159984
159112
163912
202676
205121
178522
191459
159102
157696
160567
164988
154616
154156
155435
155375
171950
194245
198704
194386
180132
164169
157155
157579
159477
160448
157332
152279
152044
152284
199565
160808
192715
167461
165924
188742
162102
193509
174519
213618
180771
150344
157201
154532
157213
154033
158740
194980
157756
157072
154877
160532
168929
209512
193052
172625
175996
202000
169224
195424
195503
213713
211915
202468
167545
164955
163695
161398
158748
166540
158966
160607
158397
169602
200684
183415
160072
155407
157052
163904
161138
164326
165472
154396
158559
212412
202152
217734
199262
154438
156516
160929
175417
204914
211854
149406
156775
155022
176282
217773
208024
163109
209991
209507
208862
179422
160831
168942
163482
161985
158193
207677
218646
166925
169895
165117
164605
172175
169331
155430
166568
162124
172718
190113
165768
158546
151613
158632
153986
168139
159110
164431
163426
161673
157212
153427
155630
161159
157076
162297
153721
157707
151737
160796
196632
159443
159944
153263
181762
208790
160999
215780
167722
167636
161409
205661
216511
202190
154940
153802
152742
208413
206686
205250
209997
213064
164849
167441
181687
162527
167443
163849
178252
198311
172758
166969
174277
204132
159249
186032
161368
165237
166866
163259
155273
172431
179256
208000
215688
203721
198064
176394
173872
209991
149977
155264
153143
154628
162496
165226
160431
192095
167908
203138
202541
162641
164846
165208
162363
177327
190524
168342
170773
163592
164758
203926
174554
208357
202641
220307
213949
210062
153324
213082
210682
208097
200706
201675
166917
163614
163250
153601
210359
202142
172964
156426
158965
152124
207133
197278
197943
200432
215693
200071
207462
165624
156623
159631
159182
218720
217319
202091
201820
196803
158965
156448
161245
159978
161521
194613
185917
163611
159936
164384
155969
153900
160150
204003
193012
202836
208825
153882
148272
153853
155055
157488
151060
154115
156372
158766
205921
161799
160847
156521
198476
156895
161823
153634
155237
151344
156061
148587
155100
158970
172038
207375
196885
204440
203268
200136
203218
165482
195919
156203
176499
185260
178855
193128
198253
199086
181261
208533
215122
182369
201512
173273
171938
195294
166993
215506
164473
189901
170626
208741
191815
159793
171669
155772
201332
201382
165327
191753
181371
196662
165801
167571
156439
159973
167647
161473
159371
160731
159495
164053
163652
161342
185894
166190
163200
211759
204626
194305
222332
202000
178481
150540
161479
154900
160217
160387
162730
159106
155040
158319
159783
195289
200431
189607
178082
183489
199615
203084
197691
155359
180083
187521
205300
204004
206500
174364
158975
158752
163440
193298
160941
176931
186875
209072
194407
157758
163793
165683
167350
161685
152697
157830
170189
177238
193865
192378
206172
205523
159125
192030
152958
156417
162311
167306
205317
161906
163448
171155
183644
197462
162488
159382
172549
173753
154457
155930
178630
154505
156204
155302
170375
170291
184342
173292
209599
163291
164056
154617
160899
193527
206855
197650
215214
203895
162258
155925
161254
159614
162545
157667
165165
198315
217702
202094
199112
169969
160522
157193
161993
213467
153500
156991
182263
198226
202771
210732
206533
209860
207180
201412
157446
159974
161222
160405
165269
158993
163556
164404
156231
162467
170859
185654
183549
162793
159152
161018
187393
204977
165673
156478
152922
184653
204692
171670
161765
170107
208229
203676
160207
158072
163537
161611
160269
157607
157276
157039
157864
156209
166309
162010
165127
201315
162726
158451
160756
160954
169807
201683
205682
205012
161510
166245
159830
161152
160584
181412
164220
162600
171633
162493
206224
191628
210759
191299
177126
205551
208839
190439
188702
165445
161891
166125
159454
155887
151983
152554
161501
153151
154256
162410
209705
204396
189817
161398
167322
164347
156461
151281
157370
154957
155641
163896
207765
200781
192904
202195
204079
209179
204450
209759
216634
218986
212428
209603
203104
162552
218555
207032
210395
205555
199509
162411
208681
218959
210014
209998
164793
161975
161178
157578
161283
208095
214632
170685
169569
166459
160597
160335
162610
157238
201515
214751
153942
155356
153588
158775
205446
176282
159619
157097
155178
157732
154729
166730
160825
153925
154790
152641
157681
160292
205865
211266
160082
156383
154617
154599
158553
150706
149821
153592
156965
152383
168881
188250
207513
206166
151957
164848
166765
211663
163522
160917
158738
156198
158925
219033
162658
160305
161443
167186
180921
203350
202233
198919
201912
198210
191719
193469
202829
155559
156715
165826
175149
183924
203461
184291
162826
164987
177247
163772
165079
162290
165504
160244
163045
158087
157837
156790
156267
158990
163966
168023
201731
173944
204548
218794
216310
206120
156847
161933
166265
161413
159821
164444
156549
160774
157260
162992
193841
164433
158091
161420
187744
212889
166491
162138
157198
159185
164811
156729
161246
157216
163236
156396
167881
165885
171430
198238
206851
160450
153295
153622
151868
151751
154545
161006
156211
197452
225799
200720
200617
169028
161473
199570
211759
162606
164275
162465
168807
157495
152724
159492
208697
191327
205444
194671
156706
156189
157634
209842
208241
212076
188625
164797
203583
210282
156730
162196
161464
164574
163385
199840
163075
155417
157113
152038
156312
157122
159196
150850
161856
156348
154643
155939
199330
197529
163073
161503
157342
153798
158125
159233
154654
207751
198568
193015
184725
172249
166485
185047
201842
210163
202277
200749
170117
168204
190585
171952
164841
159169
159615
172498
164560
161160
162115
155420
157258
158695
157413
203946
208347
205887
163524
163441
164012
167921
168709
164714
158901
167477
156517
154783
158688
165791
163902
169239
177897
185232
162040
162494
162119
162806
166733
177021
189994
183493
177348
209836
198490
196800
170156
157772
155039
151988
151741
159031
155264
157115
159404
157690
155629
152305
206199
198413
160523
179813
204630
205033
199579
201875
164947
155194
158191
157294
157014
163060
202074
198571
205134
203001
197023
183847
197203
192146
167455
165776
155078
156981
155592
154406
154044
152694
153713
157239
156034
157716
155881
155398
153934
149762
152300
153780
153117
160297
158292
158732
163495
166287
201168
200380
207889
151448
154013
155002
156815
155975
158953
159796
159545
161579
167410
153678
163830
185707
161702
212919
152964
156759
176522
173253
168827
162539
164229
160646
197830
186832
160743
162786
164271
163535
163780
161657
187753
179064
198208
185198
165352
211161
193171
190859
162585
162387
158529
160246
162115
156257
156331
159711
154784
157953
154716
155788
153378
153921
153340
159828
155735
155089
166063
153074
206886
158172
156905
151587
154166
154224
203921
167051
201616
155520
157544
158974
150477
155627
207689
203826
152284
158000
151595
154262
163144
178329
170383
195949
169407
185991
154917
154676
166175
166654
164772
157062
155530
163265
166735
163369
162750
165897
158467
159420
162912
154468
154783
160487
153074
201220
185342
184552
190403
185246
165580
162764
172955
165577
181104
161244
165737
163587
161252
161486
164563
164201
153247
159384
210744
161711
156383
161830
161463
160204
165490
205440
153741
156659
157566
156699
161188
154347
157198
162472
205414
208223
183021
162873
166141
152355
155334
151395
154782
163345
160157
159723
162017
158210
167729
175996
167231
198796
206546
175174
161514
155237
160087
154849
161133
153913
155605
154085
151794
154299
204923
203138
204250
203955
206001
213537
203868
209541
195149
169757
163016
158079
158935
154152
155469
153241
156420
153398
151718
162214
164443
155447
162418
156432
154726
156175
153204
156092
157482
158077
155273
155605
162990
203427
207078
201779
160184
161112
168992
212399
203998
171869
201052
159465
156459
159677
152748
163575
158031
157612
161044
154405
157284
160513
156274
154610
158235
158990
159564
154121
157731
175371
162458
158990
155511
154765
155178
157812
157179
156775
211140
157542
159492
212736
211749
185803
166843
159759
166480
164390
160951
158122
162185
200865
171715
200759
166280
163361
173661
169003
160521
157527
154277
157554
156677
159696
162474
196211
181232
203992
153522
153202
154536
153368
152959
157471
158327
159950
162415
172164
179592
201915
212156
176891
182850
195521
154035
154982
154708
153689
151301
157538
150949
154964
153374
155173
153994
218634
160296
167270
166668
187547
155978
163650
159041
156608
156948
155807
161853
160418
155529
157061
167627
185343
160795
206683
204826
160443
160191
158396
154735
151553
152524
155573
157796
156056
160415
159330
154544
155318
203489
160330
165509
166330
155471
156441
156526
153351
207211
203538
157040
160763
153671
157962
153119
164147
156314
152870
155436
156131
159841
210862
199807
158383
163091
173505
163612
162760
156575
158591
162585
153861
158753
181526
210101
205639
166802
199694
205673
215771
211222
201941
159041
154202
155775
159867
158324
156365
163969
181626
166323
156170
155310
157115
158239
157045
156617
155404
152556
159898
159537
162261
153936
164371
207943
151863
155431
216086
155763
160449
156707
156751
201507
210828
210979
212250
164842
162893
162855
162548
190230
212017
211717
208450
161233
163528
165326
155454
157804
157418
156416
158729
162654
154919
185604
188802
153887
158795
187648
163591
159191
153883
157011
175841
156129
210976
154528
155781
159491
155237
161284
156859
153819
165470
206446
169718
153990
153521
160381
157580
161310
156282
166593
160946
156627
155267
160263
203760
198227
184879
216367
205557
206754
210388
210607
202219
166645
165760
162723
169591
162899
156835
156009
154901
156517
154169
174660
182772
161204
161212
157733
154023
154002
156911
156157
156773
153134
157659
191889
214452
210344
206452
175421
157554
161162
154822
156212
158267
157205
155370
155582
154845
155211
157693
159190
154788
154517
155900
200794
157213
165525
159098
173963
206726
173598
167463
156121
156257
158678
198302
156713
155824
153508
152769
155354
168195
200329
202908
204633
193426
172639
155894
152485
153357
154747
170612
161741
206483
201777
161070
155364
161461
154554
159001
155503
158332
162125
203619
213598
229217
215281
199095
199550
211310
205704
164155
161348
158787
157549
154555
156900
154768
157000
153589
156165
159294
165056
212433
162350
162632
165543
153805
158120
162879
158013
163333
158029
163571
153567
154841
154160
167212
162894
153872
156378
171718
157640
154364
154993
152832
158139
205192
164439
184087
204129
197926
165226
168452
160687
168524
162457
163719
163635
162937
155292
154774
157047
161544
163744
163939
165628
163583
193733
160774
154533
155671
153367
157250
196936
204230
196231
155551
156011
157308
171589
155002
207194
160442
154844
155570
154059
155546
155231
163998
158388
152853
154556
152745
153306
160445
155400
175081
155339
160539
156819
157145
162631
165213
191592
159189
156873
158241
161728
163245
155201
161424
209894
168712
153261
153606
156818
153181
155818
157674
187895
169700
155689
155026
212359
208176
197561
201682
152335
154689
157629
155583
156091
155494
167075
204335
153744
153700
157926
156511
156840
156089
156025
154303
201922
153224
161638
164122
213847
211617
212560
165675
164070
158518
164077
155555
154128
155228
153568
154278
165318
160192
158540
153126
152984
157097
212378
209506
163444
178088
165954
160465
161505
166947
197080
201178
160566
155253
161433
155636
166399
156934
160636
155267
159134
160078
157534
158080
154365
155182
157314
158761
157168
155257
167683
176286
183748
200187
205979
211398
188075
200848
179778
184807
182121
191180
162828
160000
161822
152853
157362
158598
153492
155074
153482
154813
160958
154719
157391
161589
214655
153265
162595
163327
154361
173047
201015
211667
193518
155248
160528
159215
156344
159277
162207
166155
206184
208924
157247
159540
156879
166019
165606
161145
165916
155853
155404
160482
158259
155320
159302
210421
170549
158772
170891
202690
202322
195251
162040
157597
157597
153542
156003
156378
154695
156531
154248
158089
156703
157967
156076
157594
157605
211860
202232
212534
215954
218889
208598
205357
205255
206050
182394
182650
205360
164139
166689
184653
180627
194849
199792
198739
210594
206687
192563
187534
207022
207757
194590
197344
202468
205422
203343
204484
209025
204815
190213
180395
191236
166561
153925
155659
157087
159283
165936
160308
159711
155997
161533
164805
163877
164623
167315
155563
154380
163650
154848
155992
155814
161961
168391
211325
206840
155138
154792
157239
157553
160351
160468
158439
156511
162688
211712
165061
154487
154406
156842
159208
161246
155530
156022
159077
158699
167260
161195
155727
155064
154439
156677
155849
211555
155032
157475
158896
162759
158467
156367
154197
157398
164346
164866
166135
161797
160908
165187
164887
157768
162678
159082
204625
184109
153754
155825
156206
152860
157479
157682
157658
159254
165719
156323
155220
155077
161146
153315
154999
157471
156018
154386
156653
205761
153481
158995
161005
152889
164945
156264
160500
157131
200947
205845
160781
153199
162373
152460
157172
209206
210324
207102
205277
211735
163698
153695
167050
161433
161977
164192
155012
155866
154580
154096
152861
156999
206400
159688
156103
153792
154963
155879
152934
155957
157293
156289
156004
155385
154435
157548
163282
163470
161515
154986
155407
156052
160966
164935
164895
165905
214933
158393
163734
178418
219287
202303
162592
163981
164411
163178
161868
166182
161701
164160
180102
216950
167388
161399
161612
161944
160953
159644
167457
154648
158098
162301
178711
182965
174419
177086
168154
186509
172818
186446
188852
164900
166334
158887
155419
157835
163977
156985
155091
153948
156348
155273
161034
155665
161907
173212
157309
160308
157212
204354
155734
157472
156138
156682
207740
188914
173927
182291
194514
217017
205134
162667
161778
163061
164946
159188
161104
185444
185674
200294
212161
204090
210356
206196
204697
204817
218364
205483
155906
156592
155997
156011
154245
158359
152042
155501
155663
155045
157258
159450
154236
154674
181484
205607
156536
156807
153343
160347
155742
163214
209739
199260
161967
186853
159630
166257
161619
161455
157770
155300
155793
155947
156859
154689
154899
156815
156343
199571
164132
153488
156225
169626
162300
164294
163898
161576
156692
159364
170648
154390
157848
156717
165914
161649
165796
210413
210875
158686
157711
163999
187998
208559
211928
200380
193421
156582
158497
159136
155105
155863
160477
158654
159026
164441
157495
156441
154869
215952
159958
171829
212941
198894
205526
153603
158338
163108
156851
155140
157256
154248
156296
156054
155478
158952
209023
213977
161282
156235
155056
206366
206975
207314
201635
209281
177273
212386
210842
208946
176023
187068
170541
215403
220867
213926
205539
161877
157520
155174
151780
210072
209957
163750
163668
162671
165018
163581
161867
168860
216859
211145
177324
200457
198275
163599
162165
163103
156056
157182
158015
153099
156768
156098
158356
157429
155314
154837
155548
156239
156715
157161
162690
154191
156955
158410
158816
153029
157599
156048
154918
160233
155725
153854
158228
155361
156224
164735
158350
212520
212498
164543
159860
156442
159399
164651
158019
161992
157808
159873
164730
161717
164707
156692
196633
164237
159956
157289
206723
198599
207556
154735
154264
154204
152481
156820
154693
153382
155276
156010
152380
152756
155082
156723
154772
154969
202134
156009
153995
158210
156036
180003
205697
166935
163365
158727
160530
152645
159995
159845
159953
153690
156805
156738
156343
152954
156368
156104
177924
204167
167325
210588
164174
161831
165746
159890
167589
157603
153801
155961
154497
151777
156931
157610
174550
162157
156295
156945
154976
155142
157962
155535
154289
156529
155140
156453
155317
153348
159248
163473
154011
163162
164290
199894
209726
204758
158736
162592
157184
163428
208090
179922
173915
209154
192004
159613
163801
164678
159908
159224
163556
228355
194633
167484
158847
157932
160563
159286
154655
153345
153974
155086
207520
154880
154467
157072
162459
211454
158764
153278
154923
154735
160024
157290
157078
203145
207214
180382
201068
159793
153510
155715
155050
159301
153990
154086
157185
156047
159641
153899
157400
162481
207398
212922
174700
192104
163877
155841
157036
158319
156046
157514
162987
158177
160922
181149
213685
155315
162556
160951
165284
156506
156497
154819
155139
160318
155189
154357
190172
201949
156659
162866
157087
170756
156352
158963
159199
156924
161409
159421
213239
220769
210563
209891
203948
185214
197499
154416
158742
157244
157335
155367
157500
212290
160920
161408
160798
161447
164524
158965
159184
160828
153349
155290
154860
156631
158503
155514
156940
155842
152336
157082
155818
162649
204050
154445
169040
164792
160327
162819
166262
156956
208508
211873
211164
205353
160375
156480
153158
156784
153811
158085
157378
155203
156928
157066
156460
212648
158543
168464
156795
