227870
216450
219876
238694
224207
226163
223881
219551
220714
226372
218219
221716
223576
210874
222592
222959
218721
223498
225271
216220
212451
198677
220955
219519
217074
211893
218972
223368
211137
210773
221563
209739
213264
226428
221605
213605
217505
220782
223512
209142
219261
205930
240158
221330
214322
210272
227500
219421
215527
233538
212501
213809
213471
208421
212966
226867
238629
236510
214761
238104
230609
213041
213212
213711
215008
213716
213583
219481
228277
234591
222336
227424
218705
233718
232046
212044
223560
215257
219157
226167
224815
217321
236857
225236
222883
213224
212712
217616
205014
238157
214741
233159
228037
222910
216677
200237
219947
209946
224792
225863
224910
230534
242848
209839
229232
226223
210824
210575
222004
218120
206679
223798
208467
224234
216789
222217
224393
206732
218431
228625
228355
217027
205806
219483
231962
226349
215482
221793
230535
219865
204090
218143
217891
243086
211645
218453
223831
216103
202415
212672
222335
224543
222639
229161
203702
209104
219997
225939
202025
216983
220908
214568
216769
228262
219380
215291
232355
237868
240747
216140
224315
208995
233669
229030
219984
220899
207625
229919
237015
208870
213360
216578
216060
209884
220366
219087
214877
222917
215889
222130
206649
219837
231028
231462
213978
239777
250523
217623
222952
210364
223786
207190
223574
218558
202757
216138
209941
216851
223803
218755
216467
226506
229127
240998
222036
213914
231559
205171
208632
212777
217547
222565
204994
223813
223272
208569
224977
215280
204983
212055
213083
215096
216775
236798
228827
230369
226399
221466
218032
220470
215177
212203
218622
205465
226046
225655
212465
208240
220465
217389
218547
212659
195146
204688
228739
224342
220542
225926
208903
210893
213512
220512
211082
213242
245797
230836
233902
222356
234057
223446
228677
215366
228080
205940
215232
227909
224789
218489
226320
219377
224866
214194
217025
209465
210504
223287
235328
224681
223261
221855
223383
215148
227086
279398
254416
227123
216135
226204
216588
201620
223680
219507
211931
230957
226231
216148
213882
216397
213925
235614
227758
283276
306146
224250
236812
237192
199754
196933
215460
220546
215589
227083
210426
219750
230537
210181
217529
206701
221334
228115
221714
218338
208935
216256
230143
225379
208964
206375
214100
222832
262032
244770
230836
225851
230349
214322
218512
208431
220856
223702
211696
217826
207753
210524
210901
214717
236150
221987
212479
223923
209879
216566
215910
232027
229508
216765
209798
223757
229196
211548
226624
233381
220897
199928
205024
230877
219109
214172
204853
202362
212158
216837
234972
208148
211943
205891
207531
209535
218568
227241
233703
220377
238446
234209
212850
216157
307465
323820
301324
208280
218624
245181
214707
225941
205486
217800
204521
217230
211124
229132
225319
214140
215686
218842
219846
201516
216301
221822
222156
257354
219041
210692
215029
220893
222116
220813
203862
228017
211125
331539
316522
221939
234876
215996
214471
224515
227881
216879
205671
222358
233669
208966
195111
214645
221735
221478
230975
216084
205519
216178
208576
210837
215400
211430
220664
212148
216080
210303
222914
226195
304805
217057
209838
218921
216793
207197
213676
209649
205492
230428
215229
204649
205196
208451
211998
231468
210954
213094
237004
212689
211781
215964
201902
216370
218686
221509
216040
221443
217910
205825
208017
221185
213916
223695
226631
217234
229662
208465
227961
210242
214994
216594
213707
221635
221742
215478
217175
205558
212064
228532
332054
207979
223369
210909
230643
215563
219705
216888
221268
220383
211906
233384
202811
218595
210529
206021
229636
223706
322612
222139
216861
223676
209826
256919
207381
204091
198858
210692
227136
203675
215592
222759
212510
220119
217262
228112
218858
219166
223032
245715
224179
219347
200500
222520
215224
204968
205721
235183
215007
217862
208161
212624
239565
209903
233647
226769
220268
205921
213223
204413
218693
218230
216248
213171
202989
208930
211844
232322
231647
209435
206618
217537
222622
214236
232209
239818
212567
219007
344744
356514
325603
214571
212122
221414
215761
208248
205988
207457
221997
215997
216982
219423
210208
209951
209060
206244
344308
363849
218308
183645
217301
226157
225642
210810
224748
219330
205043
221166
208247
212511
231163
210578
217986
207475
212008
206227
204878
219727
325212
215620
199992
218420
211151
196715
210920
215450
203728
213815
206499
202566
224179
235261
204815
212686
210615
237605
211582
216597
197094
224593
213386
215551
236054
226800
205534
211637
210133
224442
214704
218380
370016
193176
218173
235768
214592
221684
210663
209676
218422
217621
201524
213185
213702
222054
206696
217946
198499
220298
223431
215684
208014
224624
223642
211782
201401
218620
230824
219187
215832
229336
202507
215989
204873
216389
210264
220109
211849
202767
209589
214415
215644
209555
207264
208756
209842
222139
225341
232111
234186
213776
221162
201046
220979
219014
216015
208223
211223
245045
209783
216323
209327
219945
215183
222302
221323
220788
215103
214855
209994
207066
233484
206699
214493
207726
212197
213098
208396
203639
225182
210320
212547
210654
204784
202143
219424
212127
202391
224578
214175
207857
211262
209728
204810
220936
213703
219819
222694
214958
209764
205225
199373
214996
220414
213790
210782
218789
217220
196880
210325
203129
208609
212359
202460
203610
189768
199566
216052
378670
382920
211518
199658
213118
208893
383942
387812
378687
206353
206621
210367
210213
223613
238530
224839
199926
211955
204045
207710
218761
230148
212770
205848
225407
204977
225278
218487
207883
220163
209877
212179
240665
240905
214253
199043
213256
200007
228063
210777
225027
211760
210498
221547
216363
218578
201035
201788
207651
200587
222796
210885
209689
205241
207399
210880
210954
200796
212064
207076
213042
223854
208906
229379
231776
211603
227123
217139
222998
236433
415301
374601
226818
204828
215284
217380
200554
213482
232264
211393
220372
247284
202763
210751
205805
197043
204787
213613
233948
237992
225071
217361
221281
214481
233771
216975
204557
208765
240027
224440
219557
223031
222281
218843
215762
218353
209273
205374
225335
224167
212792
202987
225502
214181
194811
218795
212539
212029
209814
202707
402277
214452
211016
209558
202475
222165
215400
203564
226424
212711
212068
205129
222845
202502
217546
216205
221074
194242
199813
207691
202153
215438
205453
207531
208146
205272
210409
205523
208323
207547
213382
223123
214140
231609
203061
199156
215652
196615
204296
200631
221846
219954
197456
213752
224000
196384
211603
224357
212650
219545
230827
214300
196483
204592
210823
218636
219244
220366
202524
217459
204847
217956
211674
223643
223124
225416
203798
206849
206134
216422
210588
208136
218827
223926
427985
434588
215170
215547
212286
206421
215103
209699
211581
210715
217585
229197
221270
216259
222027
196191
222424
203870
216124
197101
228308
204062
218138
222983
213057
222263
230301
212270
220175
207073
200417
247386
225680
421155
208118
203414
216652
207808
208065
206297
216488
236478
213487
207756
216037
212941
224582
226218
211678
208299
199728
203194
202860
196586
220740
202889
203110
204933
213780
217911
215362
213342
221620
209505
213715
225949
225359
207921
194688
211436
226558
215004
204037
212924
206518
220223
217956
211940
218002
205073
201332
208540
217890
251082
243668
215030
229791
205552
199681
213645
219712
195133
222056
204365
199529
197948
217534
198979
209888
194064
219394
218253
199633
196198
203678
197796
196274
202461
214159
201807
219537
220897
209389
199847
202232
222866
217117
340975
201925
199724
216014
200742
203283
199245
199838
208927
210095
200774
195978
198489
242866
199354
208490
208317
216729
226760
219303
218250
203327
201811
211323
222405
199543
203221
243451
247146
205406
205660
208540
214446
203066
225755
218037
199449
219564
206197
220867
202298
187182
218748
201279
199953
225610
234039
202562
206594
199171
215500
183994
230990
228872
189293
211601
212503
205161
213396
206241
199831
209774
243586
245565
211543
203025
203193
226793
205637
456390
215798
196503
227607
212546
210279
226163
206535
210687
509320
213209
210619
217975
195898
219338
206644
205195
209595
211076
201035
204398
199855
210744
213577
202925
216269
222864
203103
212896
207480
206988
212021
194157
208072
203608
231883
212544
205379
207524
203867
203758
473758
230102
200756
204972
205861
207883
197909
204167
206251
204537
230688
213835
211488
201230
235262
226730
211262
229530
200481
210870
475064
216069
242188
219795
200186
210809
219851
194582
192833
230555
210204
202808
209570
214840
231895
228002
196666
197390
241585
242254
204616
214259
207876
198796
201878
213222
197997
197173
222056
201452
189577
244756
194895
210609
313053
199512
461243
207701
197665
207100
209360
207199
219631
203717
211573
213405
197280
210994
247320
206066
194562
213844
218663
218414
205977
213261
219766
207274
215474
209209
197905
224118
215648
218564
198462
203776
205556
202803
202794
212413
203855
190480
206986
214787
228143
201640
210196
199914
249995
218692
213880
205241
222848
230461
257044
200179
208418
217414
237866
390226
215100
240713
212074
218417
207115
218495
214821
248418
201967
209006
230853
204245
199513
212113
211657
220105
223841
207494
196251
208361
198755
200273
205408
205762
216894
203290
483787
218324
193502
201545
214041
196135
213726
199532
211898
204925
209971
236039
225979
192791
200131
190791
228035
193076
201737
198294
501891
203668
193973
199235
208028
210772
192361
211896
208041
212931
210613
212288
213673
513420
506044
233535
199005
210095
208287
217924
213353
215928
211894
218450
186947
224801
189942
193105
211972
209513
203503
214786
200316
210931
200334
219409
214557
213908
248011
198487
203475
207170
213779
192695
201629
213099
215675
223190
211920
213125
209100
209801
200992
219155
199555
194253
211612
203445
209756
256096
200928
213363
198170
213008
209004
210574
205803
220637
218318
203434
206493
207588
195793
191690
218168
204805
203763
185526
236712
501133
188795
202338
215827
196244
215191
200301
215419
194714
221532
189901
199936
210505
199747
229549
202813
217157
212955
192902
220015
213923
219847
256746
216110
195245
224693
204797
219987
193072
212317
204435
543293
212140
209067
209129
220107
206127
199487
201826
208450
197452
195091
201297
205072
197491
196034
224771
204778
199205
212492
202361
199589
196326
206762
206766
207278
213814
199370
233883
200291
216761
197888
217454
195183
200863
246837
246623
213737
209841
205709
206833
210512
213996
219143
215088
214687
505958
203393
205606
215413
520670
193358
192185
203187
207550
205501
208748
214214
206247
196933
215681
192822
202425
222880
211381
193636
216107
199130
210076
221574
208559
204030
222537
202090
213089
225404
197147
209046
200863
229979
199038
205100
200395
197102
214822
216333
200889
209580
256344
256187
209992
222324
194365
210449
561697
206755
245737
218671
205816
192031
201146
204955
204733
199972
195101
198453
531324
204947
198419
204639
216353
217074
212401
195253
203711
195677
184028
215420
204787
201464
204308
197177
197391
212351
200892
232720
208168
203097
194244
211717
192237
205209
202842
212149
209824
203171
203300
227922
202939
204892
192079
206220
203309
206738
202395
202556
214935
202225
201049
221483
208715
209792
195818
207701
212217
205540
208393
199846
214461
224515
215460
203513
194184
209199
204066
225803
216831
209569
193097
206498
217318
205769
252596
221376
203883
213471
185229
195033
194483
213342
206856
208143
233338
197821
205299
210122
205287
208981
210847
184427
219854
210364
210034
203541
187961
196696
552171
240250
577615
210411
218389
188675
216458
200793
213686
221463
196814
205956
220887
199301
199619
204207
203186
187652
203246
196288
204987
205594
202514
195803
220507
204693
202703
191724
213455
208358
191117
223039
214607
209486
219138
202125
198282
222330
215825
188626
201121
202632
222632
211151
208360
191827
250499
203657
208113
196008
190310
247145
209436
219810
226781
185189
213538
192713
247997
224343
211470
205719
218945
198576
186465
262679
206320
190011
203026
198766
208717
204192
251876
242061
204546
210011
198291
206718
215855
204560
196525
187841
252692
233670
210204
206006
195245
214317
197892
199900
209704
197027
208925
620540
205718
224162
219609
205864
204235
200116
195746
205963
213808
210488
199514
213254
199385
198283
200086
214862
212570
551112
205872
217682
191916
187794
195810
206476
202538
210189
204090
200180
235609
219889
191539
209688
196820
231780
242143
197795
197347
209547
203468
198607
208199
196575
199345
194390
204673
222148
204538
211953
227711
204966
189578
202335
209461
213557
204045
193759
198236
194842
221657
209729
208536
204670
216505
189462
192254
217564
589962
209446
192227
195433
199698
215564
199519
239505
216719
206606
193127
195950
200179
249411
181097
195684
215662
183306
199378
202208
200254
201311
189744
236291
207150
202286
197795
204432
193327
189164
203767
197126
228303
218051
191330
207308
204767
203505
198134
202163
186779
191245
190855
199590
193823
189078
210317
191980
218328
223830
190371
212014
207108
203388
220817
220416
204116
219476
211839
191486
194542
206980
198665
190089
628112
599331
202683
208036
193885
198625
196784
188447
201874
213702
194543
197451
217329
188863
212844
225619
197872
184455
216943
188598
203532
188563
197358
196790
194279
207060
204066
204790
191299
214594
209246
190889
198206
191933
200812
212666
202162
204437
199761
221373
173616
226873
298583
198798
174458
183713
204154
192731
197131
193939
197593
201704
199240
190264
204386
201784
185395
221168
190963
203081
616414
206924
220597
264594
258796
234349
201467
218875
186424
235034
205426
202886
201963
203945
197976
205249
234766
194334
209579
272277
219876
216050
203751
243071
627502
206981
201951
198355
215866
234823
189311
194397
207015
195832
188181
198327
201426
198622
197077
197141
204391
194338
201797
209204
213117
203490
210931
209532
207104
224880
185587
194498
185534
197255
198671
194122
196194
212160
195675
224614
262665
222436
200229
191502
211170
195193
228906
237966
205247
205348
195374
200240
226371
219711
644779
198522
193206
199212
199804
208298
197684
194460
190526
206021
212995
191574
189687
196576
198080
190248
193243
205119
228482
197882
190798
202309
184101
195591
174768
207692
183001
193290
196799
211205
199155
193775
206445
266198
206504
201966
201075
198385
207709
196183
207697
227421
182745
207404
202799
230094
195392
197169
201824
199033
204621
231199
188973
197047
260168
197526
228102
664448
212738
181659
203588
203288
264946
192851
199392
215906
210176
194788
197439
234208
186826
217175
221848
199379
202041
195514
185939
212033
193893
217426
216608
227511
195113
234076
199521
229308
251201
188801
204436
196681
201547
215300
202627
200745
225441
196348
203121
185773
206314
193824
190529
187149
193970
219184
185637
187461
186456
210328
225980
207332
202270
197268
205318
233229
232864
193766
186611
186250
180992
189548
204668
194682
193732
202838
217212
202208
209671
199887
673126
195884
187124
188213
218608
210582
198831
267188
193424
180329
192507
190354
192651
193280
191936
195632
222879
185773
190073
190212
214565
207193
196045
198188
200459
197288
213063
231323
203222
182854
184941
185235
200344
647488
222334
193239
196292
190302
181223
209092
191539
206808
206791
645413
195326
188817
198285
208657
221553
200475
208144
208692
234933
184340
265964
211715
199821
193001
202898
205475
196726
206743
699879
195819
202189
208878
216718
192606
203821
185129
225618
188661
197628
222324
202860
195537
209411
199666
203439
196249
193496
205194
224750
194593
190244
198071
187047
206107
207162
205184
220665
278588
230915
250251
204171
190716
204115
177584
223443
212263
250310
193397
207909
711424
220763
207496
207260
215593
206092
202131
175324
238686
189956
181169
192192
178138
228660
189120
238393
182159
205520
195879
196246
213459
184365
217625
184840
219013
178681
209110
199515
200316
198228
192687
193944
234901
198279
203863
197178
214032
183084
205663
196348
200511
203984
214392
210633
198572
194432
200990
214697
196239
201667
200041
198875
214891
193434
191782
197093
205907
188121
208235
199707
204428
192869
206575
200122
199823
194268
195868
191225
187953
202905
192435
181755
190510
265698
214252
189458
192079
192553
208940
209765
213940
194811
216422
180233
194560
200057
185657
196240
190257
209155
208355
193309
179297
193358
190063
189400
191468
201015
208409
236521
193129
194115
208446
190627
192512
197037
200003
210802
188294
216224
191443
193983
234594
191601
211380
194775
198071
260160
209495
209184
185619
200311
216785
294667
228800
191609
187698
192778
189144
279399
196508
192954
208063
202776
217357
188402
236100
190876
199870
199868
198758
210514
193797
208339
218948
195035
205228
205031
198067
195818
187736
187672
174118
215929
215496
182600
190859
183468
185413
196569
266676
188629
185304
198568
279403
240581
231030
182962
192230
193227
188063
202645
187487
205617
206914
194869
215000
184298
192946
268063
215452
205644
197884
192582
193593
192862
234677
196490
200838
225581
178828
187401
198370
271761
191457
187972
197265
193740
207216
195971
188592
185674
191119
189879
185740
714385
188627
187340
214991
186802
200125
206671
195777
188790
219314
184533
196199
220512
184715
198442
179572
204814
216531
174392
196568
195656
197488
191304
214238
197267
190699
212996
185746
213741
219832
202121
200003
199009
184839
223059
206972
202082
190858
194023
183479
225003
193154
208928
203258
184494
189899
235305
179616
193122
198390
206893
287940
183309
191210
193243
725464
195275
185375
190741
205160
200763
198086
201898
184453
181823
192538
180887
178379
197555
195928
190074
188361
178756
191342
189075
211214
234497
195584
191852
178770
176672
210578
187092
186629
188373
188109
208052
196229
186692
753894
189184
173059
182232
192700
195552
243915
193593
186894
192976
198859
202315
199032
186897
197105
182250
191552
184330
200128
178889
192665
181528
190671
199644
184357
214886
201792
188054
186951
202180
207431
197234
219965
203454
187108
188431
201030
206180
217098
191458
201603
183505
169476
202990
198038
177216
206038
200131
186510
190048
224756
206121
180927
710293
193103
179008
204742
179105
196416
191638
203413
226103
181760
201046
177871
184509
192877
229885
187513
190802
198965
187342
189531
196296
194475
185461
212943
199019
184007
203006
193906
194664
194806
180379
213313
214566
186539
199168
196267
204756
194825
270082
181892
196289
200618
177803
187454
195024
227352
200044
230724
187277
226761
185511
212073
201000
192254
200573
755592
197005
193248
197651
199702
193361
273866
230153
184834
185780
190923
181955
183156
197041
201317
192612
178612
189904
173642
181232
200502
264069
241626
195931
205904
174984
213770
216780
183554
217588
180936
199545
200552
186260
182301
193690
196807
186561
187994
186736
200879
203380
208411
198305
183078
190369
204635
194712
186271
192080
222036
204989
198228
192376
187735
206049
738794
190129
194630
198772
200594
198638
210022
177894
176722
196075
210530
189335
231444
231670
194307
199951
197011
187640
207549
202925
192397
224697
184369
191164
188342
187109
191934
173258
182485
201843
200703
179519
193344
204860
203979
183788
193108
184664
188593
185882
196562
794866
215814
186939
198981
187905
185963
226500
190504
203709
189456
189000
197901
176873
214743
187013
192571
182893
206884
237936
202888
191412
184097
196796
190004
189598
185066
189049
192588
791764
285620
199462
194802
192857
227402
175747
175493
191956
196451
177879
196100
179065
189358
201217
199900
177669
184855
184241
182013
199598
199863
178520
194198
187231
226369
183582
211145
280698
186751
199200
183395
188905
235636
181475
204411
188552
809374
233419
192995
283230
217818
249533
240002
196338
206739
855882
184352
193851
274199
191617
222050
182008
196932
194719
188765
220827
182152
206508
182726
225558
178512
201713
206019
188577
191087
194104
184615
204291
198059
193294
206025
169231
188663
220389
803896
201301
185127
198076
191565
181423
194683
185307
201183
178357
172371
201647
203471
225995
192072
185984
188012
193358
214360
824321
202974
239865
190234
180470
204330
176130
196868
218631
192480
198512
178607
176163
207760
181115
188693
181625
192155
183800
190907
191856
192868
193416
190467
204968
172249
179065
204906
185115
224972
204384
208935
197290
188306
200134
243828
188084
194553
182066
179054
182161
197059
190784
182948
195837
185436
197110
181865
235231
237281
183297
293294
180684
185071
196526
189133
206578
210674
183024
192007
178106
184218
175015
176481
175555
186704
176611
193166
205498
190100
239897
204251
187320
189563
200888
181067
180295
202008
188707
176676
174788
219810
252105
179618
189350
191897
195582
208333
190615
203626
183663
218731
194735
208920
204414
178500
178606
202746
220288
193654
189092
178928
188585
188207
173350
193812
192310
191205
186537
183873
275705
182611
180480
242143
196831
194323
183547
848253
247026
190032
198473
192977
187657
207498
172110
180193
181754
173386
175207
190490
166547
182468
180499
187183
199492
190636
212559
283719
188759
186945
198078
187572
194707
188384
182666
174569
177823
203190
199600
202347
194609
188456
202231
206165
214723
196009
190647
194401
223716
177029
201467
180867
190289
267770
184664
238331
194230
184359
188924
196975
817164
199218
199010
181675
203265
242291
207871
191136
187824
221342
218977
180459
199465
197684
184685
181342
245695
216703
190604
279701
170358
189841
189259
188232
180302
180769
183372
240657
189125
227528
177792
186693
189439
195385
187392
185346
209606
197322
199884
181325
198947
787654
196807
196367
190648
200971
177973
204591
177469
177563
182189
189377
186635
196926
182372
169945
181557
175040
176780
233531
235478
198122
184109
175317
175608
195256
180571
260702
184193
183518
202534
180919
198308
190172
288017
180851
183413
181684
247091
184209
185717
177362
186145
203273
189709
177602
184108
199068
174538
209761
183147
171941
205864
182304
178277
199668
209513
190763
181776
178604
189452
188232
181742
231534
209710
192853
208797
182051
199802
198197
847180
194374
275640
185030
184871
200732
197506
190892
190940
181384
184257
197871
182898
203535
174844
206618
193065
235753
194022
185096
249040
212450
187278
180364
181442
192706
164232
197952
197350
179501
179241
236462
214365
210011
278104
198233
854992
215131
198313
190390
175957
198761
190736
192769
189550
220938
205083
175404
185164
185779
169342
209788
214362
180975
187508
196275
172130
188975
200693
190449
183356
197721
181584
192244
186169
242545
240316
209111
215406
205232
198393
172993
196439
184391
174843
185832
187153
286464
208958
190568
182374
186271
213343
202600
177053
185350
219767
180238
205566
186593
186278
174054
189119
186380
195527
184771
189307
830974
192757
179588
193778
188881
221513
275894
180347
186707
290548
195418
202989
259155
250779
177281
179984
190500
191253
184109
181011
171055
179734
185780
184393
172255
174669
193042
204510
863655
209214
235033
177490
187777
187810
179057
172435
174859
182011
190967
171903
183694
174315
181197
191459
298857
176657
173382
191804
182176
896775
172319
182699
186442
180928
190085
171880
181650
202907
184855
177959
198959
177225
197625
170723
192062
176129
177541
173561
197925
167959
245126
188353
175246
197534
185936
183022
176700
191396
197888
184426
234943
192070
200678
176687
191028
205891
173420
220540
199473
245568
180762
196628
177479
212045
180733
192466
289952
200342
186226
201703
187343
177807
186595
185551
236330
203768
190950
177110
207570
179209
184851
175878
187994
857895
183057
196363
185966
218507
194458
185704
177604
174967
179608
171646
176544
187421
186070
184581
173107
195199
165187
214278
180937
161790
183008
175644
187608
199447
168721
169987
184829
191919
183153
177805
187014
220119
176142
188795
183175
178911
210702
241031
186781
224445
179357
187442
187064
199866
181966
185433
183260
193414
177359
176393
193077
385898
902813
190646
180011
165588
217912
181292
179441
173713
182710
193607
204337
177149
177857
177125
262028
186384
188559
179490
183471
178431
185431
175484
182368
162943
186943
195854
175601
187541
181550
188629
179604
210587
195802
185146
189192
245957
219081
926512
173044
186014
183450
198002
172380
175710
184144
196113
186974
177368
180995
167595
187148
182171
209929
191143
203126
196730
176933
181246
247656
315217
167447
186018
183756
193747
197120
171501
187028
193832
180275
187412
185309
183464
175768
185379
220101
945826
194876
189103
186313
191106
204670
186778
176593
179479
192893
179371
185674
186574
180932
190771
174411
168882
172795
193803
174828
179820
213158
188273
205746
181773
925198
191732
185520
185919
189161
199330
173690
173835
189867
185387
181558
205929
183497
180645
185668
175827
175566
189657
171610
178171
294434
193213
214136
178988
217865
179212
170092
178699
220295
182013
187859
290858
176159
177731
195376
158663
184055
188512
181155
199298
201993
171291
186454
189486
248168
240199
185390
214007
198923
229736
177679
213099
930693
243575
183513
201777
185694
172397
176077
173859
181432
178527
210939
186532
174324
238280
257916
205460
174028
184286
182664
185264
182984
246685
185820
203353
183269
175753
175127
173568
177999
182967
177898
188204
193803
174803
174902
178995
181785
205227
239313
186756
170961
180035
171345
178089
172508
183255
196433
176656
193077
173173
189738
293049
171168
240186
166617
203721
219375
176364
183311
182611
198796
205414
219409
305602
188857
190158
190874
170825
175787
175687
246246
171647
953650
198190
189233
182733
180521
178446
184018
200046
183851
169292
170903
189469
172991
188578
177147
249266
175352
173578
206142
180507
182418
175025
194855
947188
171020
202658
173926
165831
174925
175906
193306
214829
215006
177530
186128
180780
190043
178873
209146
178305
197146
947924
173855
172010
176479
175079
179655
198337
197810
179463
188649
163003
190196
217647
179908
179313
936778
216597
179543
187923
180312
173965
206315
203790
190645
173627
213254
188998
194615
174144
184720
165380
183883
210648
181630
170084
241784
177844
185390
167388
180416
171412
169144
172790
168755
173681
177843
170157
180590
176992
197174
163972
225766
182817
248872
182321
169603
183372
194105
192665
175563
221153
178282
175994
183431
200608
176644
210553
190920
178806
178132
164778
244546
183902
180789
178092
169172
162880
174720
175550
169556
180375
169541
194238
187328
169942
181271
184611
197498
213826
191331
180656
183830
184802
195620
193257
177749
941904
178227
210688
210972
202424
193713
192625
187297
170815
180452
958124
182500
202006
177683
176990
219472
182845
173974
187176
182259
181295
166148
215699
177906
259231
176367
180260
179588
182287
180125
211650
190535
181632
176869
179842
197357
173898
182610
190742
193284
215530
309448
171228
493550
249964
194227
166677
244205
190112
174498
205681
184398
198011
255524
169700
372081
169899
171985
215169
175734
167153
217585
170289
174847
168831
176689
163683
183121
183262
208379
193426
177780
176595
206575
210382
174446
310343
170964
192977
179695
187999
298659
228919
178407
218875
177519
193039
198228
942167
165720
184708
985632
187452
163534
246958
171476
185700
190564
182242
187792
177427
157947
174027
163859
169114
175352
202092
236436
242138
174356
176035
192317
187370
190788
176930
188860
173045
213621
213556
173430
193802
185965
180162
205167
169662
188989
168259
219517
180297
174034
178614
197474
196853
163770
333545
205969
174660
170324
173869
169601
179743
179929
176273
178114
181601
198443
175612
165080
246128
171925
169638
178442
176168
185817
215666
186912
190782
201819
166024
183756
183451
183914
175178
188327
171360
163388
177011
171900
252712
209740
174440
173520
170691
179103
173856
182484
189959
171574
184199
162207
192832
187111
176230
164662
172399
189959
205578
192717
199466
178226
186321
164684
183249
184275
174978
176411
172693
295862
180249
161787
184485
184473
193997
176243
170936
210258
200121
171084
185397
241707
227986
179139
188198
201121
167896
222274
205944
174547
175618
181567
207497
176840
194688
199003
214600
173245
254189
168268
254129
187229
177759
190011
172326
176398
177124
176917
174776
180015
194552
179823
205006
180742
172712
173130
179158
169484
181721
158535
202802
179294
180419
1007964
177591
171969
164999
186212
264465
187036
178662
170487
177409
182248
169091
189746
223165
211284
169115
214532
170709
179066
190571
175732
177149
187957
243782
174659
178677
162972
216432
194465
168181
181740
199751
179125
1000271
1011588
197725
180138
178785
193389
179575
179631
169691
181932
223703
180195
181327
173637
180196
173644
172669
208287
176828
222782
167038
166951
201837
185196
169843
179592
171695
215518
179629
172782
164088
173366
170415
189929
168223
251927
169384
175677
169373
176124
169226
171081
173086
168234
198931
176610
180292
169464
169125
175742
194563
174355
184331
174723
252959
261868
172987
205840
177071
176163
208840
174940
196364
198217
175097
167313
209972
176835
1022705
169522
308314
172653
174042
176024
176051
171930
170496
178265
201701
173717
173051
214436
197770
211059
166244
171324
166340
190266
178849
181324
197710
186321
163400
199492
211382
167567
175204
203722
174456
169093
261289
179557
167503
186407
178545
252456
201246
177324
190447
188868
218650
177142
207042
189159
180938
161124
324091
248621
187570
201647
172543
185779
169013
188852
164205
171192
301920
187658
182788
187564
177728
206063
173954
179048
185508
166706
182846
191312
184870
181080
168663
248071
163166
220442
170391
168128
243985
178699
157657
157803
165811
317752
203863
161597
218187
171439
164434
180677
179830
188823
175349
257017
167228
168474
165040
204690
194033
157977
174084
235041
202963
187363
177631
194568
163902
223439
170751
217697
181775
189178
184650
163305
174683
172220
179478
187982
185399
167441
180594
173989
216587
196078
188426
166052
179006
228932
171849
194768
193884
210785
182841
185893
186315
174220
170471
184085
200560
161896
171372
169632
155382
183298
169496
258311
171276
1021398
250345
254888
181777
200714
195322
185603
172235
173089
181269
176301
175805
173206
197206
179829
186610
189493
191347
180939
199973
163021
167299
1034294
217593
167869
331926
209827
171200
188993
181343
182501
179729
179225
204035
212999
321919
204621
176369
174620
169724
193782
170626
208885
175987
169958
192029
194170
197363
1052792
170729
168718
174762
177769
180278
172822
169092
159355
166843
184810
163686
247674
192901
168998
209478
167117
180369
175508
1051191
173885
175568
165067
221315
203918
157959
181274
169247
188218
213165
193003
175113
163655
166682
223888
178566
167627
209569
208136
167458
169521
180598
162329
219371
159452
196838
1079754
184381
158334
157435
165627
207108
174686
173383
164987
162546
182937
197827
223619
165922
170731
250747
168485
257471
183336
180139
175946
168828
187906
170254
170998
248980
188471
320623
185856
164234
170643
169829
173603
171907
218941
209518
149501
198704
225631
198135
184440
1063760
172489
163531
163652
215420
166223
156204
175641
202392
168614
187669
150660
176469
168875
170891
260572
159398
171650
173175
179897
171455
253457
168489
253924
185154
166593
176302
262456
172246
204831
171566
176298
193653
194365
165417
172761
167200
168206
164021
169926
264245
174026
187069
195150
186381
177912
173603
183675
182761
180355
165673
169929
164053
165143
191287
190318
187472
174541
215506
176594
157198
195238
159065
192361
166003
168466
176296
156355
163153
197167
253961
167460
210808
180562
173799
164027
168597
166933
192266
188631
162822
164279
187802
178430
178622
170484
166236
208802
253201
186773
261612
167470
186836
314606
160052
176774
193643
163470
261726
166865
188757
172335
165389
164032
184411
164201
212568
179801
1087385
179584
170054
172419
255201
160579
172383
208148
176992
193756
1065796
211375
183645
156211
164705
172371
192902
182175
173602
185638
167415
213377
307215
194963
173004
177058
170024
159724
172606
171827
169140
162116
176724
270885
166803
241172
309962
172478
161890
166696
184202
190807
205575
168345
163120
186793
186077
213940
179138
180892
209097
189856
170770
154409
257572
216140
184609
170369
226066
211730
198503
158283
181973
190597
166228
162462
156481
177446
199164
158397
158450
213299
195328
175057
166542
171712
159329
163963
196606
494790
208424
190177
167416
168889
176191
183708
811514
162968
192781
168208
164851
169510
247301
155917
176109
243462
185531
160017
176590
162039
167778
170541
162262
173778
174097
165248
195099
177970
155608
173835
165442
167712
175340
211459
184315
164811
325494
173848
270274
192556
172419
165330
165792
171102
224770
163288
164777
167193
166889
168707
183527
166429
258316
174367
214420
151847
170355
165016
158780
163476
225942
178525
170479
169831
167505
167088
166608
164941
174222
180525
189614
188052
178601
166156
161148
151934
178481
181446
171651
305725
191098
258759
182986
180002
217606
176411
160518
180919
212934
164085
172760
178598
205902
166292
168804
170349
190403
161570
167905
202046
158726
310473
179541
171014
156562
171381
169978
172743
185657
164526
158922
185773
179217
250809
178286
266317
166935
171047
212150
165052
174370
163788
185462
182893
151511
213804
181704
182558
212122
161573
162367
177726
178418
170361
213903
180450
289619
176103
220066
179107
168710
160394
178377
217634
163887
166392
176852
168695
205513
180952
154665
214073
160694
186004
176626
173149
180519
175930
1133506
177896
204499
166136
209416
157018
174198
1121730
1101902
160804
180852
171897
181011
164887
182514
169631
159471
160915
234260
217620
164136
169057
149769
162624
162830
160043
181593
169071
184833
197442
194780
222074
173647
166518
170265
184020
204976
166328
189380
191927
166768
187980
723046
161260
208085
188840
190016
172804
197009
167495
262394
201261
323274
168432
172781
246715
176892
203987
165060
207486
165770
169322
200145
162424
163575
160893
178729
159494
179560
163753
184813
169510
165642
260910
213512
188950
157966
303968
161382
189938
153842
163436
164532
168456
162690
173020
1129333
190218
177284
154531
216455
182425
164832
187941
156704
156271
173019
164645
159840
163596
172547
318544
171886
206268
261265
253884
264913
164053
163678
167513
155750
296942
212018
155309
156644
166425
167880
324469
158121
162310
177261
183079
206365
267589
168643
189628
160656
159130
179661
198196
163578
1141886
194690
174282
203809
157638
182130
158913
148689
168595
172418
166373
172139
168223
171069
208382
162254
219924
175949
178236
173690
224503
167203
165207
153257
181023
169335
318668
206710
176024
201240
185622
185128
174022
200588
208136
163749
176145
174571
187618
265148
217005
254699
153969
157998
158533
163591
182500
166026
173629
162612
167238
204680
166484
212012
168724
175161
216110
177113
167393
160195
163476
183372
162357
175296
211190
169748
164326
312772
169394
170192
184648
167148
173360
175373
153656
178663
1137626
172616
190344
179811
178587
166996
163739
217793
166251
260557
187206
196990
201632
189916
187380
155580
160585
162086
194500
213702
173574
159531
230251
182119
165024
159771
173659
188807
181015
191561
162972
201383
167628
157806
170315
161585
167240
177720
176018
164032
163892
174335
320095
162672
165649
175104
165794
158390
326531
184421
152084
156093
206427
163903
165951
180305
153630
210818
183466
184608
206499
152415
177469
207677
152541
172145
275688
162142
215074
195260
154625
169672
149657
164061
208954
158924
158171
195336
177385
188138
178083
169894
168350
165383
158108
163043
190504
174868
204177
164787
191273
164506
165221
159271
172937
164941
195181
322969
161807
167801
266860
159543
159362
157146
169613
198669
163320
155660
246550
170522
159702
169336
170902
161736
160550
163162
167155
160765
161391
206992
171517
187034
174548
164201
165131
328934
160785
165719
174054
159201
176990
167374
170598
162003
257033
158826
174059
163470
158984
169409
155136
160651
204724
162654
161170
167020
162548
160744
191848
162706
157929
157630
166436
158210
256681
161202
171123
211739
182540
221885
150977
146012
175428
192627
1209442
156518
212860
168832
196160
170008
169153
208571
209560
261743
172634
213249
168653
263461
214499
167863
181420
205961
214893
164849
178631
201213
184344
171964
157066
159053
174647
174614
1140610
183150
188299
215617
156614
162941
183972
166174
203540
331971
157382
171063
570764
273657
189679
267665
162803
213539
157203
164021
158137
279981
170856
172872
157914
163016
184326
156377
162454
192824
164146
161690
207243
212649
162371
160367
257140
207061
1219890
215464
219193
217702
215633
161713
198826
292223
151259
157502
157495
186785
1177153
198300
185539
259153
247463
165372
206896
196013
268906
210709
148157
155918
164405
156158
166341
172951
274987
164348
158147
215363
166635
162292
153856
189424
158683
158725
159371
168828
175373
157461
178035
165663
208253
160241
159312
213881
323441
156021
166303
171024
153759
159085
216856
163531
202953
180682
217879
220160
194277
323213
161539
161542
183437
180556
160020
187618
186185
165147
163025
165766
195718
163298
186837
163501
179192
192460
160731
182924
150560
158159
159844
164038
188328
158601
153662
168419
155961
157853
159910
154154
181611
180246
153705
163396
163776
162352
161686
179841
171834
163711
157466
245503
159423
179099
172054
179360
171517
227269
190062
315257
175979
167858
166186
156938
165082
179575
268127
178175
156280
154798
161640
187593
173816
152412
164027
191262
224039
162588
183565
255839
166058
162932
158288
166191
179531
159387
178412
181634
176061
169986
184304
174067
157688
269572
193170
279054
166988
191710
158969
168665
161198
201290
165346
170433
165148
162320
159975
277158
162718
170649
201751
549491
214055
195669
156997
169347
166324
170724
159976
176599
161390
159968
195343
153468
193875
199183
268471
177523
198173
205867
269303
164265
209157
160820
188639
194911
173780
174391
164037
167227
184259
162050
161633
217565
196555
181513
182925
165607
164242
174621
172296
195738
211643
161620
165138
201834
197644
165893
254417
1219811
157711
150527
290470
165769
154410
167583
168537
219312
170405
165082
179667
161126
192291
335789
158047
163702
165192
155785
345669
159844
156132
155983
211372
158785
158642
161811
204146
162500
161024
159986
185718
157413
205294
152830
208148
195658
157172
166970
155437
169423
204984
158466
160785
161101
167835
167420
215973
182511
156970
209814
168265
165057
160490
179283
171500
181295
158760
144777
164518
161922
168637
169697
183322
227529
214852
156163
156114
177342
164769
164952
156017
184704
222755
163757
142075
168525
158882
160029
161187
152183
173506
195878
178768
286062
166052
168162
159847
161977
174716
167399
263278
170327
206650
156849
158737
194499
163462
183173
161333
262586
161832
165000
1117562
161174
254193
169732
172060
182927
150916
176474
169627
182746
341610
183473
224371
195730
181901
203682
158446
157321
157340
336595
164387
154912
168471
171997
190707
157309
171141
161376
187904
177619
158334
159805
167394
169573
196969
1222946
171345
157260
159310
166733
155323
155230
162010
151850
152590
152187
161265
219334
155731
149144
151542
183112
162039
158989
1262750
151546
169600
1282092
162076
199172
167599
169905
156645
162977
167134
156088
163509
182156
163367
276926
161853
184915
174593
176655
164498
153590
165667
200922
165920
257496
280929
182118
179575
167699
153741
156971
161931
220649
197516
163745
172976
212344
163881
166047
163365
153179
156015
335627
163484
157632
167935
163782
161050
155605
162038
252960
173038
160225
157886
152504
170888
161691
167835
171242
164621
163631
167879
160550
159039
158707
188001
178188
278320
1248004
155152
169686
163186
278659
163478
164076
178581
153840
166639
172220
166945
177619
195217
163153
160603
179495
156322
163912
159524
163168
178052
286851
157534
163331
162291
218781
158625
249222
147247
281665
162683
154236
340439
176865
174477
155914
189225
190092
154682
157377
153042
165223
190879
247852
204231
170899
151480
218633
217089
158897
160650
169348
152658
168368
220235
184454
152949
167695
161207
167767
178258
159574
167283
162141
160251
154479
161298
172590
158876
284347
159714
160721
156924
222920
148063
208657
159102
155314
155688
149076
160990
178779
160963
271241
166249
156210
169107
214479
150446
157646
159285
213988
207687
154397
213410
153255
217096
206642
162413
196923
297333
1294999
168242
207931
159917
217608
150038
161694
149992
153755
153538
165407
157198
162189
160758
163805
183728
164769
170797
159607
177417
152071
152216
274539
162229
187286
164820
213924
149232
159009
185012
157297
343563
156746
294444
177957
154596
156870
157628
166918
150289
166955
159912
157198
162546
157235
208900
154375
214733
175992
183480
267276
331672
173082
163546
177292
157560
159595
335763
336747
159717
147951
181192
156544
147690
166433
164669
270756
164704
175953
158131
183294
170886
154203
166269
161716
160890
199811
163757
167725
212640
151913
160504
173393
161769
163225
181183
167878
180254
155860
182840
216290
152560
158181
177264
163065
171070
158796
176386
179463
168439
163522
169571
174905
165657
247408
161355
166269
161997
171889
161548
172919
176341
171763
158463
186337
176238
149144
150896
197234
154561
169542
179175
157003
168172
167094
150151
177506
176103
174361
157513
165895
180253
166267
162330
213369
170377
158418
152288
157181
160973
157977
164823
161449
166822
152192
210901
163060
175987
174942
174549
222232
165067
205995
253173
159185
154120
148560
162576
176696
152204
166477
155075
168677
155309
161744
253719
207287
278823
154572
158776
153481
332348
259260
166594
158227
1302651
270122
159776
163761
166191
158122
157149
223884
155325
332795
162653
288366
152552
179615
162221
278649
180569
217350
217928
168423
202935
154324
226566
156512
285042
167051
157506
163412
163297
161254
198114
296215
163419
166581
342023
221807
156436
161327
152369
155344
162156
153904
158441
176101
161567
150653
210280
164219
158688
181528
177998
159855
172513
171182
180131
163439
189907
181480
184948
158550
159920
150508
562320
162057
151199
162030
161065
208783
159075
147040
161244
156189
189713
250140
215019
162034
153616
162316
211800
345291
280759
151741
151276
150466
180732
157308
165086
162907
1335403
162909
346691
193338
168083
171852
159210
162149
202589
156490
1343758
1335268
1347565
150530
158503
154147
155041
157287
152660
163214
147917
192447
217386
267976
157970
170023
157515
156140
148518
150289
164906
150864
162544
155649
166926
189991
197932
165327
155328
162202
146880
161662
342164
156275
186849
162479
155373
164544
158571
161198
222617
161676
167708
154092
339730
155902
162495
173788
181398
148201
176566
218682
174957
189614
269618
159186
155898
142432
289180
201059
162269
147045
181203
191098
163991
167031
159937
159036
154672
185754
150076
162674
157635
262867
164982
160414
157075
296409
148397
159585
175737
161604
163366
179502
150005
155120
154548
173732
207238
164200
162462
157535
149736
163478
167318
158437
168049
160175
158653
151834
180581
158063
159619
160535
281662
168285
163906
153732
165567
348095
181800
156982
156991
160893
254791
175153
155064
164561
150925
159000
165228
153540
163695
164725
213227
163397
155840
156616
220143
158523
159144
157023
160780
162828
183419
155791
206774
154290
158657
168466
184010
162873
175130
265442
155446
218652
163786
160201
154295
206388
164552
214150
162602
149911
158297
166363
163909
298871
149202
157753
149870
151947
157845
175806
169743
153796
172837
145376
160972
203916
206233
293617
210914
155980
163929
280618
161444
178427
1342900
147675
151177
163627
155283
176436
214167
156535
156922
186715
158887
164421
145012
162395
148097
151339
151899
203385
144044
151650
160748
171408
151277
168921
261297
177201
157161
202520
397991
199167
160949
180186
152204
159343
159574
153528
163463
157043
159166
181198
165949
158992
145657
158601
154969
152242
168477
1354961
175361
171057
162761
163167
216483
161008
154401
147860
159361
175482
206708
216622
157821
163807
162001
152853
170733
152976
162920
150671
173324
254743
220203
164023
148843
152652
216807
160431
146217
167701
159369
181266
274900
159792
184920
152163
156501
251735
161031
164672
166501
156030
180491
213779
206417
154964
165317
158841
164692
154683
151260
222575
156546
195853
153049
147032
350124
183577
157475
152573
153052
257605
151631
174870
154602
160764
151792
165835
155641
156350
159423
166284
155068
1374751
154067
153471
155968
192715
158098
156379
156037
219410
1345763
220012
498370
153444
211315
291568
163341
163729
154889
172413
160764
167316
212786
162617
155412
154644
212197
153189
292017
183579
158644
192664
159786
157459
178238
148281
157772
177622
183500
1380834
157580
151704
150358
168150
156015
160109
162342
178447
151570
158303
147890
178264
194366
221389
168884
155492
158332
218168
158483
157939
151796
152941
214117
152192
160826
161885
150186
150809
162595
346874
152115
156360
169207
152908
162616
344064
159582
160212
152910
161119
159557
153203
153682
162797
153467
149396
148434
204303
150767
164612
153203
155877
165598
153889
169140
156111
158646
157625
158784
169571
283209
262365
159486
210694
160599
172573
294804
143957
153913
143596
160993
153300
154397
204108
151707
156194
152278
160833
159806
155540
348893
205129
219082
153674
208554
168380
169172
207442
376588
166967
1320422
173384
261653
159366
161848
163779
153151
168449
156090
153472
348479
176830
153239
1196137
156788
161459
153984
158677
169446
163828
158551
169417
152244
154627
164134
154820
171504
165345
168982
160323
155544
153465
181015
170621
156464
169819
154759
157463
168009
170228
183958
210397
145671
161067
156538
175958
154813
1404222
208847
154025
150209
157225
154169
154786
158989
159480
164842
146807
149392
156403
153596
158302
214310
150884
156607
151973
229949
158834
149826
174894
153672
161801
159029
154741
161127
168421
161528
155924
175163
169102
150163
156214
209286
152447
165186
156280
156452
150058
358946
155545
158170
175074
156849
170022
157814
152519
334676
153818
160959
176286
180279
163193
150840
152782
161359
158356
152975
154033
162389
155200
145193
155790
163601
149495
151495
226923
160799
160294
143712
210736
165477
172267
157556
220244
147388
156498
210324
253987
157161
152740
156301
150403
160409
153354
154722
154600
158249
151623
164310
157733
156263
150673
219962
145648
161056
156647
166168
145423
160894
152030
147272
152143
150681
152937
158986
159966
209883
175427
156325
157276
165536
165477
156820
179553
158892
259260
161201
213064
154704
164165
153201
162061
157388
161291
213108
161180
162059
158841
143695
310214
177712
1388155
165711
164808
144517
172277
264619
162854
154739
196044
203816
147682
156112
161833
202447
154487
158613
153838
333755
154446
160687
158852
360965
157123
155359
157677
161040
155666
205451
155859
204854
171571
158528
150723
172222
148648
359573
149881
153038
211461
148050
154272
179123
154648
150896
156567
212218
166880
153564
200114
162438
180097
158955
160294
214365
145499
162084
164169
152751
150626
151909
219773
156864
162643
154304
296721
312575
158045
161912
153198
156855
262134
169174
145277
153808
157730
161839
301149
159017
163684
166553
164264
157614
153111
158989
163956
146350
204231
163913
309557
160899
147743
225051
159562
250741
171170
151828
178853
155539
172105
272667
147227
153653
223697
161420
164721
218155
214525
207846
154229
154932
158136
155545
159326
165346
144626
165517
193292
219139
226634
161962
156458
149981
154831
155745
158182
154833
154025
149807
159151
162426
156619
216856
153000
1417800
155153
163619
153214
209916
267577
150962
172635
268322
152304
152171
153294
207319
161868
187115
174489
160440
1407461
167169
199990
363781
176628
144979
158392
161311
160777
177038
201702
158526
145796
147523
143460
146915
160015
176007
222689
166873
156247
167524
338002
153835
160806
281987
160588
146109
146246
159896
171104
211731
163457
162866
258549
179567
183435
170834
173628
298908
144948
158855
147966
157812
150708
147381
155067
158192
160247
156655
162614
357039
152886
150862
160234
155086
162567
147359
151604
143700
203635
226381
358057
140623
150340
160328
154622
160709
165727
158830
148813
151666
158984
158200
158780
159708
165928
163051
151565
159624
177492
160474
167527
275375
155835
160049
148754
155489
157635
161002
153358
221404
143461
146873
156262
155811
269421
158039
163548
157315
154975
167587
161314
224393
152790
153201
160594
166255
152658
163163
167682
160193
149690
209749
1404064
145167
154127
352798
192948
163016
205549
356365
153576
148513
157930
171033
155303
154231
165839
370750
149986
161162
157692
224712
150172
202711
160898
158399
151910
159233
157565
221908
154594
154953
164706
160559
158447
165864
217184
172288
153735
147648
160749
161643
147638
145637
154545
158853
159940
150099
149872
149013
150950
147632
197965
166260
154218
149265
306344
162426
147579
157196
167357
157746
149415
178002
154177
215454
154607
156207
264228
304464
305826
142104
227192
156245
184984
216893
163084
1432560
275971
257000
155884
153394
361292
157167
154478
149311
164084
307282
153548
174681
146389
153467
165921
151628
177480
220218
169432
152905
155315
156759
161877
157451
157931
156197
158693
146772
158134
159636
168305
163182
162072
161716
157738
222342
160604
158422
228355
206158
161423
215371
161154
171632
211684
156366
164934
207397
155802
156393
146398
156305
265661
157913
149904
151464
164519
156060
154401
172435
158303
1459415
152894
151799
153084
149516
207299
163357
156466
233291
356354
151334
237398
1442852
1458228
314581
194373
157913
159135
354777
314117
157915
156213
221721
150762
161826
161272
160598
151746
166424
155214
141384
171713
175630
145888
155876
157384
196108
154261
215612
162172
178501
159821
206176
152967
195268
169142
182294
160557
173282
166041
206222
186271
177613
161321
145915
208954
213092
162095
159040
157339
148241
158215
180295
179457
148843
450624
209564
353181
150883
151817
173241
156325
154984
211295
148576
214809
148684
152495
195272
257546
162644
156785
162205
147792
163754
154202
179852
156065
196592
163934
152882
154814
157990
217679
162440
155262
211200
231979
153590
164864
156157
218676
201847
208634
152339
154919
146947
161554
148882
146669
156443
262462
161027
198918
157040
158957
153783
146317
156206
152937
142528
154049
164509
153655
185314
254085
152412
161541
157767
160188
156122
161867
161091
155350
149241
148684
187858
165597
154217
219436
152458
316010
151563
175659
200042
167110
156095
142229
153576
160362
153746
177314
157129
146377
161196
159363
154620
148451
163566
150584
159239
155314
157371
172201
140167
163601
167572
158283
179679
148384
165429
151510
158206
224575
170238
169477
158202
156783
156303
147421
148272
166093
161406
171575
157574
153037
167751
361135
158356
226160
156539
177937
158217
201039
154605
193119
147063
153767
147008
209782
155407
162124
174667
143766
153331
152566
156132
144536
164158
311204
193788
231095
154902
153622
152360
149829
214419
154119
220572
151713
154143
151358
214308
147799
155699
152011
157421
162792
228934
158243
247857
152564
159925
162312
156999
152670
167832
151183
224234
183227
151284
167544
209396
156368
159458
180163
1486472
157917
153450
1494754
158829
157504
147136
150699
153144
146853
174017
148631
266693
161822
158894
372075
166337
164675
172880
151209
363312
149802
151951
168268
170368
148883
168933
155511
149428
160047
160158
163011
323777
170938
147294
150829
155587
164015
165276
152662
159332
150403
314493
220901
199219
154556
165742
1312044
154445
162285
207331
147913
175049
227707
156857
226144
158713
310986
160240
217082
220169
144298
148860
155506
174273
144157
152918
164131
148137
149731
150214
161616
159917
169117
241146
142581
151096
154052
159857
151241
157282
166566
196759
149269
153232
310882
231219
198497
146497
148088
182052
152288
392831
161670
145947
208160
148540
294573
162931
156427
215061
265522
148972
149341
160387
146771
156241
256855
153154
152290
158732
160725
221905
265842
153661
156173
155697
157409
154677
144779
157040
165358
154459
173249
207744
168829
164074
175156
1134953
152436
150489
158965
155801
228967
166869
155729
148300
164309
168181
145920
159439
151725
171601
155650
147160
141950
233770
160253
162156
150591
149363
146277
165381
159645
149717
149976
153213
150632
168792
159222
151719
153894
151149
144538
163112
159781
216463
194607
156112
338298
205193
164146
151525
224913
149923
164195
146883
152270
156891
154633
153618
160837
159690
160741
328097
152601
161594
149006
151377
152002
161531
155963
163725
264738
156743
161792
150089
169733
142683
158253
172011
158032
157412
194975
149518
311234
146976
147806
181641
155336
164656
206673
157674
159432
319575
151287
185220
168635
162129
149105
317717
164013
161417
172986
148567
154844
154637
170517
163154
221872
147589
152329
264515
153380
234078
152896
147655
149163
155013
157449
189921
158985
270942
150550
149561
182414
148616
146577
160378
361445
158790
158643
150757
163001
150553
162393
174224
172762
161603
149857
180788
149746
153236
143961
154549
182214
164817
164250
144705
157174
207703
175539
152720
158955
151154
156074
155796
211659
148343
234716
154823
162581
151709
152405
153900
142801
167763
167622
195084
161054
171353
145478
1557573
149671
154829
151783
143141
157695
213448
151710
161342
325792
270692
214051
163334
162360
163126
169099
211691
211489
218750
159808
154749
161414
157304
149622
205045
226498
150799
211469
150673
164966
145498
153545
194392
170525
148697
148845
148188
217003
163758
202210
161797
383059
157438
156230
170902
160835
169694
149626
157704
371683
154165
163423
145329
168303
151073
143955
149566
156367
158099
157662
161250
168267
167808
276844
156310
168778
147580
148232
156964
162842
236707
162345
155037
166673
151768
174475
150199
148240
398355
233640
165071
319664
146198
168737
301706
496025
292290
259099
151217
162615
152313
164160
153777
145696
174477
145537
150138
149434
153580
157160
158398
154674
149676
184556
165589
151915
158398
192754
159543
212678
151469
191152
154049
277589
1575251
274565
145888
148278
152014
260284
163966
145849
151631
146440
162774
153147
155577
166482
207885
328989
1104487
155392
206973
160747
163495
151861
159052
152318
158794
325190
151514
148773
194033
157529
159237
153715
166017
227020
231403
145928
154355
162037
234408
154495
160611
149963
164172
162033
155432
168804
165033
166748
214759
156310
150885
144824
149626
150835
154919
146642
211360
153598
170530
170995
150358
154229
373469
147371
150003
148629
150623
151071
157723
150731
147870
156358
154043
167225
179327
149210
153016
149672
198658
164324
211130
146919
162893
148648
150764
154074
205755
148862
151474
148673
145320
150915
159009
156083
160494
162498
175573
159251
147780
168318
153059
156722
153522
159151
146636
149075
168399
142124
145292
161807
167863
156453
158436
155179
143033
166018
149492
156644
237514
147283
151208
180209
150836
151666
326354
175083
216923
157471
150447
149362
155073
151804
233392
791536
152228
148121
154225
159848
177319
234415
156590
147513
198855
157253
147832
148970
156313
236115
477648
216417
153040
370588
156365
166395
163657
320994
151533
149560
219383
154558
162395
158661
164070
150793
379163
156537
160842
201686
199835
156195
167151
168069
332486
164304
152451
170096
157154
164845
148480
263669
228310
153742
150193
182640
178953
232471
151543
149182
170478
160781
172399
156724
156641
144326
163638
154668
168261
163012
157993
168031
171222
218180
468092
165587
144426
148870
169937
151280
268429
224475
145098
171038
183569
206372
161416
146954
201097
150221
204944
213417
165242
148030
381652
168969
152932
150896
152309
208103
365791
152107
170093
154204
153998
156336
152038
204296
153913
169813
222137
159054
151733
168489
157363
265714
151439
154953
158631
149667
206976
1375368
201535
180396
159768
150184
166004
156177
165975
148148
157520
148539
146646
215793
146655
1616380
151973
146605
156870
149786
209828
1578865
209170
151348
158095
162688
160352
203132
208942
338856
160081
203888
152632
149241
159662
153752
154657
184704
229231
195832
151342
163824
150547
155593
151267
145852
147701
332973
146897
157432
182815
147269
152908
164132
151425
170047
167718
149774
150584
151466
158029
241542
152401
204827
227998
164534
147411
153289
167048
174300
172503
233224
171445
157973
269288
165911
168188
147940
144397
148061
150544
161000
154430
169189
147977
282483
158887
145674
148248
166047
144643
230754
150834
159346
154052
150169
167560
333112
159978
150426
149274
162210
157601
162274
149449
146796
148952
152151
164797
156448
151345
162616
180036
162908
163283
172306
155625
168656
165635
178626
381874
311314
158342
156378
151038
149718
148064
165781
1640773
157589
372894
151807
163201
168552
337443
147863
158326
158166
164213
165039
163485
272984
170486
491311
312908
275901
154787
148425
162731
160299
163366
147544
150101
169909
144398
181476
146150
147981
159385
159594
162717
171619
165447
152371
161127
160348
148153
170774
156708
153801
146078
178570
150083
236912
232623
177431
144611
160875
152479
151439
146744
148796
150799
160354
231114
148038
211524
149674
148922
149317
169106
152255
164627
166768
159918
166220
239174
144554
198180
148582
153263
157509
166056
165928
153102
269297
155200
158943
190244
157119
165316
155012
147953
146704
201889
150548
151237
150942
146436
157223
169851
195142
245433
155881
1609013
199609
148308
150524
147747
147332
163207
159129
167590
170351
379568
148815
190518
152010
148495
157134
205174
149168
183242
153861
160114
150111
336733
151895
210603
179017
195173
173957
200031
147952
232207
170428
148251
164537
157771
164284
200581
149785
164854
162816
170094
166620
147395
171288
152702
170331
151356
186922
167675
151557
149716
151839
149843
172051
158030
167017
153977
162314
166228
147800
170469
178957
152208
166592
148034
150490
223450
160877
147268
188656
164871
200035
149528
207122
382647
172741
174921
149426
142972
159568
160279
166488
162931
209520
154434
157279
165972
203303
174738
148524
147071
160772
154579
163771
228371
168754
175576
210637
204807
172524
167904
347289
150303
152800
336232
167368
269466
151750
174022
180889
359567
159789
148172
153443
171899
165860
150563
251530
169088
168502
164637
147826
203774
163205
174710
152000
150772
145646
154418
451007
144960
157356
148447
159908
147775
156780
147039
168515
147718
174329
203572
209004
155837
153999
209094
153962
151141
148725
156548
148279
150751
151344
241825
150183
150624
151329
172030
150719
153259
149251
160379
159218
153859
1613435
149992
162065
154088
158816
382630
152126
332383
152445
147294
151143
152016
148748
161769
524723
152335
156083
150655
156740
146596
152326
149648
149673
148433
161138
149458
168487
160700
247998
165303
162467
239281
271933
151032
146264
152350
160266
150027
145097
158445
180975
150184
162251
155020
239746
166047
150779
160782
170759
146865
300935
157871
202517
150129
186984
154286
210689
168030
154435
154944
161420
209093
152697
213962
190524
145174
177687
147418
166352
162437
228147
149738
160592
191754
389908
149606
150842
150841
181255
383926
287211
148975
151588
149852
168653
336041
166262
148794
152399
152386
149513
151134
151186
149691
207254
153644
146363
158441
166021
205108
159977
152412
187082
166856
173198
149667
210524
147726
214360
148029
173644
149805
150164
171489
146614
151459
170301
167524
148810
241528
151840
150984
154332
167925
149104
430066
171661
149242
161844
268155
165073
168066
276382
155755
168685
159145
150394
153844
343926
174046
152914
169305
268043
1655986
203549
168138
147386
167432
176386
169865
167996
150285
340046
168394
158304
160726
150298
150578
174956
150371
153780
169162
204788
176717
174855
149910
160478
153831
163963
176308
148150
150632
168687
164639
182758
166285
163654
169847
204063
148806
153491
560320
410919
161380
161595
145650
156754
147023
153953
196490
150559
151023
154763
154174
152339
235346
174099
246496
155409
154035
149362
246111
233484
149374
147418
153394
183553
174109
165025
145685
168733
156527
168355
147629
152145
201802
150295
199460
197940
169883
152523
149095
159072
172490
155243
170491
144877
153845
200551
150892
148901
168948
147483
165194
152232
162110
169776
164905
153235
161374
597167
172586
155155
213902
384841
240024
171736
154117
170350
168120
214417
171005
203980
170855
170618
208916
171055
168737
224777
154061
155563
205355
438115
203506
205193
198111
151674
158456
166266
148316
150114
337020
212665
152476
153812
158471
350890
274461
149770
147898
171616
150234
173744
272349
161030
344264
168567
164622
205847
154440
162418
244875
179431
200155
148449
1667392
148048
171359
148322
162035
149486
160144
156166
161032
151269
170804
178444
168724
173301
180101
152096
174523
242998
150406
150390
151365
147321
148961
153957
146203
148057
149800
151707
147450
149139
175172
162504
160561
172299
146914
172357
237402
166364
228651
149193
156024
154527
152538
158871
149663
149333
242876
159874
151251
393903
152432
153070
201080
155721
199026
152674
418166
246184
162643
170576
172346
150266
173287
153010
162213
148875
152675
162178
150411
160646
155133
149301
163426
148697
142646
151176
245409
146702
164205
165842
168923
350139
149187
156222
149124
149338
279238
160096
149046
173116
162163
151825
150653
164802
150453
146047
208987
150986
170540
149045
150482
150897
149924
170753
147778
151525
172874
171825
165627
149114
176466
150731
152316
164528
155265
160958
150755
153932
153728
174268
163082
244503
222034
303881
159904
346677
164184
151435
151734
172656
150592
169968
154347
238874
148635
150384
152006
160419
148196
1694592
153622
149420
174334
150053
170956
342636
153610
150704
207359
152017
152140
161056
166361
171526
386144
147443
149520
151076
172034
148713
342856
176583
149052
172304
151016
175520
167685
152309
163609
213760
298296
210259
203623
168146
149707
170923
168936
145248
162169
170772
203642
151460
162697
148519
148055
153281
233265
671398
148334
149010
165795
153880
171517
150766
146819
158628
151732
148864
153829
147419
152937
150307
152357
162515
171980
149180
173391
151337
173487
151253
163167
171182
148696
155199
156161
149447
148072
149833
1721146
148770
161048
147219
161331
147358
151628
151194
171027
169521
277699
176363
151616
153242
148498
158508
149444
145473
154120
172268
170309
141744
171906
150061
181670
162828
152141
162201
230917
148461
205890
193123
149263
162818
179002
173026
157255
391009
160415
164203
149896
156707
161452
151029
153236
504398
156853
152507
161164
237781
157393
783258
152649
195754
171139
211813
207193
171442
161670
161980
155444
147927
174606
161675
153501
163082
151435
202005
178028
152493
151407
160569
170860
166491
149998
164621
172604
149652
162644
148750
351345
142492
173662
204482
159862
147691
153418
148493
153139
171925
218707
161495
166339
149101
152160
162956
170824
168824
161624
394647
210023
152709
201789
173858
204624
148880
156137
176548
152779
215473
154278
249562
153125
248563
151010
209022
199060
174269
153002
165870
172303
149910
150214
151546
152866
170660
157654
217120
281615
177386
153104
1736404
282437
155116
150538
348150
163756
155363
164710
151076
173549
175983
152770
356664
150139
178208
149262
160976
152962
401221
145942
151155
155320
151328
158579
155061
174934
180280
274588
149620
149595
150770
150052
151052
163644
147687
358458
1735744
177431
271100
163125
154760
174420
147707
149323
174465
399065
151335
149567
163104
149588
281413
207516
149292
149156
151200
148658
171923
152352
154805
174704
162690
155887
150637
148552
151733
151792
282473
149225
177064
150303
186279
1710359
149454
270168
149839
211196
150406
176377
1713210
214297
355159
152360
152478
151588
149173
148698
150648
161834
148950
149127
172975
175393
169339
525579
178366
154824
162328
220502
247916
191459
207951
155065
148179
151418
208433
151213
148379
174012
167531
173053
248017
207391
154724
214646
151600
390128
175351
153034
149068
166571
173544
163328
206448
164739
154044
171076
149895
276002
181420
409339
166848
199946
163305
151432
162406
164447
174680
176489
169059
151069
150076
177351
158179
150342
174265
148705
149301
152319
149379
179003
155490
150894
151333
149370
150327
174313
163576
152317
152388
154243
179144
150872
151164
158654
149627
142954
151736
361548
177688
151902
176959
151248
149813
172872
150598
250215
150340
140482
179389
165077
150324
155447
146053
248181
152508
175478
165416
163356
362510
151080
230812
174627
150045
241803
153101
152031
151749
152043
175639
156171
151517
151857
150887
148420
174268
151428
152243
149969
150700
179493
146822
154678
152529
174859
153726
150305
149142
177303
165101
353847
165005
164030
163230
148398
149839
201844
146187
153745
160050
208208
169057
179746
149213
163069
154025
149996
214718
158135
149349
171345
149862
176063
154716
174710
162730
150451
145649
149434
152298
155200
149814
150430
173241
168800
153179
150683
150847
151026
163468
176146
152322
149848
151212
156643
164994
154252
149320
280347
154705
155501
176259
151941
174144
149513
177152
176277
150721
205561
204364
167261
159171
153231
151837
151592
176108
150974
176320
152028
149283
210898
152156
149149
152849
166203
164105
163630
153762
152603
205900
166276
150456
177769
176015
209496
206107
152508
176792
163320
205118
151620
151971
153775
163063
149589
248649
394084
150056
154327
152743
154789
151486
152388
153559
151402
164597
178087
452444
173774
174433
151510
148596
153254
148922
149865
149095
149300
176074
153772
176950
155664
165520
153749
149700
166999
153483
150293
159481
181832
151189
369557
154442
174800
150560
177072
151546
154873
165439
165435
164529
153322
186526
164874
152727
176714
158926
178818
175957
166044
151981
150764
150304
150236
157487
202682
158511
206491
156698
1558440
211411
258259
151696
152039
435023
144801
165983
149739
150641
176039
177300
152301
280090
151120
153095
211354
151569
168217
259886
154961
294696
1478942
242684
165978
209847
208850
215677
277083
174537
176893
174617
174542
177962
151310
205502
165806
206019
161275
165150
147485
165210
207054
150484
195688
196634
154484
151160
153000
152803
151313
175726
158335
152543
166918
151042
149231
211643
164428
146636
166718
165735
152089
209216
147190
151235
150959
154230
149732
154324
152319
154280
152198
164671
178324
152063
208889
151847
170934
361791
153840
151371
153488
153340
176622
205731
177325
352765
155442
210640
164976
177973
158200
179467
152321
177680
154145
151577
177401
150617
156079
151464
164748
165310
160914
179027
372499
180133
279811
153107
177675
153863
150620
209521
177965
206638
369696
178365
153579
177846
150359
151813
174122
154230
153600
178467
151701
150525
154497
164777
177633
150336
177846
152148
151731
160701
181942
160245
203624
152572
144412
154573
252733
153193
151972
153084
178339
154880
152339
208610
247196
153152
150697
400189
154302
177669
154488
178333
403426
153709
253878
153002
151689
151212
154624
154116
150585
156508
150951
149479
146497
152377
153143
179926
197775
182663
155094
153222
203932
152185
153596
152726
151878
153351
150786
178691
180480
180532
252793
205115
153053
147581
146897
403811
1810387
402001
206509
210587
207415
152636
161452
152119
180162
179636
150888
203293
258124
410182
150585
251878
200611
151412
154033
151229
152803
165939
151862
151498
149028
153453
212705
163498
180219
179301
153620
153235
166053
224502
166551
152576
152027
151096
165127
165061
180092
151230
151138
395063
153209
152027
159759
235672
212100
209566
152732
179781
154254
151523
153297
153110
153870
156445
151321
244685
319455
150883
184616
152067
176958
374887
159001
342955
151955
151561
163670
182461
184253
173955
183607
180868
184438
183676
183912
153061
152150
151991
153807
169652
179834
157872
207558
152738
206921
211253
181658
151508
286705
152065
178827
152935
156219
166128
201169
179934
153223
167412
152167
155828
152627
146644
155457
152409
152493
152697
152564
152405
152089
155097
178346
176375
165831
152884
179303
152905
168831
181050
151455
152665
152064
168253
179708
178588
151725
180289
210337
180931
180907
181809
160741
592421
180795
155144
178490
167094
152472
159731
158879
152119
152030
156018
152065
153257
153758
151519
151998
155208
180754
154977
183484
819448
482901
180660
166772
154055
253716
152844
170679
152407
151969
180617
154445
152266
152976
154335
167516
168847
167228
180438
165442
180967
154792
182770
181224
168918
159264
167764
167193
184326
258583
166801
167046
183475
181106
182645
256368
210200
171037
182109
153708
152190
152560
153407
181143
145019
180439
153144
152083
181818
156318
154031
278449
277892
187990
152462
183075
213039
181337
167341
151859
359527
154236
215264
205122
210459
152406
168345
167937
203989
170094
166879
153269
169444
421053
170886
167831
184979
157645
157149
155026
155176
212359
297075
212629
152223
1827048
280912
154610
169469
255752
153253
166929
152072
181985
153137
181957
151995
153794
181660
153057
153334
181274
205033
152583
152829
153043
373794
151186
155235
156688
167708
167668
153367
182268
158695
154838
149278
156482
154194
335960
153446
153714
152639
153286
156827
153867
153452
152809
154064
152863
153146
154981
152478
182251
154305
155070
181593
154609
151861
182159
154140
182243
156832
153424
154679
154423
154528
175929
174341
167820
152874
157436
152584
153248
152833
154331
157827
153424
1869213
153322
152829
152795
167916
154237
167667
152490
153514
254972
152731
151735
153421
153340
152817
152984
154185
154978
168281
152900
255634
153978
180862
168490
153719
182628
153320
282167
168751
182483
152832
183426
167171
154556
151461
163540
183326
153473
288273
153804
154885
153451
183017
154984
153594
215144
215180
164464
183098
159169
154476
153469
214909
183268
184503
183193
154321
155107
183230
168645
154601
155662
376896
155158
156631
158884
168521
183804
153372
156387
183887
183330
156000
153348
164987
156064
148022
153504
175969
155050
154355
155023
153526
183174
210502
170262
154034
153337
154384
176500
154129
153419
157070
159573
254119
153707
154876
151233
183486
169807
617618
169922
154316
157079
183282
183180
258838
183101
147048
153309
153336
1839240
153196
153346
154502
183396
183771
183214
183712
183899
154265
146734
183710
183738
183867
185074
169038
168325
168742
168528
187069
185366
170041
364781
573405
1506873
168289
153477
183350
154967
153573
152789
183489
168863
153522
153114
169388
169091
154808
168445
207203
153355
181374
180329
207045
153429
183495
155776
153906
153363
204127
214948
153681
213992
206315
214400
162923
214497
214690
214890
168095
153105
183606
168533
168398
157511
183429
214470
183833
209082
132835
144219
174056
